543.2784423828125  475.0
342.71185302734375  226.0
245.43841552734375  229.0
375.3316345214844  333.0
314.7490539550781  220.0
542.8743896484375  411.0
543.2780151367188  508.0
543.2777099609375  505.0
543.2787475585938  530.0
428.0911865234375  422.0
543.2574462890625  584.0
543.1934204101562  593.0
543.26025390625  563.0
360.43597412109375  467.0
337.78875732421875  206.0
543.27392578125  564.0
543.2691650390625  580.0
383.88714599609375  360.0
292.2480163574219  203.0
268.20452880859375  330.0
543.2794189453125  493.0
543.2787475585938  479.0
542.9912719726562  538.0
543.2755126953125  566.0
338.51904296875  323.0
325.1488952636719  130.0
217.9400634765625  260.0
543.1926879882812  546.0
403.3983154296875  482.0
483.86383056640625  420.0
336.7925720214844  173.0
381.47210693359375  363.0
543.270263671875  527.0
366.71270751953125  191.0
360.29827880859375  211.0
543.2366943359375  549.0
542.72314453125  615.0
543.262939453125  584.0
403.4622802734375  360.0
543.26904296875  546.0
378.77374267578125  360.0
364.87420654296875  393.0
370.7466735839844  374.0
543.26806640625  551.0
292.2462463378906  194.0
543.2611694335938  565.0
542.5577392578125  670.0
543.2757568359375  500.0
243.5367431640625  257.0
543.2666625976562  541.0
543.2713623046875  568.0
399.4569091796875  498.0
481.311279296875  457.0
455.241455078125  325.0
261.7976989746094  188.0
235.87872314453125  213.0
328.1286926269531  272.0
421.9451599121094  187.0
543.2378540039062  517.0
317.8399963378906  433.0
398.29766845703125  390.0
543.275634765625  550.0
543.2514038085938  520.0
299.15771484375  324.0
388.29656982421875  410.0
314.99859619140625  302.0
543.2635498046875  526.0
543.2701416015625  494.0
543.2740478515625  624.0
381.05291748046875  267.0
543.2536010742188  550.0
304.6009521484375  259.0
39.269439697265625  313.0
543.2474365234375  566.0
543.261962890625  562.0
303.84490966796875  345.0
364.8870849609375  218.0
543.2650146484375  525.0
346.17041015625  251.0
368.2369079589844  152.0
336.987548828125  348.0
543.2727661132812  599.0
543.2703857421875  563.0
342.86236572265625  378.0
543.2659912109375  554.0
543.2703247070312  508.0
369.2802734375  333.0
315.52911376953125  359.0
359.92572021484375  386.0
543.2792358398438  470.0
323.76043701171875  377.0
542.7360229492188  519.0
543.2731323242188  618.0
260.5464172363281  207.0
369.94580078125  421.0
543.2745361328125  522.0
543.244384765625  535.0
341.5310363769531  319.0
MSE : 6043.199150654116
MAPE : 19.64992565163198
R2 Score : 0.6850540570121167
time : 598.0993291551713
