495.67486572265625  474.0
202.7984619140625  208.0
562.3135375976562  773.0
294.9173278808594  320.0
211.9156036376953  219.0
363.2849426269531  388.0
487.93212890625  520.0
528.599365234375  502.0
376.6835021972656  394.0
553.7523803710938  527.0
381.07330322265625  379.0
518.6903686523438  542.0
562.400634765625  563.0
565.6820678710938  584.0
322.312744140625  295.0
555.6845092773438  512.0
212.72528076171875  209.0
359.6922302246094  191.0
368.4418029785156  329.0
571.1707153320312  546.0
372.748046875  410.0
496.1728820800781  481.0
535.948974609375  491.0
581.3135986328125  621.0
567.84326171875  550.0
185.98194885253906  195.0
499.2683410644531  482.0
490.20611572265625  505.0
186.38963317871094  213.0
376.2436218261719  353.0
185.50515747070312  206.0
418.9731140136719  424.0
255.82212829589844  226.0
501.846923828125  539.0
488.49273681640625  475.0
253.17181396484375  278.0
406.86383056640625  388.0
486.9960021972656  532.0
488.2226867675781  467.0
582.9463500976562  624.0
580.8036499023438  582.0
334.8392639160156  324.0
354.3478088378906  233.0
378.05755615234375  384.0
548.7194213867188  603.0
411.80548095703125  363.0
389.4157409667969  344.0
404.09405517578125  493.0
328.7721252441406  330.0
334.0553894042969  267.0
189.26571655273438  243.0
269.7568054199219  278.0
563.5254516601562  551.0
545.6271362304688  528.0
587.0906372070312  579.0
222.15017700195312  228.0
484.9866638183594  478.0
559.3615112304688  561.0
379.1790466308594  360.0
561.5039672851562  494.0
387.4871826171875  406.0
552.798828125  555.0
633.5972900390625  670.0
416.2256164550781  423.0
334.4460754394531  304.0
523.0087280273438  523.0
237.47427368164062  286.0
216.44241333007812  243.0
318.9701232910156  323.0
496.0658874511719  483.0
487.1790771484375  459.0
557.9090576171875  554.0
395.2972106933594  360.0
494.21453857421875  500.0
623.5052490234375  623.0
493.4861145019531  488.0
561.1405639648438  512.0
211.59445190429688  216.0
511.1840515136719  444.0
235.76025390625  390.0
312.7252502441406  348.0
309.9272766113281  316.0
558.3048095703125  525.0
369.1059875488281  386.0
534.7282104492188  530.0
605.1430053710938  668.0
360.9006042480469  415.0
326.37841796875  333.0
562.6520385742188  618.0
214.2527618408203  220.0
531.8739013671875  545.0
649.1473999023438  763.0
565.6060791015625  626.0
595.9514770507812  603.0
MSE : 2234.0756097005287
MAPE : 8.007759967929733
R2 Score : 0.8842591889320948
time : 1780.4550307760946
