603.2652587890625  668.0
325.2740173339844  379.0
376.45806884765625  379.0
560.1079711914062  563.0
563.9974975585938  580.0
301.30914306640625  320.0
567.7919921875  589.0
572.2823486328125  552.0
363.4320068359375  374.0
198.8456268310547  390.0
239.018310546875  219.0
177.35989379882812  199.0
313.741455078125  321.0
202.88323974609375  203.0
373.9137878417969  384.0
625.971435546875  658.0
620.5780029296875  656.0
289.8939514160156  249.0
562.3922119140625  494.0
369.2047119140625  389.0
402.8507995605469  378.0
557.8240356445312  650.0
578.115234375  541.0
568.7196044921875  563.0
646.5206298828125  630.0
645.8271484375  543.0
366.00604248046875  318.0
426.5079345703125  493.0
587.8618774414062  557.0
262.4453125  233.0
514.2800903320312  539.0
223.23147583007812  213.0
528.5782470703125  539.0
528.7467041015625  508.0
357.568359375  398.0
250.20968627929688  228.0
568.5170288085938  653.0
315.03271484375  324.0
500.70184326171875  490.0
560.6651000976562  584.0
643.794189453125  615.0
385.79974365234375  385.0
394.1407165527344  363.0
514.3199462890625  522.0
528.652099609375  536.0
372.140869140625  368.0
617.3732299804688  765.0
506.23199462890625  255.0
291.35064697265625  253.0
544.6264038085938  567.0
216.12451171875  215.0
523.3595581054688  560.0
488.92315673828125  481.0
410.6861877441406  548.0
566.4861450195312  566.0
255.9875030517578  205.0
411.6537170410156  421.0
253.42530822753906  253.0
401.76885986328125  430.0
581.8812866210938  616.0
504.18487548828125  495.0
321.5696105957031  344.0
503.019775390625  474.0
376.83563232421875  360.0
575.5260620117188  563.0
646.804931640625  763.0
280.4079284667969  302.0
313.4573974609375  330.0
192.04440307617188  192.0
230.94403076171875  484.0
365.1270446777344  376.0
223.68829345703125  243.0
278.9895935058594  283.0
530.526123046875  515.0
342.9311218261719  378.0
420.69305419921875  311.0
403.2740478515625  386.0
303.65374755859375  265.0
627.6354370117188  618.0
300.98895263671875  300.0
178.60025024414062  213.0
242.68673706054688  217.0
571.4310913085938  773.0
424.60333251953125  423.0
368.32666015625  355.0
484.79833984375  512.0
647.3037109375  563.0
527.0545043945312  512.0
644.1968994140625  669.0
417.6496887207031  505.0
521.6949462890625  260.0
380.2366943359375  401.0
380.9624938964844  424.0
456.1447448730469  457.0
409.2397766113281  396.0
296.66790771484375  319.0
581.326171875  670.0
535.8510131835938  562.0
527.0264892578125  559.0
511.86383056640625  526.0
MSE : 4463.827144982542
MAPE : 9.821779749319163
R2 Score : 0.7959146070274781
time : 2074.6463564570004
