556.0966796875  493.0
583.8782348632812  569.0
278.7307434082031  315.0
553.8331298828125  508.0
564.6824951171875  606.0
554.4348754882812  536.0
590.1383056640625  494.0
338.1240539550781  350.0
293.95855712890625  424.0
242.71041870117188  302.0
321.24334716796875  345.0
586.1213989257812  616.0
368.85552978515625  368.0
350.2093811035156  273.0
178.19322204589844  192.0
241.50209045410156  259.0
390.6539001464844  406.0
557.1580200195312  535.0
506.785888671875  481.0
522.1227416992188  523.0
302.9595642089844  344.0
289.19830322265625  286.0
544.5875244140625  528.0
232.36900329589844  211.0
315.83404541015625  311.0
631.5986328125  615.0
579.613525390625  582.0
318.5474548339844  330.0
315.1557922363281  343.0
580.6497192382812  630.0
523.1859741210938  563.0
267.138427734375  310.0
481.2632141113281  626.0
363.2672424316406  416.0
611.6158447265625  643.0
583.0260620117188  621.0
345.7178039550781  255.0
544.8997192382812  495.0
530.781494140625  508.0
262.65728759765625  293.0
574.1760864257812  560.0
635.2489013671875  668.0
536.76806640625  479.0
559.5370483398438  517.0
369.34344482421875  393.0
549.4672241210938  493.0
336.2603454589844  327.0
524.2410278320312  523.0
228.4868621826172  220.0
559.3307495117188  604.0
502.927490234375  459.0
529.8885498046875  521.0
435.3233642578125  419.0
573.2825927734375  543.0
206.41079711914062  171.0
297.252197265625  265.0
210.09202575683594  219.0
364.90191650390625  373.0
521.5474243164062  478.0
253.75436401367188  269.0
202.59994506835938  217.0
347.93218994140625  392.0
580.1107177734375  584.0
588.8157348632812  604.0
508.0418395996094  473.0
445.0491943359375  363.0
385.5312805175781  191.0
634.9817504882812  654.0
342.0220947265625  373.0
231.49520874023438  206.0
242.1779022216797  319.0
549.8387451171875  526.0
400.0514221191406  360.0
534.6907348632812  529.0
335.5970153808594  344.0
349.7898254394531  389.0
315.5783386230469  359.0
332.7247009277344  330.0
238.4402313232422  283.0
546.0894165039062  557.0
286.028076171875  253.0
634.8385009765625  668.0
435.253662109375  423.0
637.4525146484375  633.0
397.5330810546875  503.0
319.53228759765625  321.0
194.9005584716797  188.0
186.5772247314453  130.0
306.1805114746094  298.0
312.8747253417969  306.0
538.8616333007812  503.0
197.65951538085938  204.0
506.8707275390625  509.0
298.4642333984375  418.0
509.8778381347656  444.0
313.0473937988281  260.0
315.9674377441406  398.0
635.2066650390625  547.0
617.9280395507812  765.0
MSE : 2589.0927564359267
MAPE : 9.95875608606332
R2 Score : 0.8718170078232638
time : 957.9367881790095
