585.87255859375  593.0
522.4256591796875  542.0
324.858154296875  314.0
377.4790344238281  319.0
641.9375  763.0
197.30007934570312  152.0
618.53564453125  557.0
329.8390808105469  279.0
651.0731811523438  582.0
496.7313537597656  495.0
528.7653198242188  512.0
503.99786376953125  508.0
560.4412841796875  533.0
635.2898559570312  615.0
480.6507873535156  494.0
529.6318969726562  529.0
348.9620361328125  363.0
514.1468505859375  520.0
230.43629455566406  218.0
566.2708129882812  607.0
349.21075439453125  329.0
210.91238403320312  190.0
288.27923583984375  430.0
248.25820922851562  348.0
221.2454071044922  223.0
408.59075927734375  433.0
512.8048706054688  521.0
598.9540405273438  569.0
600.9291381835938  578.0
548.5784301757812  773.0
218.13978576660156  293.0
527.1463012695312  525.0
295.0777282714844  255.0
283.8712463378906  270.0
565.9955444335938  581.0
462.07269287109375  457.0
526.8131713867188  523.0
228.62860107421875  240.0
616.3516235351562  494.0
512.8580322265625  530.0
569.3269653320312  603.0
234.6425323486328  211.0
389.2589416503906  384.0
597.0410766601562  569.0
513.1454467773438  519.0
597.8809204101562  512.0
581.09814453125  584.0
373.6996765136719  407.0
540.564453125  529.0
389.8269348144531  415.0
576.7717895507812  563.0
558.2086791992188  530.0
211.70497131347656  208.0
276.411376953125  301.0
329.36541748046875  368.0
581.399658203125  589.0
512.0962524414062  513.0
344.6572570800781  396.0
509.09405517578125  497.0
638.1539916992188  618.0
523.607177734375  557.0
249.55569458007812  239.0
555.0934448242188  508.0
207.06008911132812  207.0
566.8865356445312  573.0
509.48846435546875  484.0
396.4552001953125  393.0
235.86373901367188  219.0
500.2677917480469  518.0
529.8564453125  600.0
379.4543151855469  475.0
393.3005065917969  377.0
565.3567504882812  551.0
505.2059020996094  478.0
606.1251220703125  616.0
491.1396179199219  493.0
597.568603515625  484.0
490.5146789550781  537.0
358.44622802734375  386.0
489.7311706542969  483.0
527.6851196289062  517.0
203.0198516845703  203.0
651.5955810546875  547.0
340.3549499511719  330.0
552.1478271484375  562.0
393.7117614746094  387.0
574.2432861328125  562.0
301.1948547363281  278.0
219.834716796875  207.0
237.7915802001953  235.0
408.0455322265625  478.0
500.3007507324219  538.0
417.2703857421875  418.0
322.00531005859375  310.0
368.6300048828125  403.0
215.57546997070312  213.0
555.5812377929688  550.0
364.6696472167969  413.0
505.33892822265625  551.0
553.1204223632812  559.0
MSE : 2203.1962638595955
MAPE : 6.90090136083992
R2 Score : 0.8817457140445711
time : 1955.6679659020156
