219.63514709472656  213.0
471.9942932128906  457.0
646.616943359375  670.0
199.61265563964844  204.0
540.6173095703125  508.0
559.577880859375  508.0
271.6681823730469  268.0
472.1578063964844  449.0
282.7407531738281  284.0
411.3942565917969  406.0
560.8134765625  503.0
640.3973999023438  685.0
584.7220458984375  621.0
292.2066345214844  253.0
583.667236328125  551.0
649.5577392578125  638.0
553.7640380859375  773.0
327.01055908203125  330.0
196.4687042236328  192.0
584.262939453125  626.0
300.6662902832031  335.0
292.6239013671875  301.0
422.9318542480469  393.0
511.0508728027344  650.0
546.5849609375  581.0
198.44825744628906  188.0
556.0313720703125  517.0
522.6331176757812  501.0
369.4648132324219  362.0
292.1562805175781  324.0
186.04295349121094  152.0
504.7091369628906  484.0
555.3665771484375  522.0
217.71153259277344  243.0
561.11279296875  560.0
384.1195068359375  363.0
415.07452392578125  403.0
327.79327392578125  320.0
313.16851806640625  324.0
335.8162536621094  313.0
516.1318969726562  498.0
559.4667358398438  562.0
274.5030822753906  253.0
170.70628356933594  199.0
580.958984375  494.0
326.0107727050781  314.0
560.2859497070312  562.0
291.7145690917969  316.0
548.799560546875  568.0
243.8986358642578  302.0
263.2479553222656  293.0
591.3660888671875  582.0
224.8275909423828  272.0
587.4679565429688  581.0
525.2933349609375  470.0
613.0546264648438  573.0
434.6966247558594  407.0
201.3467559814453  203.0
552.3649291992188  493.0
332.5321350097656  279.0
413.2557067871094  387.0
554.8482666015625  512.0
346.5370788574219  327.0
573.9242553710938  587.0
326.5967712402344  365.0
224.4181671142578  207.0
520.1776123046875  500.0
580.9912719726562  581.0
430.3156433105469  401.0
447.6312561035156  423.0
207.81141662597656  197.0
486.69134521484375  444.0
370.8021240234375  374.0
553.6363525390625  564.0
281.4208984375  255.0
618.6124877929688  543.0
234.6472930908203  206.0
209.5003204345703  213.0
523.29052734375  520.0
560.3973388671875  523.0
510.4806823730469  500.0
517.09912109375  519.0
228.0429229736328  225.0
525.96533203125  523.0
392.1376037597656  377.0
345.6268310546875  348.0
648.5723876953125  633.0
269.9731140136719  286.0
211.12583923339844  208.0
346.7953796386719  315.0
402.4822692871094  384.0
382.6205749511719  390.0
529.3352661132812  551.0
488.5388488769531  563.0
487.6828918457031  449.0
MSE : 1586.7250243635553
MAPE : 6.50355530534535
R2 Score : 0.9231446868311117
time : 1242.5029578419926
