547.24951171875  530.0
576.6168212890625  589.0
533.333251953125  536.0
511.07879638671875  499.0
191.64634704589844  366.0
527.4652099609375  599.0
370.72857666015625  392.0
535.2386474609375  600.0
556.06396484375  577.0
192.7832794189453  221.0
307.2047119140625  313.0
373.7310791015625  363.0
513.9132080078125  493.0
191.9832305908203  195.0
341.2744140625  350.0
244.3541717529297  253.0
366.62286376953125  413.0
530.423828125  550.0
537.0238037109375  520.0
512.591796875  482.0
293.7099914550781  323.0
601.9671020507812  560.0
253.52403259277344  199.0
433.94464111328125  363.0
285.2156066894531  284.0
516.142822265625  503.0
513.1209716796875  505.0
485.792236328125  498.0
552.505126953125  568.0
536.2805786132812  541.0
511.7794494628906  521.0
523.6576538085938  457.0
599.5308227539062  678.0
339.03192138671875  256.0
210.57269287109375  195.0
556.6231689453125  544.0
521.5620727539062  486.0
391.0715637207031  377.0
332.82012939453125  344.0
380.01678466796875  379.0
174.0059356689453  199.0
554.921875  519.0
526.1715698242188  549.0
524.03515625  508.0
378.2039794921875  432.0
348.29888916015625  327.0
268.15252685546875  249.0
262.15191650390625  269.0
596.4041748046875  565.0
505.1204833984375  467.0
556.0430908203125  411.0
522.16650390625  484.0
452.7456970214844  563.0
570.4619750976562  545.0
197.69656372070312  243.0
315.4615478515625  300.0
624.15283203125  569.0
544.2733154296875  537.0
206.4185333251953  194.0
659.037841796875  765.0
577.1551513671875  606.0
402.4443359375  401.0
551.6380615234375  554.0
210.64292907714844  228.0
570.72705078125  527.0
597.2421875  621.0
542.1629028320312  538.0
204.92970275878906  213.0
323.646484375  377.0
525.7781982421875  580.0
642.37255859375  615.0
526.7455444335938  584.0
210.6686553955078  207.0
293.78662109375  241.0
363.5455322265625  409.0
434.71173095703125  415.0
494.02105712890625  519.0
286.34149169921875  331.0
611.0015258789062  658.0
537.8634643554688  545.0
558.6146850585938  555.0
441.0957336425781  423.0
566.52978515625  567.0
318.71612548828125  314.0
385.50677490234375  418.0
519.8610229492188  531.0
288.35955810546875  293.0
522.2784423828125  515.0
393.6907958984375  393.0
508.81817626953125  481.0
525.2804565429688  520.0
378.3501281738281  388.0
507.00860595703125  488.0
541.1954956054688  508.0
560.5574951171875  581.0
MSE : 1751.1133498643426
MAPE : 7.050204816072365
R2 Score : 0.9003285869785487
time : 1074.6386371480767
