514.5858764648438  538.0
315.7986145019531  321.0
514.87890625  532.0
216.0138702392578  216.0
194.4163818359375  171.0
651.777587890625  550.0
599.0148315429688  551.0
546.0936889648438  563.0
503.75592041015625  482.0
423.3833923339844  411.0
407.15948486328125  403.0
508.75494384765625  526.0
506.0452880859375  470.0
387.34954833984375  389.0
516.49462890625  490.0
214.45262145996094  223.0
340.8294677734375  387.0
202.6258544921875  220.0
566.991943359375  580.0
375.9674987792969  432.0
568.9309692382812  613.0
305.73492431640625  324.0
388.04827880859375  373.0
566.819091796875  561.0
322.07720947265625  324.0
519.5369873046875  419.0
292.9026794433594  229.0
500.1600646972656  459.0
507.4100646972656  521.0
553.340087890625  603.0
385.900390625  187.0
580.562744140625  773.0
603.7113037109375  563.0
391.4456787109375  378.0
358.962890625  243.0
379.9884033203125  359.0
583.1475830078125  559.0
527.2857055664062  650.0
508.41961669921875  600.0
507.9825439453125  508.0
231.23873901367188  253.0
389.6958923339844  398.0
442.6693115234375  459.0
508.126953125  526.0
601.2691650390625  548.0
393.4044494628906  411.0
195.5551300048828  209.0
308.29364013671875  270.0
524.2890625  530.0
500.34112548828125  543.0
607.5742797851562  603.0
581.3155517578125  557.0
608.3831176757812  623.0
422.4319763183594  420.0
543.7662353515625  539.0
348.9752197265625  315.0
543.8576049804688  535.0
569.801025390625  563.0
388.69146728515625  360.0
492.440673828125  501.0
508.7293395996094  519.0
509.21063232421875  533.0
386.72772216796875  385.0
508.81866455078125  411.0
373.74200439453125  378.0
388.5016174316406  377.0
385.53363037109375  315.0
375.1829833984375  345.0
482.40740966796875  457.0
583.4109497070312  566.0
378.8191223144531  363.0
494.5539245605469  494.0
607.7718505859375  685.0
526.6691284179688  584.0
385.3699035644531  331.0
390.6822204589844  378.0
511.9010009765625  528.0
300.04254150390625  249.0
409.8241271972656  344.0
430.7592468261719  419.0
328.40167236328125  199.0
333.66455078125  380.0
540.6793212890625  520.0
587.636474609375  575.0
499.5272521972656  522.0
555.9840698242188  562.0
498.9302062988281  467.0
591.6936645507812  593.0
591.9881591796875  552.0
383.004638671875  350.0
237.12440490722656  235.0
376.7967529296875  267.0
352.1091003417969  344.0
563.8980102539062  555.0
320.4961853027344  251.0
305.3556823730469  316.0
529.953857421875  538.0
628.4715576171875  626.0
187.15406799316406  197.0
557.3956298828125  599.0
MSE : 2513.1565496878347
MAPE : 9.039179866807867
R2 Score : 0.8569328870664442
time : 2294.0385914579965
