564.7586669921875  530.0
568.14013671875  589.0
568.2603759765625  536.0
568.2333374023438  499.0
280.5103454589844  366.0
568.2590942382812  599.0
386.52178955078125  392.0
564.962646484375  600.0
568.2880859375  577.0
200.9058837890625  221.0
293.4946594238281  313.0
389.4447326660156  363.0
415.2394714355469  493.0
243.86705017089844  195.0
358.900634765625  350.0
263.5036315917969  253.0
369.9198303222656  413.0
568.2659912109375  550.0
568.274658203125  520.0
568.257568359375  482.0
285.827880859375  323.0
567.9105834960938  560.0
321.8558044433594  199.0
393.4736633300781  363.0
250.76754760742188  284.0
568.2628173828125  503.0
568.2578125  505.0
416.7315368652344  498.0
568.269775390625  568.0
568.1993408203125  541.0
568.2301025390625  521.0
452.2564392089844  457.0
557.4964599609375  678.0
375.1046447753906  256.0
296.96990966796875  195.0
568.2059326171875  544.0
568.2374267578125  486.0
379.7828674316406  377.0
309.2064208984375  344.0
352.537109375  379.0
169.2966766357422  199.0
568.1788330078125  519.0
568.1992797851562  549.0
568.229248046875  508.0
356.0639343261719  432.0
341.7920837402344  327.0
292.23443603515625  249.0
278.3037414550781  269.0
568.2899169921875  565.0
568.2445068359375  467.0
423.79248046875  411.0
568.2457275390625  484.0
567.97998046875  563.0
467.6922302246094  545.0
256.2780456542969  243.0
329.4579772949219  300.0
568.22900390625  569.0
568.268798828125  537.0
176.55162048339844  194.0
568.3035888671875  765.0
567.8748779296875  606.0
404.7931213378906  401.0
568.218017578125  554.0
231.0849151611328  228.0
568.276123046875  527.0
568.2225341796875  621.0
568.1962280273438  538.0
200.2945098876953  213.0
394.4003601074219  377.0
567.6163330078125  580.0
567.686767578125  615.0
568.2469482421875  584.0
217.9214324951172  207.0
302.2518615722656  241.0
395.8291931152344  409.0
406.5541687011719  415.0
461.8160705566406  519.0
375.1239929199219  331.0
533.4161987304688  658.0
495.0721740722656  545.0
568.2479248046875  555.0
411.2404479980469  423.0
568.2718505859375  567.0
371.7083435058594  314.0
398.6086120605469  418.0
568.27880859375  531.0
249.2679443359375  293.0
568.2744140625  515.0
396.5948791503906  393.0
568.2821044921875  481.0
559.6146240234375  520.0
323.0224304199219  388.0
568.2413940429688  488.0
568.2435913085938  508.0
559.1460571289062  581.0
MSE : 2898.6699635526606
MAPE : 10.137993843504328
R2 Score : 0.8350109482218758
time : 963.7463714049663
