251.4563751220703  253.0
567.198486328125  568.0
577.6727294921875  569.0
302.7536926269531  324.0
606.55810546875  565.0
563.0730590820312  559.0
573.86279296875  670.0
522.2938842773438  529.0
496.5283508300781  541.0
505.86590576171875  444.0
561.1936645507812  549.0
550.2432861328125  649.0
193.07266235351562  215.0
405.7664794921875  407.0
568.6211547851562  618.0
283.4912109375  323.0
571.242431640625  590.0
250.69784545898438  330.0
559.4564819335938  546.0
389.9449768066406  411.0
569.4515991210938  523.0
562.2588500976562  584.0
422.6895751953125  419.0
300.115234375  313.0
389.9197998046875  328.0
271.638671875  257.0
598.1494750976562  538.0
415.60858154296875  493.0
292.9292907714844  347.0
259.296142578125  293.0
566.8455200195312  569.0
486.0793151855469  449.0
524.8893432617188  512.0
200.24798583984375  216.0
389.9429931640625  370.0
409.5704650878906  523.0
260.20257568359375  269.0
412.5614929199219  420.0
560.1887817382812  485.0
596.5783081054688  563.0
408.4100646972656  484.0
603.2379150390625  624.0
592.7039794921875  613.0
574.9379272460938  678.0
302.07232666015625  217.0
233.01492309570312  266.0
329.3662414550781  315.0
297.1762390136719  348.0
304.9833068847656  278.0
227.01333618164062  228.0
566.4279174804688  459.0
566.2525024414062  606.0
592.1547241210938  538.0
543.34375  669.0
552.3739624023438  515.0
293.07659912109375  349.0
505.416259765625  530.0
390.10028076171875  377.0
491.3080139160156  604.0
246.3123016357422  366.0
532.0154418945312  653.0
389.0840759277344  415.0
563.23828125  579.0
572.704345703125  616.0
546.5623168945312  528.0
601.9055786132812  545.0
550.2861328125  550.0
597.0396118164062  534.0
562.9725952148438  763.0
609.4617919921875  603.0
596.1408081054688  574.0
548.51025390625  508.0
298.9963073730469  327.0
270.5111999511719  272.0
509.671875  565.0
562.43115234375  529.0
571.3888549804688  581.0
564.5145874023438  593.0
389.6734924316406  345.0
191.9113006591797  195.0
508.1046142578125  483.0
287.4499816894531  324.0
588.3861083984375  604.0
287.2062683105469  304.0
304.7963562011719  393.0
190.26210021972656  195.0
300.7223205566406  331.0
561.460205078125  580.0
590.64892578125  470.0
509.71484375  615.0
539.8598022460938  526.0
389.4920654296875  363.0
564.83544921875  643.0
608.0294189453125  561.0
473.96112060546875  481.0
301.3289794921875  380.0
238.480712890625  304.0
503.9082946777344  401.0
301.5137634277344  272.0
267.8779296875  293.0
MSE : 3187.829197630184
MAPE : 9.352947368092538
R2 Score : 0.8274980942669538
time : 1607.9106380939484
