484.0577392578125  459.0
409.4595031738281  374.0
583.3653564453125  582.0
526.8534545898438  474.0
378.3487243652344  345.0
541.3429565429688  554.0
527.6807250976562  522.0
237.28277587890625  207.0
225.64553833007812  233.0
208.96173095703125  223.0
540.7613525390625  529.0
544.0267333984375  526.0
576.7625122070312  621.0
524.9005737304688  483.0
592.1954956054688  616.0
303.7896423339844  218.0
400.2171936035156  388.0
446.44134521484375  422.0
388.7504577636719  425.0
220.82801818847656  207.0
321.1255187988281  195.0
204.9142608642578  203.0
568.6969604492188  562.0
327.9076843261719  281.0
215.58436584472656  217.0
516.1907958984375  488.0
398.68902587890625  396.0
516.4359130859375  502.0
626.4325561523438  613.0
280.58929443359375  259.0
614.7146606445312  589.0
560.406982421875  531.0
496.5696105957031  440.0
585.6278686523438  584.0
365.2369689941406  327.0
487.768798828125  500.0
640.407470703125  583.0
359.6596984863281  388.0
534.675537109375  520.0
351.4632263183594  398.0
215.17645263671875  208.0
528.368896484375  478.0
414.5752868652344  363.0
532.3541259765625  508.0
406.0997619628906  416.0
397.1770935058594  386.0
529.3241577148438  508.0
605.9619750976562  606.0
415.7743225097656  385.0
519.2339477539062  600.0
470.6177062988281  423.0
615.3170776367188  580.0
385.82122802734375  325.0
282.5137023925781  229.0
381.0343322753906  337.0
589.2487182617188  574.0
627.8300170898438  533.0
347.5430603027344  298.0
567.2355346679688  587.0
638.0082397460938  649.0
351.290283203125  295.0
310.2426452636719  324.0
352.09326171875  403.0
198.8900909423828  196.0
542.22607421875  618.0
347.4760437011719  199.0
450.74652099609375  360.0
545.94921875  599.0
562.81640625  569.0
419.130615234375  410.0
517.2064208984375  501.0
467.8106994628906  520.0
302.0800476074219  315.0
330.79937744140625  335.0
320.4425048828125  278.0
482.0730285644531  482.0
411.6424865722656  373.0
546.1153564453125  517.0
584.698974609375  557.0
284.18304443359375  255.0
301.9424133300781  358.0
358.3127136230469  324.0
271.8323059082031  319.0
374.2204284667969  363.0
196.12881469726562  215.0
322.4092102050781  320.0
369.0722961425781  413.0
640.0286865234375  658.0
605.1793823242188  565.0
538.1607666015625  479.0
370.7332458496094  380.0
558.3147583007812  493.0
247.43934631347656  213.0
604.9238891601562  562.0
518.92333984375  538.0
638.4475708007812  654.0
198.37518310546875  203.0
429.2804870605469  392.0
MSE : 1734.5441007106303
MAPE : 8.932368368860656
R2 Score : 0.9046390221322695
time : 1417.0999212040006
