577.8934326171875  668.0
317.30999755859375  379.0
358.1739807128906  379.0
531.755615234375  563.0
568.8032836914062  580.0
314.62066650390625  320.0
653.4020385742188  589.0
585.5617065429688  552.0
362.3180847167969  374.0
216.74313354492188  390.0
236.6498565673828  219.0
177.49322509765625  199.0
333.41607666015625  321.0
220.74485778808594  203.0
371.7856750488281  384.0
591.7549438476562  658.0
635.1424560546875  656.0
278.6069030761719  249.0
512.9241333007812  494.0
381.70062255859375  389.0
373.5901184082031  378.0
541.17822265625  650.0
559.0093994140625  541.0
577.2962036132812  563.0
623.1390991210938  630.0
617.1995849609375  543.0
360.5595397949219  318.0
434.92181396484375  493.0
576.8345336914062  557.0
228.9740753173828  233.0
510.4537353515625  539.0
216.15951538085938  213.0
525.4117431640625  539.0
501.51702880859375  508.0
342.60888671875  398.0
237.72621154785156  228.0
572.837646484375  653.0
315.7117919921875  324.0
502.5583190917969  490.0
587.3689575195312  584.0
611.8692016601562  615.0
384.6497802734375  385.0
374.4724426269531  363.0
483.583740234375  522.0
517.5296630859375  536.0
367.89947509765625  368.0
596.8576049804688  765.0
498.6896057128906  255.0
279.0596618652344  253.0
537.14892578125  567.0
209.36856079101562  215.0
520.52587890625  560.0
495.6164245605469  481.0
410.7518005371094  548.0
554.0781860351562  566.0
216.502197265625  205.0
421.53656005859375  421.0
235.73904418945312  253.0
236.929443359375  430.0
542.9857788085938  616.0
493.6048278808594  495.0
348.6135559082031  344.0
489.7086486816406  474.0
390.5831604003906  360.0
573.505859375  563.0
674.2003784179688  763.0
263.2388916015625  302.0
336.4996032714844  330.0
222.4391632080078  192.0
465.04156494140625  484.0
358.1647644042969  376.0
214.84716796875  243.0
271.9872131347656  283.0
520.1246948242188  515.0
366.8089904785156  378.0
344.1051330566406  311.0
380.4807434082031  386.0
356.6618347167969  265.0
598.9479370117188  618.0
274.7114562988281  300.0
223.4017791748047  213.0
225.14503479003906  217.0
669.1635131835938  773.0
434.3572082519531  423.0
339.18243408203125  355.0
490.13134765625  512.0
678.2595825195312  563.0
520.1807250976562  512.0
618.5206298828125  669.0
429.46478271484375  505.0
477.8908386230469  260.0
405.1285095214844  401.0
392.8769836425781  424.0
469.6006774902344  457.0
410.60186767578125  396.0
340.1341552734375  319.0
589.9923706054688  670.0
546.058349609375  562.0
512.1831665039062  559.0
515.3532104492188  526.0
MSE : 3614.4872714298103
MAPE : 8.9941796598042
R2 Score : 0.8347462768550334
time : 1546.5212525520183
