212.79969787597656  192.0
467.592529296875  668.0
520.088623046875  600.0
537.2620239257812  523.0
571.5862426757812  515.0
244.73182678222656  219.0
469.6929626464844  520.0
521.8676147460938  538.0
334.5513000488281  330.0
346.2579650878906  420.0
552.7728271484375  574.0
499.0640563964844  599.0
503.60223388671875  470.0
496.0950622558594  545.0
515.1378173828125  478.0
483.47198486328125  493.0
330.73779296875  378.0
506.75360107421875  521.0
489.4627990722656  519.0
490.3053894042969  623.0
570.3583374023438  579.0
491.0960388183594  419.0
574.4671020507812  562.0
340.368896484375  279.0
575.6661987304688  527.0
348.2245178222656  360.0
335.49310302734375  315.0
292.3479919433594  329.0
295.40570068359375  302.0
476.0301208496094  560.0
504.155517578125  482.0
353.0434265136719  295.0
507.06292724609375  478.0
327.50531005859375  239.0
540.635986328125  552.0
497.9724426269531  581.0
236.56182861328125  204.0
501.31610107421875  548.0
499.5472412109375  499.0
502.4433288574219  513.0
611.77783203125  685.0
393.0751647949219  475.0
329.4214172363281  348.0
343.94134521484375  344.0
505.7521667480469  493.0
511.251220703125  518.0
546.5863037109375  551.0
568.577880859375  537.0
306.9617614746094  433.0
343.1138000488281  433.0
308.9488830566406  324.0
339.5367431640625  226.0
517.9560546875  530.0
349.8215026855469  362.0
235.5692596435547  203.0
571.471435546875  539.0
542.380126953125  557.0
318.5397644042969  281.0
342.9801330566406  345.0
533.7074584960938  526.0
390.9544982910156  411.0
335.2385559082031  390.0
293.4517822265625  205.0
570.66162109375  577.0
313.00244140625  337.0
264.80181884765625  358.0
277.9034118652344  272.0
532.3076782226562  559.0
293.9577941894531  228.0
198.06874084472656  215.0
499.6132507324219  484.0
332.4324951171875  373.0
219.53514099121094  216.0
524.1690673828125  593.0
584.788818359375  563.0
517.745849609375  685.0
516.332763671875  523.0
590.9049682617188  566.0
502.6069641113281  546.0
367.75555419921875  363.0
309.3829040527344  318.0
509.1901550292969  415.0
228.35894775390625  173.0
570.1024780273438  517.0
575.9331665039062  580.0
344.9143981933594  359.0
497.2076721191406  520.0
515.2626953125  522.0
323.185302734375  333.0
318.341796875  348.0
611.9317016601562  658.0
358.6853332519531  467.0
498.375732421875  509.0
342.25927734375  330.0
339.28460693359375  421.0
289.283203125  233.0
498.3666687011719  673.0
223.31956481933594  203.0
356.4288024902344  363.0
207.42713928222656  130.0
MSE : 3350.0182212204836
MAPE : 10.71608285794586
R2 Score : 0.8190063410745422
time : 994.4604333570023
