381.53350830078125  482.0
434.3431701660156  419.0
326.20635986328125  345.0
442.1794738769531  547.0
368.0563659667969  387.0
566.0370483398438  566.0
559.8128051757812  563.0
607.2415161132812  668.0
433.3927917480469  388.0
285.9739990234375  304.0
369.22943115234375  410.0
344.68572998046875  260.0
378.21044921875  411.0
538.0767211914062  495.0
299.0232238769531  376.0
307.3402404785156  253.0
564.7236938476562  549.0
561.7881469726562  538.0
332.47698974609375  433.0
556.3174438476562  522.0
228.0663604736328  171.0
564.6801147460938  531.0
165.32508850097656  331.0
600.0009765625  604.0
290.66790771484375  266.0
583.0354614257812  567.0
443.10498046875  423.0
540.4559326171875  493.0
467.815673828125  523.0
295.3106994628906  363.0
270.57635498046875  323.0
191.9552459716797  390.0
321.9278564453125  315.0
547.984375  536.0
510.7329406738281  505.0
313.9870300292969  392.0
547.4000244140625  673.0
542.6285400390625  658.0
546.1318359375  577.0
313.8316345214844  393.0
416.47698974609375  401.0
554.3755493164062  537.0
353.9410705566406  348.0
504.26556396484375  482.0
535.00341796875  535.0
527.29345703125  581.0
551.882568359375  550.0
565.6227416992188  587.0
624.0175170898438  513.0
588.2117919921875  562.0
515.0731811523438  573.0
401.4894104003906  359.0
633.153076171875  541.0
518.7279052734375  478.0
534.9609985351562  521.0
386.43768310546875  363.0
298.1783752441406  253.0
596.8114624023438  517.0
357.6374816894531  335.0
397.7723388671875  384.0
598.396240234375  643.0
261.7906494140625  293.0
592.8076782226562  566.0
545.80810546875  551.0
302.6211242675781  278.0
566.0208740234375  512.0
355.9314880371094  401.0
382.12103271484375  278.0
374.3124084472656  218.0
561.4425659179688  562.0
527.2782592773438  494.0
304.1844482421875  197.0
546.3421630859375  529.0
558.8812866210938  557.0
513.7925415039062  474.0
511.7931823730469  488.0
338.1542663574219  293.0
405.01165771484375  402.0
469.18505859375  618.0
629.7349243164062  569.0
200.9190673828125  194.0
274.6327819824219  590.0
373.97259521484375  389.0
504.01287841796875  459.0
240.34103393554688  223.0
538.9111938476562  541.0
356.40057373046875  360.0
516.3826904296875  499.0
410.11236572265625  420.0
526.1541748046875  520.0
264.5584716796875  293.0
266.3388977050781  348.0
269.835693359375  560.0
355.2080078125  425.0
579.1336669921875  554.0
267.94207763671875  188.0
390.2507629394531  377.0
350.99810791015625  378.0
336.4073181152344  355.0
358.5101623535156  268.0
MSE : 5340.366850667426
MAPE : 12.501653485017403
R2 Score : 0.6419937255687609
time : 1446.9651474209968
