500.14459228515625  411.0
459.5467224121094  419.0
530.5380859375  500.0
482.25653076171875  529.0
204.30992126464844  204.0
605.767578125  493.0
519.70458984375  552.0
482.48333740234375  501.0
275.7388916015625  393.0
358.11444091796875  359.0
618.6968383789062  535.0
599.6856689453125  656.0
349.4810791015625  330.0
480.7885437011719  467.0
511.69647216796875  522.0
598.4202880859375  563.0
485.0005798339844  525.0
460.32171630859375  411.0
331.3099365234375  387.0
490.7004089355469  500.0
244.17042541503906  229.0
377.2871398925781  384.0
556.9998168945312  494.0
616.99267578125  589.0
573.037353515625  773.0
258.6631164550781  415.0
220.5756072998047  348.0
460.14239501953125  393.0
348.67242431640625  321.0
300.57513427734375  380.0
315.0865783691406  333.0
351.1983337402344  360.0
624.9256591796875  562.0
259.9033508300781  379.0
386.2002868652344  378.0
365.46942138671875  360.0
460.2620544433594  403.0
211.0226593017578  335.0
284.77734375  308.0
531.5836181640625  478.0
496.82647705078125  521.0
222.93211364746094  410.0
332.2702331542969  324.0
340.79864501953125  329.0
617.0933837890625  626.0
621.8142700195312  584.0
488.95404052734375  520.0
211.0708465576172  324.0
305.5916748046875  298.0
267.8265380859375  239.0
534.90673828125  618.0
619.4537963867188  562.0
526.3602294921875  638.0
488.4991760253906  538.0
255.83811950683594  251.0
526.8645629882812  523.0
557.98779296875  520.0
210.58816528320312  228.0
618.7033081054688  557.0
617.6605224609375  649.0
404.29937744140625  392.0
376.5916748046875  360.0
618.8672485351562  520.0
485.69049072265625  475.0
487.9535217285156  546.0
413.43743896484375  411.0
508.4390563964844  539.0
481.51324462890625  518.0
546.8555297851562  401.0
373.2420959472656  416.0
618.1646728515625  580.0
600.7017822265625  580.0
347.5987854003906  315.0
224.364990234375  348.0
360.9263000488281  355.0
452.8216857910156  406.0
600.2670288085938  673.0
600.5016479492188  606.0
207.75035095214844  217.0
544.8416137695312  565.0
527.6527709960938  565.0
486.885498046875  561.0
505.3331298828125  554.0
481.85772705078125  520.0
535.9485473632812  542.0
371.82232666015625  402.0
530.87939453125  482.0
567.9482421875  563.0
262.4610290527344  228.0
315.2630920410156  313.0
243.95703125  207.0
349.623291015625  265.0
408.552001953125  422.0
566.0171508789062  545.0
403.2759704589844  344.0
622.9382934570312  579.0
271.8653564453125  319.0
570.9113159179688  551.0
589.1239624023438  568.0
553.3432006835938  536.0
MSE : 3800.1042620391304
MAPE : 10.533350213842715
R2 Score : 0.7430802603805298
time : 1403.0896381610073
