347.71563720703125  344.0
544.2721557617188  503.0
555.8255004882812  600.0
551.3461303710938  554.0
552.3624877929688  525.0
563.8156127929688  560.0
550.3389282226562  493.0
436.7195739746094  498.0
532.798095703125  520.0
568.1865844726562  668.0
408.4653015136719  353.0
502.85662841796875  482.0
386.2720031738281  377.0
364.6129150390625  314.0
198.09439086914062  203.0
297.88677978515625  433.0
528.7559814453125  532.0
474.2821350097656  440.0
482.6715393066406  573.0
539.7908325195312  527.0
139.83209228515625  130.0
247.56333923339844  319.0
491.5783996582031  500.0
627.4425659179688  773.0
565.978515625  549.0
539.2785034179688  543.0
343.44256591796875  324.0
364.0180969238281  424.0
534.3115234375  499.0
368.17901611328125  319.0
420.1615905761719  422.0
566.3679809570312  569.0
508.7721862792969  508.0
457.0835876464844  388.0
571.4605102539062  560.0
478.0423889160156  475.0
512.6854248046875  449.0
374.0746765136719  413.0
234.93313598632812  221.0
491.9797668457031  513.0
565.2446899414062  563.0
603.064453125  668.0
524.8338012695312  549.0
525.3236083984375  508.0
144.25376892089844  286.0
652.7713623046875  603.0
203.0169677734375  226.0
495.78790283203125  486.0
349.09375  330.0
487.49371337890625  472.0
375.2295837402344  362.0
580.5497436523438  638.0
428.07391357421875  406.0
527.3478393554688  673.0
151.864501953125  199.0
200.23568725585938  197.0
549.6992797851562  551.0
557.94482421875  541.0
535.7020874023438  529.0
537.4931640625  473.0
558.6541748046875  549.0
693.6445922851562  615.0
416.437744140625  384.0
330.3873596191406  331.0
494.19305419921875  484.0
577.7166748046875  564.0
390.0584411621094  387.0
534.4507446289062  521.0
278.485107421875  310.0
508.873779296875  530.0
537.2451171875  493.0
335.84564208984375  330.0
275.9056396484375  239.0
392.623291015625  370.0
550.3807373046875  590.0
528.8667602539062  685.0
169.84275817871094  194.0
325.5039367675781  365.0
272.81903076171875  251.0
554.460693359375  623.0
554.6478881835938  545.0
515.6753540039062  495.0
306.3350524902344  330.0
499.2787780761719  401.0
467.8797607421875  503.0
361.4875183105469  388.0
196.1634979248047  190.0
396.9154052734375  328.0
497.903076171875  481.0
202.7050018310547  171.0
214.13461303710938  373.0
232.38482666015625  205.0
213.30880737304688  243.0
418.1973876953125  363.0
396.7552795410156  393.0
548.229736328125  557.0
349.8441162109375  315.0
727.706787109375  653.0
487.58758544921875  503.0
MSE : 2667.3851918020787
MAPE : 8.638493619762787
R2 Score : 0.8556823270095939
time : 1003.5684564730618
