270.2345886230469  270.0
275.63623046875  378.0
541.2356567382812  541.0
562.7676391601562  565.0
531.1403198242188  484.0
559.7359619140625  669.0
470.8346862792969  411.0
405.34161376953125  329.0
576.7330932617188  559.0
533.9929809570312  474.0
411.1442565917969  401.0
557.480712890625  621.0
285.5331726074219  363.0
399.8592834472656  353.0
506.349365234375  533.0
589.5963745117188  589.0
452.74493408203125  505.0
234.4121551513672  233.0
228.0059051513672  194.0
213.5886993408203  337.0
365.7065124511719  363.0
601.3677978515625  494.0
560.9513549804688  649.0
597.9581909179688  517.0
552.1309204101562  508.0
582.8798217773438  538.0
601.0018920898438  603.0
534.5528564453125  490.0
598.324462890625  565.0
269.1971435546875  283.0
553.1961059570312  522.0
397.38836669921875  328.0
558.2400512695312  569.0
433.208740234375  493.0
590.7523803710938  539.0
553.4700317382812  536.0
563.2214965820312  643.0
421.5571594238281  373.0
579.7738037109375  527.0
498.90118408203125  528.0
558.091064453125  539.0
463.8412170410156  520.0
559.4525146484375  568.0
520.4456787109375  550.0
243.68165588378906  173.0
552.75439453125  607.0
544.8936157226562  552.0
411.5415954589844  387.0
504.6852722167969  593.0
545.4183959960938  606.0
580.1325073242188  567.0
248.37640380859375  229.0
424.9356689453125  360.0
388.746826171875  386.0
314.416259765625  345.0
600.7119750976562  519.0
601.5178833007812  685.0
322.2043762207031  343.0
584.5885009765625  493.0
415.9277648925781  409.0
537.8902587890625  522.0
596.1641235351562  561.0
578.4984741210938  549.0
238.6361083984375  225.0
575.9856567382812  549.0
504.5931396484375  523.0
259.42352294921875  228.0
530.7776489257812  668.0
529.6289672851562  563.0
516.7225952148438  449.0
534.902099609375  481.0
504.2727966308594  520.0
281.94793701171875  319.0
455.1873779296875  493.0
551.9510498046875  536.0
227.7997283935547  272.0
413.7881774902344  390.0
533.8976440429688  523.0
532.5620727539062  500.0
538.2708740234375  535.0
363.6588134765625  433.0
301.7621154785156  467.0
314.3028259277344  433.0
484.856689453125  458.0
508.9735107421875  538.0
537.4617919921875  478.0
251.63409423828125  316.0
414.6441955566406  417.0
294.92950439453125  378.0
574.528564453125  562.0
601.2985229492188  573.0
271.61553955078125  331.0
568.6056518554688  550.0
390.6199645996094  374.0
601.6421508789062  569.0
387.8221130371094  378.0
MSE : 3004.7476277898168
MAPE : 9.835278565350334
R2 Score : 0.7779014011439642
time : 649.2671088289935
