559.724365234375  548.0
562.6722412109375  569.0
493.9899597167969  488.0
420.4130859375  419.0
509.0213317871094  513.0
538.0751342773438  577.0
182.19032287597656  130.0
488.9295654296875  486.0
409.43878173828125  411.0
415.4235534667969  478.0
550.8502807617188  560.0
278.4395751953125  270.0
320.9855651855469  331.0
309.7926940917969  316.0
562.491455078125  538.0
308.869140625  345.0
512.0059814453125  260.0
236.8125762939453  268.0
481.8318176269531  459.0
550.777587890625  559.0
333.7929382324219  269.0
535.4951782226562  552.0
482.26275634765625  482.0
361.42193603515625  389.0
186.28395080566406  173.0
378.2010498046875  394.0
308.15545654296875  425.0
212.1595916748047  293.0
471.7960510253906  255.0
545.7840576171875  478.0
639.9757690429688  763.0
516.6316528320312  615.0
226.69161987304688  220.0
189.0010986328125  194.0
548.5997924804688  534.0
504.20635986328125  523.0
301.88604736328125  373.0
280.63427734375  323.0
174.1553955078125  213.0
294.5940246582031  266.0
545.0245971679688  577.0
541.6650390625  520.0
609.2221069335938  583.0
611.8994750976562  578.0
681.2820434570312  658.0
377.1386413574219  416.0
594.4293212890625  606.0
540.471435546875  541.0
506.11822509765625  458.0
190.1390380859375  390.0
660.6704711914062  493.0
545.6685791015625  549.0
561.5709228515625  584.0
674.389892578125  563.0
598.69921875  604.0
565.9706420898438  581.0
221.10533142089844  223.0
428.3466491699219  388.0
335.8138427734375  272.0
576.72998046875  538.0
403.8150634765625  363.0
532.1989135742188  568.0
670.5281982421875  658.0
444.64892578125  419.0
585.4356079101562  765.0
345.71099853515625  410.0
359.9566345214844  418.0
382.8028564453125  360.0
244.49461364746094  253.0
648.7894287109375  600.0
324.7787170410156  335.0
593.4463500976562  574.0
186.5971221923828  190.0
552.891845703125  590.0
368.1551818847656  333.0
362.1880798339844  333.0
389.02490234375  392.0
504.7431640625  527.0
456.55804443359375  580.0
504.1891174316406  533.0
609.57275390625  685.0
560.1076049804688  603.0
612.0240478515625  562.0
665.3013305664062  493.0
339.42230224609375  397.0
311.5775146484375  330.0
308.34521484375  321.0
241.729248046875  213.0
485.01263427734375  478.0
182.1203155517578  192.0
354.3485107421875  388.0
630.732421875  587.0
639.5345458984375  569.0
548.624267578125  493.0
574.1890869140625  539.0
549.4560546875  672.0
359.1730651855469  347.0
391.4729919433594  373.0
376.1282958984375  378.0
506.84454345703125  503.0
MSE : 4233.935751779908
MAPE : 10.544315997608553
R2 Score : 0.786786491466362
time : 4316.029835107009
