568.0748901367188  539.0
279.1921691894531  251.0
564.036865234375  584.0
550.1455688476562  484.0
555.188720703125  580.0
310.2291259765625  333.0
337.0631408691406  345.0
397.2074279785156  444.0
660.2238159179688  685.0
380.6422424316406  378.0
180.3743438720703  203.0
293.7425842285156  324.0
558.4820556640625  546.0
508.5761413574219  531.0
308.1938171386719  378.0
580.110595703125  593.0
206.17201232910156  218.0
304.40057373046875  390.0
487.7441101074219  520.0
487.9184875488281  538.0
284.6788330078125  316.0
222.1135711669922  253.0
220.0273895263672  219.0
514.690673828125  501.0
285.9096374511719  330.0
393.39520263671875  385.0
202.42889404296875  221.0
291.9083251953125  315.0
576.7213745117188  603.0
495.4165344238281  495.0
329.23553466796875  331.0
474.96734619140625  523.0
508.4066467285156  520.0
473.4150085449219  519.0
276.623046875  283.0
571.07958984375  533.0
425.9254150390625  459.0
403.273681640625  368.0
510.45703125  526.0
537.0267944335938  581.0
203.85597229003906  241.0
599.0034790039062  621.0
413.8292236328125  493.0
303.0157165527344  330.0
563.6534423828125  584.0
389.6266174316406  418.0
304.5134582519531  327.0
557.1985473632812  478.0
562.8982543945312  545.0
591.1668701171875  773.0
568.3613891601562  575.0
576.9124145507812  583.0
598.3671264648438  673.0
390.73968505859375  374.0
512.3413696289062  508.0
687.2003784179688  763.0
564.7635498046875  519.0
348.1803283691406  337.0
549.9629516601562  555.0
473.2652893066406  423.0
170.60816955566406  273.0
557.4595336914062  538.0
403.03631591796875  410.0
526.8307495117188  531.0
180.4947052001953  173.0
394.3394470214844  394.0
389.2847900390625  344.0
554.5048828125  512.0
368.9873046875  409.0
553.8839111328125  568.0
207.90821838378906  240.0
585.5914306640625  589.0
436.94921875  503.0
578.0269165039062  580.0
615.376708984375  613.0
296.8792724609375  349.0
599.8299560546875  563.0
387.9023132324219  498.0
555.43798828125  538.0
505.64349365234375  522.0
388.5237731933594  403.0
283.9888916015625  315.0
386.7253112792969  260.0
210.45652770996094  220.0
276.49530029296875  310.0
512.1264038085938  508.0
396.5301818847656  403.0
536.939697265625  523.0
272.7809753417969  266.0
559.2698974609375  559.0
207.7104034423828  253.0
584.7418212890625  513.0
332.2996520996094  359.0
504.7723083496094  467.0
393.43304443359375  363.0
585.56884765625  569.0
514.2813110351562  600.0
587.870849609375  503.0
406.6229553222656  418.0
572.416748046875  563.0
MSE : 1943.7648746069474
MAPE : 7.669701152909296
R2 Score : 0.8881683725589876
time : 3280.347520520998
