469.4656982421875  459.0
346.596435546875  374.0
583.7416381835938  582.0
504.2900390625  474.0
369.1729431152344  345.0
552.6806030273438  554.0
511.6303405761719  522.0
237.44679260253906  207.0
222.5992889404297  233.0
213.22222900390625  223.0
520.54638671875  529.0
521.8243408203125  526.0
629.3186645507812  621.0
499.7718505859375  483.0
640.05517578125  616.0
247.30361938476562  218.0
418.1403503417969  388.0
429.0000305175781  422.0
321.4900207519531  425.0
236.97088623046875  207.0
314.9700012207031  195.0
197.93222045898438  203.0
562.43310546875  562.0
328.2113342285156  281.0
228.0389404296875  217.0
485.80511474609375  488.0
389.4388122558594  396.0
489.7816467285156  502.0
586.5785522460938  613.0
290.89715576171875  259.0
583.1131591796875  589.0
552.1721801757812  531.0
509.3232421875  440.0
566.83642578125  584.0
359.94775390625  327.0
477.1644592285156  500.0
609.3978271484375  583.0
413.986572265625  388.0
499.4768981933594  520.0
361.5704040527344  398.0
234.9093780517578  208.0
490.0306396484375  478.0
397.3731689453125  363.0
518.1253051757812  508.0
357.9767761230469  416.0
372.49981689453125  386.0
510.0625305175781  508.0
649.5144653320312  606.0
369.9180908203125  385.0
567.0220947265625  600.0
379.3284912109375  423.0
597.1008911132812  580.0
370.3987731933594  325.0
269.5467834472656  229.0
371.6957092285156  337.0
621.1724243164062  574.0
590.365966796875  533.0
336.431884765625  298.0
603.2274169921875  587.0
714.2777709960938  649.0
333.89178466796875  295.0
335.51702880859375  324.0
384.74005126953125  403.0
195.8258819580078  196.0
522.63818359375  618.0
341.12506103515625  199.0
392.306640625  360.0
481.7027587890625  599.0
540.3837280273438  569.0
396.0802307128906  410.0
487.747802734375  501.0
461.4504699707031  520.0
323.3771667480469  315.0
350.5650329589844  335.0
284.9409484863281  278.0
478.69744873046875  482.0
380.4529113769531  373.0
492.07281494140625  517.0
573.9120483398438  557.0
306.71661376953125  255.0
296.3597106933594  358.0
372.4130859375  324.0
304.88079833984375  319.0
381.5320739746094  363.0
219.4882354736328  215.0
294.1826477050781  320.0
357.9967956542969  413.0
670.1228637695312  658.0
583.15576171875  565.0
498.023681640625  479.0
389.9696960449219  380.0
513.4422607421875  493.0
254.1812286376953  213.0
579.5343017578125  562.0
401.41510009765625  538.0
654.90087890625  654.0
204.76092529296875  203.0
408.6562194824219  392.0
MSE : 1652.853156510308
MAPE : 8.028358840792597
R2 Score : 0.9091301897645537
time : 1136.6451136319993
