405.5065612792969  410.0
534.2747802734375  520.0
555.4439086914062  568.0
476.8904724121094  507.0
524.4785766601562  536.0
385.422607421875  378.0
303.78509521484375  318.0
569.2533569335938  520.0
579.404296875  556.0
360.0999450683594  377.0
582.2758178710938  563.0
544.2362670898438  668.0
365.2008972167969  314.0
358.7222900390625  413.0
311.6067810058594  187.0
366.4862976074219  363.0
469.9686584472656  472.0
196.64346313476562  215.0
540.8858032226562  529.0
585.7225952148438  541.0
560.5796508789062  560.0
249.1058349609375  240.0
526.0537109375  457.0
582.1376953125  590.0
588.0421142578125  503.0
427.03460693359375  311.0
544.86376953125  390.0
301.1178283691406  284.0
530.5643310546875  650.0
541.767333984375  500.0
414.1759948730469  392.0
535.6956176757812  482.0
609.1329956054688  621.0
315.0339050292969  390.0
599.5242919921875  563.0
320.36785888671875  233.0
430.51190185546875  419.0
568.9498291015625  656.0
344.0650329589844  330.0
300.7417907714844  330.0
512.8504638671875  551.0
564.3928833007812  589.0
328.4573669433594  324.0
179.1195068359375  191.0
352.9115905761719  366.0
334.3368225097656  348.0
566.7162475585938  555.0
256.1344909667969  293.0
281.9539794921875  226.0
244.84361267089844  239.0
460.6327209472656  459.0
519.613525390625  626.0
393.882568359375  421.0
202.83038330078125  190.0
507.1725769042969  497.0
322.8571472167969  397.0
517.6700439453125  531.0
479.3874816894531  478.0
586.800048828125  577.0
761.4450073242188  643.0
411.3750915527344  459.0
414.3947448730469  423.0
576.3898315429688  618.0
268.01068115234375  228.0
527.643798828125  541.0
486.0535888671875  481.0
224.371337890625  225.0
552.3506469726562  561.0
373.9427185058594  425.0
390.1450500488281  389.0
297.22900390625  315.0
528.341552734375  502.0
325.06634521484375  301.0
545.1089477539062  493.0
289.5493469238281  313.0
205.85867309570312  195.0
206.673095703125  379.0
671.6488647460938  653.0
492.1529235839844  494.0
255.30401611328125  281.0
316.7120056152344  315.0
381.3941650390625  363.0
201.78564453125  209.0
717.4475708007812  260.0
598.0032348632812  670.0
563.5263061523438  565.0
522.2171020507812  546.0
579.44677734375  530.0
566.4317626953125  555.0
356.2021179199219  267.0
601.667724609375  623.0
203.07049560546875  241.0
423.4026794433594  473.0
602.6763305664062  551.0
340.29266357421875  333.0
212.645263671875  203.0
390.9116516113281  433.0
629.8157348632812  557.0
525.4239501953125  508.0
363.0653991699219  315.0
MSE : 4633.799874589678
MAPE : 10.648920956472946
R2 Score : 0.7466455396923815
time : 3177.1195941008627
