421.82635498046875  393.0
367.6722412109375  377.0
576.9275512695312  550.0
250.64501953125  319.0
536.2064208984375  508.0
501.41455078125  493.0
286.880615234375  259.0
723.7266845703125  668.0
377.0580749511719  413.0
539.6782836914062  537.0
555.3550415039062  604.0
525.5070190429688  534.0
356.0223083496094  304.0
550.357177734375  550.0
408.3121337890625  403.0
609.3214721679688  604.0
587.1383056640625  543.0
414.0819396972656  409.0
196.0507049560547  188.0
531.32666015625  569.0
545.8956909179688  503.0
513.5853271484375  520.0
601.5885620117188  573.0
397.5088806152344  420.0
512.9820556640625  508.0
557.5221557617188  538.0
525.4462280273438  541.0
351.98046875  397.0
264.9180603027344  223.0
207.7562255859375  197.0
624.6146240234375  493.0
560.480712890625  538.0
334.64080810546875  281.0
328.16387939453125  295.0
567.905029296875  630.0
539.2918090820312  531.0
648.8217163085938  616.0
205.44142150878906  194.0
482.4555969238281  472.0
544.98583984375  541.0
538.5540161132812  529.0
556.21240234375  549.0
368.2584533691406  256.0
292.8222961425781  226.0
375.7865295410156  402.0
580.5922241210938  580.0
484.10296630859375  478.0
488.4698181152344  500.0
300.1264343261719  218.0
168.6116485595703  197.0
560.6211547851562  584.0
494.3073425292969  503.0
344.20147705078125  335.0
499.5337219238281  484.0
420.4916687011719  363.0
250.94447326660156  253.0
339.55963134765625  316.0
366.9046936035156  345.0
500.4826965332031  523.0
523.3278198242188  526.0
259.9243469238281  239.0
385.2934265136719  358.0
585.1595458984375  569.0
357.3424987792969  318.0
391.0489501953125  410.0
550.5279541015625  554.0
547.8421630859375  549.0
315.9728698730469  267.0
323.7388000488281  266.0
295.65338134765625  330.0
544.45849609375  522.0
249.53038024902344  235.0
340.98626708984375  324.0
626.0534057617188  618.0
561.9002685546875  587.0
511.64398193359375  519.0
300.025146484375  251.0
552.1719970703125  551.0
544.866943359375  541.0
590.3543701171875  619.0
510.9317626953125  473.0
237.41554260253906  240.0
349.56207275390625  337.0
359.07208251953125  333.0
560.2105102539062  577.0
473.8038635253906  467.0
223.2352752685547  171.0
477.76849365234375  488.0
317.829345703125  283.0
537.4464721679688  530.0
621.0817260742188  616.0
347.22381591796875  311.0
364.77423095703125  329.0
324.3846435546875  304.0
528.5983276367188  563.0
218.39779663085938  243.0
468.2703857421875  459.0
302.3124694824219  195.0
219.9815216064453  209.0
410.0211486816406  420.0
MSE : 1258.8990755100083
MAPE : 7.7443131523886635
R2 Score : 0.931747424258452
time : 1442.0646347229995
