400.1990966796875  418.0
677.5580444335938  519.0
363.4611511230469  413.0
402.091064453125  387.0
569.4993286132812  559.0
200.84649658203125  209.0
272.9112243652344  195.0
580.5275268554688  581.0
593.9509887695312  566.0
406.6764221191406  406.0
509.7198486328125  472.0
522.7348022460938  518.0
348.63336181640625  355.0
519.0585327148438  532.0
293.2524108886719  281.0
340.94403076171875  295.0
619.0922241210938  624.0
608.282470703125  616.0
513.5794677734375  501.0
246.6946563720703  268.0
355.91961669921875  344.0
594.4510498046875  656.0
362.2135925292969  348.0
635.9762573242188  573.0
590.3817749023438  549.0
194.50888061523438  190.0
264.1300964355469  284.0
400.5850830078125  373.0
536.658447265625  538.0
588.336181640625  615.0
551.1771850585938  508.0
523.2911987304688  491.0
563.0442504882812  603.0
354.49578857421875  267.0
601.0777587890625  587.0
218.8971405029297  203.0
534.205078125  557.0
387.8968811035156  363.0
353.0105895996094  315.0
605.1083984375  517.0
343.58087158203125  318.0
383.74676513671875  396.0
509.44622802734375  481.0
221.3225860595703  254.0
516.7493286132812  539.0
238.94766235351562  226.0
666.1530151367188  583.0
551.7750244140625  536.0
570.474609375  613.0
533.3737182617188  523.0
355.42822265625  298.0
317.1036376953125  324.0
699.2997436523438  649.0
352.9312744140625  256.0
375.60888671875  353.0
594.3203735351562  604.0
210.02584838867188  171.0
475.71429443359375  467.0
309.3195495605469  379.0
701.412353515625  595.0
380.1549072265625  432.0
525.98046875  650.0
377.8928527832031  389.0
541.9570922851562  565.0
632.131103515625  603.0
643.7904052734375  685.0
542.5189819335938  538.0
412.00140380859375  410.0
490.6727294921875  449.0
517.3140869140625  474.0
581.46875  530.0
395.41473388671875  385.0
597.6636352539062  607.0
612.519287109375  582.0
565.4606323242188  545.0
414.1762390136719  363.0
362.89599609375  378.0
674.6002807617188  658.0
335.7208251953125  199.0
335.20684814453125  233.0
580.7745971679688  567.0
558.8399047851562  568.0
252.43128967285156  418.0
603.9574584960938  618.0
542.1844482421875  600.0
377.43487548828125  359.0
507.3955078125  467.0
363.9232482910156  363.0
620.5296630859375  592.0
316.18060302734375  319.0
194.6903076171875  195.0
602.1609497070312  574.0
184.75628662109375  199.0
540.2786865234375  520.0
513.2483520507812  519.0
422.2415771484375  363.0
MSE : 2300.4877278239583
MAPE : 8.794201085331865
R2 Score : 0.8805888333327132
time : 833.6470293510065
