528.4163208007812  531.0
536.7857055664062  501.0
333.20184326171875  378.0
350.393798828125  358.0
231.12889099121094  228.0
461.1112060546875  478.0
378.0023498535156  403.0
358.0230407714844  363.0
590.5889282226562  589.0
510.26220703125  581.0
397.5975341796875  324.0
587.493408203125  565.0
348.068603515625  300.0
237.24440002441406  283.0
539.3027954101562  493.0
419.5813293457031  493.0
598.4843139648438  550.0
395.4869079589844  433.0
369.1143798828125  392.0
525.3167114257812  482.0
394.095703125  331.0
525.8213500976562  550.0
214.58493041992188  286.0
231.8973388671875  251.0
523.564208984375  523.0
523.9697265625  541.0
396.5271301269531  482.0
220.30137634277344  206.0
384.01898193359375  363.0
391.8937683105469  388.0
551.5771484375  563.0
597.9869384765625  552.0
347.372314453125  350.0
559.5274047851562  536.0
358.94927978515625  315.0
522.313232421875  633.0
522.80029296875  488.0
546.05810546875  494.0
558.6447143554688  519.0
210.34231567382812  293.0
527.1638793945312  535.0
609.724853515625  606.0
526.7744750976562  685.0
527.5875854492188  584.0
599.4339599609375  565.0
370.0475769042969  362.0
529.250244140625  505.0
265.7621765136719  284.0
583.4779663085938  534.0
441.4837646484375  363.0
210.505615234375  197.0
524.9641723632812  555.0
527.4906616210938  507.0
527.806396484375  467.0
215.6735382080078  195.0
244.3925323486328  251.0
526.2298583984375  458.0
217.32235717773438  194.0
397.37054443359375  416.0
545.1632080078125  486.0
339.86737060546875  319.0
214.44696044921875  206.0
217.88522338867188  195.0
549.5510864257812  529.0
210.4884796142578  171.0
347.1297607421875  187.0
530.2139282226562  555.0
525.7344360351562  551.0
347.7799072265625  313.0
547.3807983398438  650.0
525.2616577148438  508.0
565.5667114257812  592.0
523.251220703125  528.0
597.3251342773438  638.0
583.6038818359375  560.0
546.8951416015625  499.0
395.1649169921875  432.0
597.6681518554688  538.0
520.5904541015625  599.0
397.92767333984375  360.0
599.6370849609375  563.0
210.63575744628906  152.0
525.9883422851562  527.0
556.4127807617188  500.0
227.9186553955078  235.0
526.1288452148438  503.0
220.115478515625  207.0
512.4376220703125  539.0
481.54534912109375  481.0
506.81280517578125  573.0
555.5836791992188  503.0
598.3358764648438  557.0
597.315185546875  632.0
348.6199951171875  430.0
349.3024597167969  333.0
608.5082397460938  603.0
347.794189453125  348.0
365.3633728027344  385.0
240.83067321777344  205.0
597.9954223632812  630.0
MSE : 2234.87628283296
MAPE : 9.306722509442334
R2 Score : 0.8796370711482975
time : 1140.2219718449924
