331.7762145996094  265.0
247.80029296875  216.0
525.166259765625  491.0
641.6312255859375  533.0
375.63812255859375  358.0
390.48291015625  396.0
471.5738525390625  486.0
511.6842041015625  545.0
497.2208251953125  539.0
345.19598388671875  385.0
483.89501953125  484.0
548.3748168945312  551.0
319.12969970703125  330.0
523.0283203125  537.0
566.8521118164062  685.0
433.1231384277344  493.0
204.02703857421875  195.0
573.9885864257812  549.0
290.31329345703125  266.0
399.2632141113281  430.0
330.1587219238281  378.0
626.8929443359375  773.0
346.2757568359375  373.0
429.5401611328125  392.0
339.2352294921875  348.0
550.6889038085938  538.0
543.4200439453125  632.0
319.9929504394531  348.0
377.7197265625  318.0
480.5006103515625  457.0
322.8021240234375  328.0
497.8759460449219  563.0
333.57476806640625  333.0
650.103515625  673.0
339.70672607421875  360.0
470.9272155761719  475.0
510.9413757324219  563.0
344.7997741699219  359.0
630.7139892578125  578.0
403.6390380859375  256.0
491.9955749511719  512.0
564.01318359375  562.0
650.1509399414062  656.0
385.845458984375  433.0
498.83184814453125  522.0
630.159912109375  649.0
495.9331970214844  458.0
182.87171936035156  192.0
256.9671630859375  401.0
564.9334716796875  670.0
628.8731079101562  593.0
371.377685546875  343.0
213.6556396484375  313.0
590.2197265625  580.0
489.08428955078125  503.0
586.3447265625  616.0
323.92657470703125  243.0
421.45379638671875  419.0
479.3104248046875  502.0
546.7734375  566.0
567.12109375  603.0
491.1444091796875  507.0
428.18243408203125  419.0
366.50482177734375  467.0
525.4725341796875  544.0
484.89910888671875  508.0
367.8925476074219  473.0
363.9209289550781  363.0
492.7741394042969  505.0
535.0484619140625  525.0
594.9996337890625  569.0
614.094970703125  669.0
394.74359130859375  475.0
552.5115966796875  541.0
481.7850341796875  485.0
609.11279296875  638.0
500.1170349121094  529.0
608.7423095703125  593.0
502.5513916015625  529.0
345.62420654296875  363.0
573.720703125  565.0
381.0671691894531  409.0
530.7587890625  538.0
562.1156005859375  619.0
284.60369873046875  283.0
208.609130859375  197.0
556.8582153320312  630.0
485.2149658203125  503.0
345.4111633300781  377.0
253.14996337890625  213.0
486.4481506347656  523.0
391.06427001953125  393.0
513.6819458007812  599.0
204.6707305908203  207.0
297.2692565917969  358.0
308.5721130371094  316.0
405.1168212890625  393.0
578.9033203125  763.0
662.3143920898438  590.0
312.63153076171875  321.0
MSE : 2737.8282576985143
MAPE : 8.240467042950753
R2 Score : 0.844030031782127
time : 956.9346474180929
