620.629150390625  668.0
344.3268737792969  379.0
374.1751403808594  379.0
532.9843139648438  563.0
541.282470703125  580.0
287.4419250488281  320.0
597.3126220703125  589.0
584.0760498046875  552.0
378.5520935058594  374.0
221.28713989257812  390.0
247.79608154296875  219.0
188.202880859375  199.0
369.06103515625  321.0
216.0421142578125  203.0
398.3383483886719  384.0
663.85205078125  658.0
590.2657470703125  656.0
297.2893371582031  249.0
529.23974609375  494.0
397.18780517578125  389.0
394.8302917480469  378.0
497.9624938964844  650.0
544.8193359375  541.0
603.110595703125  563.0
567.792724609375  630.0
628.8250732421875  543.0
354.4209899902344  318.0
477.9593200683594  493.0
575.7413330078125  557.0
369.1772155761719  233.0
533.279052734375  539.0
219.70889282226562  213.0
564.0123291015625  539.0
514.0452880859375  508.0
373.0488586425781  398.0
246.072998046875  228.0
560.647705078125  653.0
301.9630432128906  324.0
520.779052734375  490.0
561.602294921875  584.0
568.02587890625  615.0
393.1834411621094  385.0
368.2677307128906  363.0
494.9602966308594  522.0
548.7886962890625  536.0
419.0884094238281  368.0
560.4498901367188  765.0
339.9631652832031  255.0
272.8984069824219  253.0
565.3045654296875  567.0
208.45606994628906  215.0
562.436279296875  560.0
495.2323303222656  481.0
469.3039855957031  548.0
561.9404907226562  566.0
371.453369140625  205.0
353.7260437011719  421.0
257.0458068847656  253.0
378.74444580078125  430.0
564.778076171875  616.0
511.1487121582031  495.0
354.9803161621094  344.0
510.1876525878906  474.0
423.6490783691406  360.0
601.3243408203125  563.0
594.6495361328125  763.0
263.3128662109375  302.0
294.5112609863281  330.0
204.13375854492188  192.0
516.5767822265625  484.0
364.7985534667969  376.0
209.78680419921875  243.0
261.6510314941406  283.0
548.8048706054688  515.0
204.2254638671875  378.0
360.6664123535156  311.0
350.28826904296875  386.0
358.6164855957031  265.0
563.8191528320312  618.0
315.1701354980469  300.0
209.83282470703125  213.0
378.1523742675781  217.0
609.792236328125  773.0
546.20751953125  423.0
357.3565979003906  355.0
495.4140930175781  512.0
545.6429443359375  563.0
503.9145812988281  512.0
578.3007202148438  669.0
456.8324890136719  505.0
405.77447509765625  260.0
397.7250671386719  401.0
417.7212219238281  424.0
435.5763244628906  457.0
387.8797302246094  396.0
203.56472778320312  319.0
622.9629516601562  670.0
491.26739501953125  562.0
578.923583984375  559.0
501.0356750488281  526.0
MSE : 4268.140429251895
MAPE : 11.442303977681398
R2 Score : 0.8048613692972226
time : 1478.9700999250053
