296.39837646484375  270.0
324.369873046875  378.0
504.4036560058594  541.0
571.5155639648438  565.0
494.8111572265625  484.0
679.12841796875  669.0
411.7479553222656  411.0
295.9732971191406  329.0
560.216796875  559.0
496.3407897949219  474.0
375.43780517578125  401.0
606.0736083984375  621.0
398.3530578613281  363.0
362.8570861816406  353.0
508.4313049316406  533.0
616.1024780273438  589.0
420.35479736328125  505.0
241.6150360107422  233.0
205.65457153320312  194.0
308.8418884277344  337.0
328.49395751953125  363.0
571.1864624023438  494.0
670.4713745117188  649.0
539.994140625  517.0
533.804443359375  508.0
453.956298828125  538.0
592.4340209960938  603.0
527.987060546875  490.0
557.3924560546875  565.0
242.8349609375  283.0
546.3203735351562  522.0
361.61004638671875  328.0
539.19921875  569.0
486.59637451171875  493.0
592.992919921875  539.0
558.0288696289062  536.0
692.848876953125  643.0
371.5401916503906  373.0
573.0571899414062  527.0
507.11614990234375  528.0
547.9793090820312  539.0
423.8365173339844  520.0
537.1714477539062  568.0
468.9344177246094  550.0
152.3721466064453  173.0
552.6636962890625  607.0
543.1513671875  552.0
404.6859436035156  387.0
626.7942504882812  593.0
592.51318359375  606.0
575.9315185546875  567.0
220.83779907226562  229.0
361.3113708496094  360.0
343.51739501953125  386.0
271.184814453125  345.0
593.8412475585938  519.0
668.3743896484375  685.0
334.6985778808594  343.0
534.3057861328125  493.0
372.71209716796875  409.0
496.9438781738281  522.0
551.1434326171875  561.0
540.1058959960938  549.0
251.4824676513672  225.0
558.9934692382812  549.0
557.8880004882812  523.0
195.83377075195312  228.0
669.119873046875  668.0
500.94036865234375  563.0
517.9397583007812  449.0
488.5912170410156  481.0
506.64453125  520.0
278.043212890625  319.0
477.8797302246094  493.0
501.2224426269531  536.0
253.14141845703125  272.0
197.23912048339844  390.0
494.9069519042969  523.0
488.75885009765625  500.0
489.6191101074219  535.0
357.9150085449219  433.0
416.2957458496094  467.0
354.13031005859375  433.0
483.8144836425781  458.0
546.4746704101562  538.0
492.5571594238281  478.0
310.58349609375  316.0
368.92059326171875  417.0
339.2093505859375  378.0
570.6881103515625  562.0
632.0359497070312  573.0
312.0259704589844  331.0
591.75830078125  550.0
338.22802734375  374.0
671.783935546875  569.0
361.92620849609375  378.0
MSE : 1878.0322127855907
MAPE : 7.356351436465039
R2 Score : 0.8611835752166015
time : 1148.6239546409342
