360.4405517578125  373.0
312.49615478515625  330.0
245.3067626953125  345.0
496.38739013671875  500.0
526.6657104492188  538.0
311.213623046875  344.0
211.1190643310547  213.0
297.7169494628906  318.0
261.76007080078125  171.0
372.54351806640625  384.0
207.67022705078125  208.0
609.3240966796875  603.0
603.50048828125  541.0
582.8014526367188  549.0
610.9530029296875  552.0
668.5665283203125  658.0
195.3680877685547  197.0
541.0038452148438  528.0
358.2027587890625  413.0
546.398681640625  538.0
281.04736328125  272.0
538.5062866210938  590.0
380.8834533691406  420.0
548.9501953125  551.0
537.5892944335938  563.0
236.14341735839844  205.0
541.2301025390625  544.0
567.4815673828125  619.0
295.8974609375  315.0
422.0685729980469  363.0
281.6376953125  333.0
630.8681030273438  547.0
545.6034545898438  551.0
229.9078369140625  192.0
552.4261474609375  561.0
300.28448486328125  355.0
502.896484375  513.0
479.51629638671875  550.0
247.3152618408203  260.0
225.5119171142578  207.0
406.12945556640625  378.0
564.5187377929688  564.0
273.8778991699219  331.0
528.863525390625  531.0
564.1732177734375  517.0
302.52459716796875  249.0
397.4389953613281  419.0
407.26336669921875  410.0
618.2177734375  606.0
412.25286865234375  433.0
515.2326049804688  523.0
455.92218017578125  393.0
285.1849060058594  253.0
261.0132141113281  348.0
507.337646484375  668.0
303.18243408203125  256.0
606.2939453125  765.0
401.285400390625  505.0
572.83447265625  550.0
303.99951171875  324.0
192.33152770996094  209.0
298.2141418457031  378.0
378.62908935546875  374.0
419.95562744140625  384.0
459.99139404296875  422.0
517.26611328125  521.0
506.8150329589844  503.0
430.91400146484375  366.0
524.8901977539062  560.0
280.7372131347656  298.0
260.560546875  313.0
339.34014892578125  374.0
612.0384521484375  624.0
512.214111328125  519.0
407.8603515625  520.0
589.0100708007812  613.0
445.42620849609375  493.0
454.45904541015625  411.0
281.06915283203125  226.0
232.95472717285156  253.0
401.4432067871094  411.0
610.464599609375  668.0
512.5313110351562  520.0
303.74700927734375  281.0
478.2779541015625  459.0
399.47418212890625  363.0
272.70867919921875  257.0
644.7489013671875  656.0
140.86460876464844  199.0
265.30621337890625  319.0
664.06494140625  670.0
431.3903503417969  380.0
636.9811401367188  643.0
343.6357421875  328.0
543.6271362304688  618.0
525.903076171875  508.0
424.13165283203125  327.0
441.5670166015625  449.0
462.77996826171875  482.0
353.2024841308594  376.0
MSE : 2237.8236347212924
MAPE : 9.028213339931767
R2 Score : 0.8842311738472193
time : 1749.2909030821174
