342.7198486328125  344.0
519.7828979492188  503.0
544.3132934570312  600.0
551.8301391601562  554.0
552.1974487304688  525.0
557.1537475585938  560.0
585.6600952148438  493.0
423.4691162109375  498.0
544.96630859375  520.0
596.5927734375  668.0
421.2603759765625  353.0
487.869873046875  482.0
389.0277099609375  377.0
337.42156982421875  314.0
207.726318359375  203.0
373.89898681640625  433.0
517.75537109375  532.0
486.55255126953125  440.0
581.2271118164062  573.0
539.0503540039062  527.0
148.4127655029297  130.0
303.32049560546875  319.0
486.4966125488281  500.0
627.8304443359375  773.0
553.4043579101562  549.0
555.3905639648438  543.0
333.7830505371094  324.0
326.2145690917969  424.0
510.75665283203125  499.0
321.666259765625  319.0
408.3255615234375  422.0
617.180419921875  569.0
528.9453125  508.0
408.2667236328125  388.0
566.7669677734375  560.0
470.96844482421875  475.0
460.4775085449219  449.0
355.86181640625  413.0
233.91555786132812  221.0
505.81878662109375  513.0
564.9912719726562  563.0
671.4779663085938  668.0
531.6683349609375  549.0
538.5300903320312  508.0
300.1788635253906  286.0
634.7236938476562  603.0
304.02947998046875  226.0
487.08502197265625  486.0
330.78668212890625  330.0
478.89105224609375  472.0
353.114013671875  362.0
678.0027465820312  638.0
398.27862548828125  406.0
612.4680786132812  673.0
153.4481658935547  199.0
209.3204803466797  197.0
554.5006713867188  551.0
559.7179565429688  541.0
537.1344604492188  529.0
619.2230224609375  473.0
576.7752075195312  549.0
656.75439453125  615.0
396.61846923828125  384.0
299.09619140625  331.0
489.9154357910156  484.0
565.5214233398438  564.0
392.6834716796875  387.0
526.8787841796875  521.0
319.8955993652344  310.0
542.4370727539062  530.0
544.4765014648438  493.0
313.10369873046875  330.0
252.7499542236328  239.0
360.2174987792969  370.0
656.7276000976562  590.0
648.2136840820312  685.0
201.28213500976562  194.0
344.1655578613281  365.0
257.5732116699219  251.0
658.7857055664062  623.0
565.1810302734375  545.0
522.2628784179688  495.0
328.5345153808594  330.0
417.84674072265625  401.0
467.9400634765625  503.0
393.6280822753906  388.0
201.50421142578125  190.0
357.8906555175781  328.0
490.5867614746094  481.0
214.5391845703125  171.0
342.59063720703125  373.0
232.60679626464844  205.0
228.0370330810547  243.0
457.1802978515625  363.0
411.49261474609375  393.0
576.7305908203125  557.0
351.31597900390625  315.0
673.7501831054688  653.0
391.96624755859375  503.0
MSE : 1601.5858340075174
MAPE : 6.572548965993198
R2 Score : 0.9133469206589514
time : 1700.6515905009583
