557.2537231445312  549.0
499.254638671875  479.0
589.337646484375  546.0
492.03753662109375  472.0
357.85052490234375  390.0
541.2124633789062  555.0
551.5803833007812  577.0
619.4356079101562  493.0
411.76934814453125  419.0
598.1981811523438  607.0
551.8214721679688  590.0
411.9960021972656  419.0
640.2858276367188  523.0
589.3887939453125  580.0
430.3202819824219  505.0
545.820068359375  556.0
320.16058349609375  315.0
230.23544311523438  205.0
326.97308349609375  191.0
522.0309448242188  529.0
541.533203125  599.0
641.7466430664062  656.0
231.1597900390625  233.0
340.70819091796875  315.0
503.8692932128906  497.0
314.1802978515625  330.0
589.4479370117188  539.0
501.723876953125  520.0
263.72418212890625  348.0
570.8168334960938  567.0
404.90753173828125  430.0
659.73779296875  638.0
499.2388610839844  502.0
529.5075073242188  493.0
660.7716674804688  673.0
386.2205810546875  403.0
350.4986572265625  333.0
476.53173828125  488.0
285.73101806640625  333.0
282.4647521972656  226.0
543.4337768554688  554.0
533.8864135742188  530.0
400.4815979003906  410.0
512.6956176757812  542.0
378.93768310546875  358.0
494.7452697753906  459.0
214.99957275390625  197.0
541.0661010742188  539.0
585.7814331054688  557.0
160.298095703125  215.0
534.7724609375  546.0
501.548828125  503.0
299.3564453125  344.0
670.6192016601562  615.0
615.3609008789062  668.0
243.13961791992188  254.0
382.887451171875  393.0
259.8656921386719  253.0
496.402099609375  478.0
206.07537841796875  216.0
227.44235229492188  203.0
560.5222778320312  584.0
190.76580810546875  286.0
316.6393737792969  293.0
570.96142578125  566.0
229.00372314453125  225.0
581.4470825195312  550.0
573.8310546875  613.0
315.42974853515625  260.0
428.3247985839844  459.0
196.42263793945312  130.0
542.8773803710938  552.0
543.0282592773438  522.0
608.6470947265625  574.0
418.66033935546875  493.0
223.42416381835938  217.0
411.7611999511719  475.0
596.4379272460938  530.0
621.929443359375  618.0
318.9578857421875  348.0
533.00146484375  554.0
350.7113037109375  324.0
349.83416748046875  328.0
360.7154541015625  389.0
193.42242431640625  213.0
365.30859375  402.0
367.3752136230469  377.0
701.6840209960938  595.0
265.8272705078125  293.0
241.3238525390625  251.0
391.086181640625  360.0
319.74993896484375  378.0
587.3825073242188  626.0
437.7050476074219  520.0
414.1280212402344  548.0
420.48651123046875  440.0
231.45919799804688  366.0
595.0834350585938  616.0
MSE : 2082.3184063844
MAPE : 8.724157072028888
R2 Score : 0.8887714320073548
time : 1160.8744648359716
