501.6338806152344  474.0
208.27456665039062  208.0
582.77685546875  773.0
310.10791015625  320.0
242.31382751464844  219.0
398.9059753417969  388.0
402.5862121582031  520.0
548.1167602539062  501.0
384.3326110839844  394.0
511.98388671875  565.0
400.3064880371094  378.0
526.7832641601562  542.0
526.4349365234375  563.0
531.5967407226562  584.0
310.76190185546875  295.0
504.65582275390625  512.0
198.97463989257812  209.0
320.3296203613281  191.0
352.4185485839844  329.0
528.8963623046875  546.0
342.7441711425781  410.0
484.7951965332031  481.0
514.754638671875  529.0
642.3963012695312  616.0
543.96044921875  550.0
207.61936950683594  195.0
501.9194641113281  482.0
426.5384826660156  505.0
182.8102569580078  213.0
325.09197998046875  353.0
206.2677764892578  206.0
302.0799865722656  424.0
278.3375244140625  226.0
504.468505859375  539.0
594.5487060546875  475.0
247.06344604492188  278.0
504.7308349609375  502.0
398.7259521484375  388.0
508.5084228515625  532.0
497.8973083496094  467.0
600.8983154296875  624.0
586.4400024414062  582.0
318.5401611328125  324.0
279.17822265625  233.0
382.60919189453125  384.0
549.4444580078125  603.0
404.1275634765625  363.0
368.5174560546875  344.0
492.4068603515625  493.0
320.23089599609375  330.0
357.3553771972656  267.0
256.2320861816406  243.0
299.1499938964844  278.0
525.6294555664062  551.0
502.0582580566406  528.0
564.2645263671875  579.0
190.9654541015625  228.0
504.5797424316406  478.0
530.4609375  561.0
415.5888977050781  360.0
576.2987670898438  494.0
393.74530029296875  406.0
514.6439819335938  527.0
602.154052734375  555.0
639.478271484375  670.0
418.6389465332031  423.0
253.5026397705078  304.0
386.2041015625  523.0
200.9653778076172  286.0
252.57138061523438  243.0
300.7173156738281  323.0
536.7843017578125  603.0
376.00531005859375  379.0
497.5559387207031  483.0
502.6328430175781  459.0
600.8364868164062  554.0
366.3168640136719  360.0
493.0036926269531  500.0
617.8474731445312  623.0
501.69580078125  488.0
523.1632080078125  512.0
218.7275848388672  216.0
423.6997985839844  444.0
234.141357421875  390.0
333.79217529296875  348.0
308.09674072265625  316.0
515.301513671875  525.0
416.93218994140625  386.0
539.740478515625  530.0
521.0534057617188  491.0
625.4404907226562  668.0
544.1950073242188  621.0
386.4955139160156  415.0
339.3116455078125  333.0
479.8221130371094  618.0
235.26223754882812  220.0
597.1607055664062  545.0
612.7459106445312  763.0
546.556396484375  626.0
507.947021484375  603.0
MSE : 2973.665117498159
MAPE : 8.914983376529632
R2 Score : 0.8440027637860872
time : 2116.4457515859976
