361.88812255859375  319.0
538.5087280273438  763.0
517.1976318359375  503.0
525.7755126953125  370.0
410.7177429199219  387.0
484.0028381347656  520.0
242.20449829101562  257.0
496.6082763671875  491.0
637.1670532226562  533.0
507.123291015625  444.0
592.3207397460938  549.0
632.7615966796875  654.0
351.84796142578125  410.0
425.49566650390625  457.0
380.8758239746094  345.0
514.0988159179688  535.0
539.1647338867188  566.0
387.05743408203125  420.0
244.00146484375  195.0
495.33929443359375  482.0
435.62451171875  419.0
542.7466430664062  545.0
478.0655212402344  486.0
638.1774291992188  658.0
481.6539611816406  520.0
520.6099853515625  546.0
301.09088134765625  467.0
228.0013885498047  235.0
381.65216064453125  395.0
602.3262329101562  562.0
437.4165954589844  459.0
468.4399719238281  519.0
396.7666015625  388.0
512.3733520507812  520.0
485.394775390625  497.0
173.12603759765625  152.0
305.5602722167969  378.0
511.35736083984375  525.0
318.045166015625  301.0
631.4642333984375  607.0
371.9513244628906  328.0
224.98355102539062  272.0
335.59332275390625  373.0
504.24554443359375  518.0
452.1696472167969  458.0
344.1866455078125  315.0
545.8505859375  685.0
516.41845703125  557.0
401.5743408203125  520.0
538.0170288085938  562.0
326.89007568359375  432.0
194.99261474609375  206.0
277.3185119628906  272.0
585.6466674804688  584.0
487.72467041015625  403.0
517.6583251953125  555.0
318.3357238769531  324.0
321.18695068359375  418.0
322.5903625488281  320.0
193.09234619140625  203.0
352.81353759765625  363.0
525.5671997070312  580.0
541.6693115234375  638.0
529.182861328125  536.0
335.02752685546875  335.0
286.546630859375  358.0
386.6349182128906  415.0
288.584228515625  330.0
500.5599670410156  569.0
492.06011962890625  507.0
522.7821655273438  529.0
244.8461151123047  323.0
484.8082275390625  485.0
516.970458984375  549.0
505.6573486328125  527.0
521.6563720703125  523.0
360.98626708984375  374.0
477.1552429199219  470.0
169.651123046875  273.0
546.8746948242188  618.0
306.4151611328125  393.0
535.5729370117188  565.0
592.4869995117188  623.0
540.4193115234375  604.0
380.13909912109375  368.0
326.68292236328125  308.0
642.61328125  589.0
203.46498107910156  221.0
553.1057739257812  564.0
542.3346557617188  673.0
231.1910400390625  221.0
508.51513671875  604.0
491.59930419921875  577.0
460.0820617675781  563.0
240.710205078125  218.0
408.9695739746094  306.0
355.7257995605469  330.0
458.0639953613281  478.0
237.845458984375  219.0
218.46697998046875  253.0
MSE : 3438.1307832176867
MAPE : 9.582969033462247
R2 Score : 0.8035916475139521
time : 1987.6156133830082
