508.51318359375  502.0
532.33544921875  520.0
592.8202514648438  555.0
162.70018005371094  207.0
219.6195831298828  194.0
389.5405578613281  386.0
503.5997619628906  473.0
381.5221862792969  347.0
509.4707946777344  484.0
537.3145751953125  565.0
257.1945495605469  257.0
533.1823120117188  523.0
524.1990356445312  763.0
429.1093444824219  457.0
475.3074645996094  420.0
242.32777404785156  267.0
370.6025695800781  379.0
498.1810302734375  488.0
132.5697784423828  240.0
549.8736572265625  520.0
558.526123046875  600.0
654.8186645507812  583.0
331.90594482421875  378.0
163.2670135498047  188.0
562.07421875  560.0
349.8411560058594  318.0
560.0913696289062  551.0
255.92425537109375  228.0
226.08314514160156  192.0
354.627197265625  420.0
424.7005310058594  433.0
572.23828125  618.0
534.095947265625  523.0
502.3037414550781  545.0
26.462675094604492  273.0
339.9048767089844  315.0
177.92872619628906  366.0
301.3419494628906  295.0
491.3392639160156  672.0
539.9130859375  668.0
340.57598876953125  323.0
346.1228332519531  318.0
525.1635131835938  568.0
509.4920959472656  474.0
410.7798767089844  393.0
201.66148376464844  206.0
544.5413818359375  484.0
375.9361572265625  392.0
383.20819091796875  394.0
377.4210510253906  409.0
561.6524047851562  599.0
546.97412109375  537.0
369.0486145019531  344.0
381.2807312011719  377.0
336.4249572753906  272.0
362.1805725097656  329.0
330.63116455078125  415.0
496.356201171875  557.0
623.25048828125  765.0
227.09657287597656  213.0
314.43511962890625  293.0
405.4577941894531  395.0
159.2406005859375  194.0
492.90594482421875  520.0
289.7088928222656  293.0
218.50657653808594  213.0
583.0479736328125  621.0
420.4450988769531  503.0
510.7324523925781  500.0
611.2301635742188  584.0
595.7239379882812  538.0
513.7095947265625  643.0
391.2546691894531  315.0
282.8603515625  233.0
180.6908721923828  190.0
455.3390808105469  419.0
348.3734130859375  378.0
386.6957702636719  355.0
488.2779235839844  678.0
527.7217407226562  505.0
577.2577514648438  559.0
588.3445434570312  517.0
571.8347778320312  542.0
387.1077575683594  324.0
11.269303321838379  217.0
183.4853973388672  187.0
564.5471801757812  567.0
589.3007202148438  575.0
534.6031494140625  563.0
519.79345703125  470.0
502.5550231933594  500.0
503.7444152832031  505.0
523.3551025390625  536.0
532.2493896484375  600.0
357.4737854003906  353.0
525.15478515625  624.0
MSE : 4660.584861100076
MAPE : 11.170391961147963
R2 Score : 0.7775471435576706
time : 573.8574075280048
