494.96746826171875  401.0
495.0768737792969  503.0
501.580322265625  547.0
353.9931335449219  390.0
406.4227600097656  393.0
473.2176208496094  485.0
525.4783325195312  523.0
357.3260192871094  343.0
532.3369750976562  565.0
368.8353271484375  385.0
539.88720703125  531.0
435.9249572753906  407.0
371.0291442871094  467.0
261.96136474609375  226.0
326.8587341308594  324.0
380.30169677734375  423.0
245.0530548095703  272.0
413.32904052734375  457.0
593.7156982421875  618.0
183.37884521484375  191.0
501.7189025878906  502.0
630.3265380859375  603.0
357.16607666015625  359.0
517.043212890625  531.0
543.4754028320312  533.0
489.1553955078125  495.0
557.9129028320312  520.0
225.0865936279297  206.0
321.8783874511719  378.0
541.075439453125  520.0
204.56224060058594  190.0
269.336669921875  241.0
406.2671203613281  380.0
376.18682861328125  392.0
489.859130859375  503.0
306.9399108886719  482.0
357.5538024902344  333.0
527.3029174804688  564.0
501.7038879394531  520.0
565.296630859375  672.0
229.38389587402344  209.0
336.1024169921875  348.0
357.75030517578125  359.0
309.9615478515625  330.0
291.5579528808594  283.0
333.0700988769531  319.0
385.6425476074219  377.0
333.02032470703125  378.0
245.63072204589844  302.0
548.423583984375  581.0
255.9197998046875  253.0
345.37445068359375  363.0
662.7233276367188  595.0
522.5848999023438  536.0
159.14276123046875  152.0
594.122802734375  668.0
425.9278869628906  423.0
584.5308837890625  567.0
634.7979736328125  533.0
626.4745483398438  519.0
347.5902404785156  378.0
524.4291381835938  503.0
618.9324340820312  654.0
385.0723876953125  406.0
378.8288269042969  395.0
677.433349609375  568.0
477.3089599609375  482.0
379.0563049316406  418.0
342.5957336425781  421.0
307.63555908203125  260.0
358.63134765625  420.0
219.8573455810547  208.0
527.3898315429688  523.0
327.817138671875  330.0
215.33624267578125  194.0
569.0219116210938  552.0
323.9468688964844  324.0
545.4208984375  581.0
353.0269470214844  355.0
190.5927734375  203.0
538.501220703125  503.0
337.9664001464844  256.0
304.4571228027344  327.0
297.96038818359375  319.0
529.1202392578125  499.0
239.81912231445312  243.0
332.27911376953125  315.0
341.6204833984375  350.0
542.5991821289062  765.0
583.1213989257812  649.0
271.8123474121094  323.0
383.8143005371094  373.0
581.5042724609375  653.0
450.9699401855469  411.0
366.73638916015625  353.0
406.6808776855469  430.0
511.10760498046875  519.0
MSE : 2366.64507165327
MAPE : 7.6252804675459585
R2 Score : 0.8621267744327373
time : 918.4828396270022
