524.12158203125  530.0
549.6493530273438  589.0
561.2607421875  536.0
524.5424194335938  499.0
304.8434143066406  366.0
524.5904541015625  599.0
451.82720947265625  392.0
524.7876586914062  600.0
553.7435302734375  577.0
211.0225067138672  221.0
315.83935546875  313.0
378.4582824707031  363.0
567.8640747070312  493.0
217.95802307128906  195.0
366.1852722167969  350.0
283.9218444824219  253.0
365.7113037109375  433.0
563.2075805664062  527.0
523.3076782226562  520.0
524.89404296875  482.0
555.4603881835938  550.0
293.3818359375  323.0
566.5894165039062  560.0
297.6669616699219  199.0
398.4078674316406  363.0
296.6989440917969  284.0
491.3454895019531  503.0
524.6265869140625  505.0
554.073974609375  498.0
558.629638671875  568.0
523.6839599609375  541.0
525.0670166015625  521.0
532.7205200195312  457.0
562.6293334960938  685.0
309.2767028808594  256.0
216.89085388183594  195.0
555.7280883789062  544.0
524.8893432617188  486.0
372.8630676269531  398.0
392.9679260253906  377.0
302.5998840332031  344.0
391.0222473144531  379.0
210.32029724121094  199.0
559.0044555664062  519.0
524.1611328125  549.0
524.2777709960938  508.0
394.1293029785156  424.0
335.9938659667969  327.0
299.9240417480469  249.0
285.8869934082031  269.0
560.5294799804688  565.0
524.5444946289062  467.0
407.4400634765625  411.0
522.1826782226562  484.0
564.0833129882812  563.0
406.70001220703125  545.0
328.01678466796875  243.0
386.38104248046875  300.0
554.9989013671875  569.0
522.7996215820312  537.0
211.6783447265625  194.0
524.121826171875  765.0
572.7991333007812  606.0
385.6949157714844  401.0
524.805908203125  554.0
257.1690673828125  228.0
529.6267700195312  527.0
572.9127197265625  621.0
523.589599609375  538.0
235.9586944580078  213.0
386.7203369140625  377.0
525.6495971679688  580.0
562.438232421875  615.0
553.8627319335938  584.0
218.12107849121094  207.0
225.8959197998047  241.0
377.8791809082031  413.0
391.5227966308594  409.0
453.3674621582031  415.0
523.3297119140625  519.0
398.5400085449219  331.0
523.8369140625  658.0
525.0149536132812  545.0
532.72119140625  555.0
409.1705322265625  423.0
559.3848876953125  567.0
396.728271484375  314.0
388.4062805175781  418.0
532.1327514648438  531.0
294.5713806152344  293.0
569.9043579101562  678.0
529.727783203125  515.0
394.053955078125  432.0
395.3990173339844  393.0
524.3851928710938  481.0
523.6849975585938  520.0
396.1601867675781  388.0
524.5900268554688  488.0
541.69189453125  508.0
524.8751831054688  581.0
MSE : 2542.7700489153503
MAPE : 8.395053876092543
R2 Score : 0.8534968723670926
time : 1336.1157958109397
