519.9703369140625  508.0
487.1104736328125  488.0
218.48114013671875  253.0
593.9052124023438  563.0
661.3383178710938  618.0
481.87408447265625  580.0
263.8612365722656  228.0
440.61199951171875  505.0
575.7465209960938  581.0
565.3494873046875  607.0
530.5869750976562  581.0
569.8161010742188  411.0
583.8295288085938  624.0
529.555419921875  545.0
396.87225341796875  363.0
411.281494140625  396.0
420.82879638671875  459.0
616.7720336914062  615.0
316.6502685546875  310.0
489.6727294921875  606.0
209.3859405517578  221.0
553.7056884765625  546.0
495.92913818359375  503.0
560.2064208984375  508.0
198.77369689941406  203.0
334.51123046875  388.0
485.28472900390625  470.0
193.7806396484375  194.0
199.569091796875  225.0
565.5549926757812  556.0
302.35302734375  281.0
233.6651611328125  293.0
525.3162231445312  600.0
746.3201293945312  619.0
271.03515625  302.0
567.1334838867188  552.0
536.3096313476562  529.0
527.7597045898438  541.0
348.5116271972656  379.0
317.1286926269531  360.0
235.61993408203125  272.0
192.46438598632812  203.0
604.6874389648438  569.0
502.654052734375  520.0
252.2392120361328  308.0
568.1356811523438  632.0
631.7957763671875  603.0
410.61529541015625  423.0
329.6178283691406  345.0
559.992431640625  604.0
528.4456787109375  523.0
265.65814208984375  300.0
602.6669311523438  566.0
380.4026794433594  333.0
604.7263793945312  626.0
515.7437133789062  481.0
543.3449096679688  517.0
529.929931640625  549.0
603.2850341796875  547.0
355.8868713378906  374.0
517.4500122070312  530.0
565.359619140625  579.0
432.47998046875  430.0
338.06317138671875  315.0
407.6725769042969  390.0
188.31246948242188  286.0
330.9530029296875  402.0
372.6221923828125  475.0
544.3965454101562  538.0
251.55503845214844  251.0
424.6005859375  478.0
519.0255126953125  500.0
195.1298065185547  194.0
495.6031494140625  500.0
284.88372802734375  324.0
276.3546142578125  251.0
362.8233947753906  373.0
520.278564453125  508.0
603.4115600585938  630.0
368.401611328125  337.0
433.5263977050781  411.0
252.9945068359375  206.0
385.25677490234375  187.0
193.09156799316406  197.0
434.20245361328125  523.0
559.3750610351562  566.0
376.52581787109375  315.0
510.97406005859375  525.0
540.8043212890625  552.0
706.2036743164062  595.0
305.30816650390625  318.0
452.7718811035156  473.0
527.0138549804688  423.0
624.5264282226562  563.0
193.12367248535156  130.0
541.2526245117188  560.0
406.21588134765625  392.0
359.2266845703125  433.0
188.42083740234375  197.0
508.199951171875  500.0
MSE : 2535.582578572852
MAPE : 9.42134229696846
R2 Score : 0.8646370538680774
time : 3793.7483302829787
