600.0523071289062  593.0
558.7332153320312  542.0
370.9786682128906  314.0
360.3621826171875  319.0
664.783447265625  763.0
201.84048461914062  152.0
586.3565063476562  557.0
361.6368408203125  279.0
595.5867919921875  582.0
506.5666198730469  495.0
552.0313110351562  512.0
525.7766723632812  508.0
574.7786865234375  562.0
662.3648071289062  615.0
501.9047546386719  494.0
522.53759765625  529.0
395.79718017578125  363.0
432.6447448730469  520.0
249.36106872558594  218.0
582.7600708007812  607.0
408.6119384765625  329.0
208.1239013671875  190.0
431.719970703125  430.0
332.311767578125  348.0
231.08294677734375  223.0
388.799072265625  433.0
506.54608154296875  521.0
663.567138671875  618.0
613.7639770507812  578.0
584.4490356445312  773.0
230.12306213378906  293.0
564.578369140625  525.0
266.05419921875  255.0
297.4747619628906  270.0
566.7313232421875  581.0
497.0694274902344  457.0
506.5375061035156  523.0
233.97068786621094  240.0
564.0855102539062  494.0
524.4942626953125  530.0
575.2233276367188  603.0
240.4091339111328  211.0
407.8677062988281  384.0
625.7044067382812  569.0
499.8793029785156  519.0
530.2769775390625  512.0
550.8364868164062  584.0
424.4360046386719  407.0
566.2518310546875  529.0
315.9513244628906  377.0
594.3238525390625  563.0
580.4337768554688  530.0
207.6787872314453  208.0
320.29461669921875  301.0
405.57373046875  368.0
591.3450317382812  589.0
503.7038269042969  513.0
410.1300048828125  396.0
513.534423828125  497.0
522.1294555664062  557.0
272.477294921875  239.0
559.0970458984375  508.0
238.0581512451172  207.0
553.4736938476562  573.0
499.89361572265625  484.0
417.4757995605469  393.0
247.4049072265625  219.0
511.7967834472656  518.0
485.7310791015625  600.0
423.5263977050781  475.0
536.4078369140625  551.0
501.23699951171875  478.0
630.2298583984375  616.0
486.94256591796875  493.0
511.5407409667969  484.0
567.9768676757812  537.0
382.7579650878906  386.0
503.13861083984375  483.0
570.2574462890625  517.0
203.1524200439453  203.0
618.4597778320312  547.0
333.87713623046875  330.0
573.7926635742188  562.0
415.8309631347656  387.0
305.3758239746094  278.0
228.5183563232422  207.0
236.7751007080078  235.0
437.07080078125  478.0
465.1424560546875  538.0
410.18084716796875  418.0
342.47039794921875  310.0
362.0374755859375  403.0
221.4729461669922  213.0
529.1002197265625  550.0
390.39300537109375  413.0
545.1741943359375  551.0
552.5178833007812  559.0
MSE : 1731.8925446822673
MAPE : 7.411968267346637
R2 Score : 0.9086931769773333
time : 1574.6741572960746
