497.3760681152344  401.0
504.57867431640625  503.0
564.01123046875  547.0
251.55197143554688  390.0
395.4971008300781  393.0
486.7546081542969  485.0
527.5986328125  523.0
350.0232849121094  343.0
523.9105224609375  565.0
377.3081970214844  385.0
558.4985961914062  531.0
420.0751953125  407.0
437.6654052734375  467.0
223.25340270996094  226.0
337.8084411621094  324.0
542.1356201171875  423.0
218.306640625  272.0
569.2273559570312  457.0
602.5262451171875  618.0
413.01824951171875  191.0
504.22674560546875  502.0
622.2916259765625  603.0
337.3979797363281  359.0
507.44598388671875  531.0
562.3240356445312  533.0
505.28240966796875  495.0
560.2030639648438  520.0
205.15638732910156  206.0
343.1162109375  378.0
531.9743041992188  520.0
190.5906982421875  190.0
343.31744384765625  241.0
358.0387268066406  380.0
320.15301513671875  392.0
500.7049255371094  503.0
384.3755798339844  482.0
355.10418701171875  333.0
543.7886352539062  564.0
517.761962890625  520.0
571.6668701171875  672.0
229.8312530517578  209.0
311.7528381347656  348.0
361.9206237792969  359.0
331.8117980957031  330.0
282.7106628417969  283.0
286.0484313964844  319.0
385.8200378417969  377.0
352.015380859375  378.0
224.45260620117188  302.0
526.9334106445312  581.0
251.8094482421875  253.0
358.1036376953125  363.0
704.0352172851562  595.0
525.2416381835938  536.0
189.02011108398438  152.0
597.9257202148438  668.0
433.298095703125  423.0
575.107666015625  567.0
592.8060302734375  533.0
573.5101318359375  519.0
366.3756103515625  378.0
494.5446472167969  503.0
650.2261352539062  654.0
405.2700500488281  406.0
395.72979736328125  395.0
572.95849609375  568.0
476.5328063964844  482.0
392.50421142578125  418.0
390.636474609375  421.0
105.06658935546875  260.0
392.13885498046875  420.0
211.79486083984375  208.0
525.5552978515625  523.0
293.74127197265625  330.0
215.38714599609375  194.0
559.208251953125  552.0
330.756591796875  324.0
565.0244140625  581.0
356.4626159667969  355.0
192.62234497070312  203.0
530.4824829101562  503.0
344.3193359375  256.0
340.7157287597656  327.0
282.3423767089844  319.0
507.8765869140625  499.0
198.8281707763672  243.0
301.02520751953125  315.0
334.3580322265625  350.0
602.3696899414062  765.0
629.1293334960938  649.0
247.98988342285156  323.0
394.22625732421875  373.0
593.6686401367188  653.0
557.8778076171875  411.0
386.51556396484375  353.0
431.95050048828125  430.0
514.63134765625  519.0
MSE : 3009.1919742114387
MAPE : 9.459477625675767
R2 Score : 0.824694032575902
time : 1252.455645367998
