575.3115844726562  555.0
520.1360473632812  501.0
341.510009765625  378.0
433.61724853515625  358.0
232.44747924804688  228.0
419.1380615234375  478.0
409.707763671875  403.0
401.30718994140625  363.0
573.0856323242188  589.0
561.4105834960938  581.0
322.83929443359375  324.0
529.3318481445312  550.0
411.76007080078125  300.0
268.82098388671875  283.0
450.4045104980469  493.0
548.7487182617188  493.0
588.0249633789062  550.0
410.750244140625  433.0
329.2100524902344  392.0
475.19903564453125  482.0
377.43072509765625  331.0
251.1793212890625  286.0
244.74713134765625  251.0
537.8062744140625  488.0
570.1666870117188  528.0
423.9736022949219  482.0
201.18289184570312  206.0
421.55810546875  363.0
315.0013427734375  388.0
552.9275512695312  563.0
559.7305297851562  552.0
373.9091796875  350.0
534.7714233398438  536.0
372.67352294921875  315.0
638.5184936523438  633.0
468.34814453125  486.0
525.2914428710938  519.0
210.69786071777344  293.0
568.7885131835938  535.0
574.2554931640625  606.0
561.5018920898438  685.0
552.3102416992188  584.0
551.619873046875  565.0
412.38519287109375  362.0
438.1502685546875  505.0
273.5455627441406  284.0
524.1585693359375  534.0
386.54364013671875  363.0
208.80564880371094  197.0
512.6156616210938  555.0
467.334716796875  467.0
193.15615844726562  195.0
252.64828491210938  251.0
545.1616821289062  458.0
212.6348876953125  194.0
384.0867919921875  385.0
311.6856689453125  319.0
213.41928100585938  206.0
234.04750061035156  195.0
526.8300170898438  529.0
210.61485290527344  171.0
341.6826171875  187.0
538.1809692382812  551.0
347.9791259765625  313.0
595.9718627929688  650.0
521.507080078125  508.0
584.4346313476562  592.0
636.8466186523438  638.0
666.3081665039062  560.0
488.90740966796875  499.0
423.30670166015625  432.0
552.3897094726562  538.0
531.1021118164062  599.0
392.3290710449219  360.0
517.4899291992188  563.0
197.21450805664062  152.0
539.9036254882812  503.0
516.9017944335938  503.0
210.9301300048828  235.0
207.98416137695312  207.0
554.4055786132812  539.0
485.15753173828125  481.0
575.5288696289062  573.0
558.4113159179688  557.0
650.4005737304688  632.0
419.4773254394531  430.0
332.63153076171875  333.0
613.6641235351562  603.0
323.76324462890625  348.0
239.08956909179688  205.0
556.564208984375  630.0
MSE : 1845.5667590280038
MAPE : 8.303526223353414
R2 Score : 0.906264593200475
time : 2089.8363369900035
