404.21337890625  410.0
526.216796875  520.0
554.8658447265625  568.0
510.10125732421875  507.0
502.83648681640625  536.0
326.3179931640625  378.0
302.1102600097656  318.0
520.3895263671875  520.0
551.7485961914062  556.0
388.61114501953125  377.0
587.727294921875  563.0
584.8291625976562  668.0
324.84332275390625  314.0
381.8123474121094  413.0
301.7052001953125  187.0
332.1709899902344  363.0
569.3722534179688  472.0
205.5319061279297  215.0
523.544921875  529.0
524.2598876953125  541.0
574.9198608398438  560.0
258.62579345703125  240.0
464.23095703125  457.0
559.7167358398438  590.0
477.77801513671875  503.0
301.7091369628906  311.0
483.2653503417969  390.0
258.05279541015625  284.0
558.9583129882812  650.0
505.6806640625  500.0
431.4375  392.0
540.1011352539062  482.0
561.7992553710938  621.0
319.4714050292969  390.0
587.7588500976562  563.0
299.216796875  233.0
519.4335327148438  419.0
573.063720703125  656.0
323.8956298828125  330.0
324.0617980957031  330.0
504.37200927734375  551.0
677.7943725585938  589.0
323.0316467285156  324.0
216.77357482910156  191.0
332.7355651855469  366.0
317.97955322265625  348.0
574.3120727539062  555.0
259.0606994628906  293.0
256.9599914550781  226.0
223.65916442871094  239.0
519.0394897460938  459.0
563.149169921875  626.0
369.27313232421875  421.0
207.87289428710938  190.0
501.26983642578125  497.0
404.095947265625  397.0
501.89654541015625  531.0
518.9207153320312  478.0
574.4385986328125  577.0
691.8283081054688  643.0
445.75457763671875  459.0
599.1216430664062  423.0
496.91650390625  618.0
215.30209350585938  228.0
506.37017822265625  541.0
511.7635803222656  481.0
324.488525390625  225.0
552.1172485351562  561.0
329.124267578125  425.0
407.9251708984375  389.0
316.3597106933594  315.0
503.1723937988281  502.0
321.1513366699219  301.0
505.16326904296875  493.0
408.0196838378906  313.0
207.92616271972656  195.0
325.9541015625  379.0
600.8749389648438  653.0
534.7689819335938  494.0
304.3739929199219  281.0
323.20367431640625  315.0
398.57342529296875  363.0
205.9002685546875  209.0
596.2765502929688  260.0
557.4917602539062  670.0
555.6600952148438  565.0
489.9152526855469  546.0
553.61181640625  530.0
547.0127563476562  555.0
381.4005432128906  267.0
590.07177734375  623.0
356.12933349609375  241.0
418.359375  473.0
561.1805419921875  551.0
398.9639892578125  333.0
210.59881591796875  203.0
356.74578857421875  433.0
594.2625732421875  557.0
526.5283203125  508.0
331.3275451660156  315.0
MSE : 3822.7532885222977
MAPE : 11.019498825060174
R2 Score : 0.7909897659556344
time : 1348.0763442891184
