193.72674560546875  223.0
316.9480285644531  225.0
518.8026123046875  493.0
479.5486755371094  580.0
195.9915313720703  203.0
362.56121826171875  281.0
342.9659118652344  410.0
556.0335693359375  604.0
314.8070373535156  423.0
370.5584411621094  433.0
571.609375  513.0
648.6588134765625  624.0
526.4559936523438  493.0
653.40087890625  607.0
521.4130859375  542.0
375.2662048339844  335.0
557.1004028320312  581.0
521.9901733398438  482.0
508.5509948730469  520.0
302.1059265136719  418.0
212.06851196289062  208.0
218.72012329101562  366.0
381.5760803222656  393.0
260.6413269042969  203.0
352.8411560058594  347.0
428.5473327636719  503.0
621.6911010742188  546.0
559.3175048828125  545.0
557.0287475585938  503.0
347.1069641113281  348.0
440.1753845214844  373.0
507.77154541015625  472.0
545.8487548828125  577.0
398.75628662109375  324.0
206.86849975585938  221.0
585.96533203125  633.0
194.85787963867188  286.0
287.1174011230469  253.0
530.0029296875  494.0
346.4770812988281  265.0
465.4141845703125  395.0
251.74102783203125  254.0
544.610107421875  550.0
546.715087890625  411.0
512.8138427734375  573.0
540.9803466796875  517.0
350.2252502441406  333.0
426.2098693847656  388.0
531.6436767578125  581.0
237.906982421875  243.0
180.2675018310547  215.0
512.2146606445312  478.0
540.9174194335938  658.0
596.63525390625  649.0
413.8009338378906  360.0
371.3194274902344  359.0
340.0386047363281  378.0
614.7515869140625  603.0
573.328857421875  538.0
414.847900390625  267.0
562.8836059570312  567.0
267.5352783203125  268.0
489.4217529296875  484.0
412.0841064453125  406.0
364.6674499511719  315.0
487.8193664550781  685.0
482.0483703613281  523.0
284.6620178222656  279.0
351.2677307128906  330.0
383.67303466796875  273.0
508.9327087402344  521.0
215.98623657226562  345.0
479.5799865722656  618.0
416.2988586425781  403.0
498.24847412109375  474.0
516.3917236328125  501.0
349.6888732910156  377.0
542.9963989257812  600.0
351.9709167480469  424.0
222.18582153320312  207.0
653.71484375  600.0
199.95123291015625  219.0
515.47509765625  532.0
590.8152465820312  668.0
345.1888732910156  432.0
641.324951171875  529.0
647.3299560546875  551.0
222.214599609375  298.0
510.7809753417969  513.0
584.11181640625  575.0
649.7642822265625  530.0
312.7666015625  378.0
347.1343994140625  343.0
423.5576477050781  419.0
527.05419921875  615.0
353.8144836425781  328.0
205.9345703125  171.0
555.3805541992188  569.0
581.6571044921875  619.0
MSE : 4052.492419347106
MAPE : 12.083824354524074
R2 Score : 0.7789644801341391
time : 732.8075798749996
