578.2975463867188  568.0
560.8291625976562  555.0
230.31460571289062  260.0
305.123779296875  281.0
670.6482543945312  763.0
562.2369995117188  503.0
331.0157775878906  380.0
508.8932189941406  486.0
574.1161499023438  615.0
377.4322814941406  393.0
418.1119384765625  388.0
672.9382934570312  658.0
246.58700561523438  233.0
529.4773559570312  508.0
522.4112548828125  508.0
563.5626220703125  539.0
514.79638671875  523.0
328.20367431640625  377.0
545.71923828125  529.0
378.6076354980469  498.0
299.6025695800781  253.0
315.9815673828125  267.0
552.0972900390625  557.0
523.3194580078125  485.0
341.0798034667969  335.0
598.663818359375  606.0
561.684326171875  535.0
270.9345397949219  268.0
393.5712585449219  377.0
544.7294921875  411.0
579.4017333984375  550.0
250.83363342285156  218.0
571.580322265625  537.0
407.1496887207031  523.0
375.2263488769531  379.0
424.97369384765625  423.0
391.4920654296875  393.0
332.2742004394531  321.0
209.09628295898438  196.0
562.6865844726562  525.0
333.1799621582031  373.0
379.3757019042969  387.0
311.4472961425781  316.0
384.15875244140625  366.0
527.1763916015625  532.0
561.85595703125  539.0
412.01898193359375  401.0
408.74249267578125  378.0
583.3395385742188  517.0
516.0709838867188  481.0
426.67755126953125  444.0
206.90480041503906  192.0
602.9653930664062  613.0
664.5692749023438  670.0
228.9970703125  213.0
383.0714416503906  433.0
339.3182373046875  279.0
344.779296875  330.0
360.7962951660156  416.0
505.5836181640625  519.0
497.5901794433594  500.0
353.7791748046875  362.0
549.331787109375  529.0
533.1669311523438  512.0
324.5813903808594  418.0
390.33447265625  417.0
325.95166015625  324.0
511.59735107421875  499.0
443.8814392089844  430.0
561.2900390625  513.0
556.1356201171875  491.0
386.5893859863281  388.0
226.79598999023438  203.0
399.3675231933594  420.0
270.5491943359375  251.0
591.01513671875  560.0
576.9622802734375  554.0
518.0452880859375  499.0
586.37548828125  561.0
322.4721984863281  300.0
272.1827392578125  319.0
568.8192749023438  552.0
506.6333923339844  481.0
551.0310668945312  551.0
530.63818359375  521.0
577.73681640625  545.0
235.01722717285156  206.0
396.4664001464844  406.0
275.6634216308594  235.0
510.99359130859375  502.0
590.078857421875  630.0
557.2777099609375  536.0
227.53897094726562  221.0
265.3157043457031  220.0
230.28147888183594  221.0
542.24267578125  563.0
525.1386108398438  493.0
MSE : 1396.2704196311918
MAPE : 6.8836905944644045
R2 Score : 0.9136782889401187
time : 2815.084578669994
