291.4551696777344  344.0
505.24566650390625  503.0
532.6104736328125  600.0
480.9803466796875  554.0
527.1300659179688  525.0
513.3380737304688  560.0
556.4534301757812  493.0
356.93792724609375  498.0
562.966796875  520.0
606.3489379882812  668.0
365.28887939453125  353.0
567.4421997070312  482.0
367.7655029296875  377.0
342.3645324707031  314.0
204.55380249023438  203.0
305.8887023925781  433.0
509.482421875  532.0
584.3013916015625  440.0
592.7718505859375  573.0
525.6782836914062  527.0
177.498291015625  130.0
146.8223419189453  319.0
501.52459716796875  500.0
524.1636352539062  773.0
509.1297302246094  549.0
516.1427001953125  543.0
244.76934814453125  324.0
304.19012451171875  424.0
461.3803405761719  499.0
366.75927734375  319.0
498.64599609375  422.0
654.9492797851562  569.0
518.6246948242188  508.0
531.4664916992188  388.0
566.47265625  560.0
492.98529052734375  475.0
584.9619140625  449.0
365.3108825683594  413.0
263.4448547363281  221.0
518.9574584960938  513.0
583.0855102539062  563.0
645.318115234375  668.0
585.3680419921875  549.0
476.5491943359375  508.0
234.58364868164062  286.0
534.7094116210938  603.0
350.0537109375  226.0
461.14410400390625  486.0
261.5681457519531  330.0
505.65478515625  472.0
361.8892517089844  362.0
589.6840209960938  638.0
366.4476013183594  406.0
508.1357727050781  673.0
172.0494384765625  199.0
246.02012634277344  197.0
533.33544921875  551.0
573.6050415039062  541.0
476.9530334472656  529.0
419.92620849609375  473.0
569.0479125976562  549.0
605.4989013671875  615.0
363.05645751953125  384.0
315.79559326171875  331.0
509.259765625  484.0
523.1429443359375  564.0
368.1379699707031  387.0
518.766357421875  521.0
221.73529052734375  310.0
618.7757568359375  530.0
479.7690734863281  493.0
347.3394775390625  330.0
265.43701171875  239.0
385.4082336425781  370.0
655.9472045898438  590.0
630.6734619140625  685.0
214.18490600585938  194.0
327.28802490234375  365.0
242.9910888671875  251.0
649.7537841796875  623.0
521.604736328125  545.0
516.3501586914062  495.0
333.4969177246094  330.0
331.54248046875  401.0
498.56695556640625  503.0
255.20501708984375  388.0
202.42543029785156  190.0
342.85980224609375  328.0
516.8533325195312  481.0
236.09036254882812  171.0
289.5733337402344  373.0
225.54640197753906  205.0
214.96572875976562  243.0
428.11224365234375  363.0
304.4059753417969  393.0
652.8341674804688  557.0
315.06793212890625  315.0
617.555908203125  653.0
304.8825988769531  503.0
MSE : 4763.938602831544
MAPE : 12.347307700797508
R2 Score : 0.7422492501109943
time : 1144.2618419998325
