572.623291015625  537.0
181.6087646484375  204.0
558.7066650390625  545.0
406.6091613769531  318.0
515.11474609375  526.0
312.7439880371094  349.0
531.35205078125  509.0
322.6334533691406  316.0
373.8047790527344  363.0
219.6841583251953  226.0
527.51318359375  545.0
230.0293731689453  253.0
217.83750915527344  203.0
572.629150390625  619.0
276.33819580078125  270.0
176.073974609375  215.0
402.7956237792969  393.0
252.33042907714844  235.0
546.5863037109375  531.0
425.7410583496094  407.0
360.15325927734375  380.0
312.4202575683594  199.0
363.5446472167969  353.0
529.7623901367188  541.0
578.1383056640625  678.0
329.6610107421875  344.0
585.645263671875  545.0
385.60150146484375  392.0
525.0042114257812  584.0
678.531982421875  595.0
405.6048583984375  387.0
590.2783203125  604.0
498.9501037597656  520.0
565.322265625  603.0
568.41796875  630.0
562.4539184570312  513.0
526.0586547851562  538.0
380.719482421875  329.0
365.8204040527344  403.0
245.02076721191406  348.0
562.783203125  632.0
490.50775146484375  500.0
589.718505859375  618.0
562.5986328125  560.0
310.9934387207031  304.0
333.80865478515625  366.0
557.5021362304688  520.0
568.8746337890625  590.0
380.5597839355469  379.0
496.0229187011719  498.0
174.17355346679688  197.0
492.85760498046875  538.0
574.0640258789062  590.0
501.55364990234375  474.0
280.8979797363281  300.0
439.7721252441406  548.0
347.4144592285156  328.0
272.4510803222656  278.0
535.7008056640625  527.0
324.40435791015625  187.0
230.30108642578125  257.0
369.9554443359375  362.0
584.2105712890625  527.0
368.2770690917969  409.0
337.6631164550781  313.0
414.9112548828125  360.0
306.837890625  323.0
301.9977111816406  249.0
502.37249755859375  490.0
387.6976013183594  385.0
498.6775817871094  521.0
584.814453125  626.0
207.14019775390625  272.0
568.5714111328125  606.0
384.0118103027344  360.0
391.4549865722656  396.0
193.69509887695312  206.0
482.5076904296875  492.0
338.20843505859375  359.0
528.8448486328125  536.0
579.5521240234375  621.0
190.5277099609375  213.0
317.5502624511719  191.0
576.4442749023438  606.0
664.7022094726562  604.0
577.3990478515625  673.0
214.2559356689453  216.0
537.4607543945312  411.0
528.279052734375  493.0
409.44696044921875  388.0
680.2084350585938  668.0
496.8515319824219  500.0
MSE : 2087.858739782403
MAPE : 9.108317741635712
R2 Score : 0.8950067575728201
time : 2298.647240987004
