444.45965576171875  401.0
507.41143798828125  503.0
612.7407836914062  547.0
256.6270446777344  390.0
417.6246337890625  393.0
471.5624694824219  485.0
522.6493530273438  523.0
340.2374267578125  343.0
521.0987548828125  565.0
366.972900390625  385.0
544.8836059570312  531.0
400.68450927734375  407.0
287.044189453125  467.0
221.30177307128906  226.0
303.4516296386719  324.0
301.660888671875  423.0
234.9556427001953  272.0
445.60797119140625  457.0
572.7351684570312  618.0
305.20611572265625  191.0
493.7881164550781  502.0
635.6533813476562  603.0
302.21435546875  359.0
508.3153381347656  531.0
559.0659790039062  533.0
519.8668212890625  495.0
573.1873168945312  520.0
219.71249389648438  206.0
332.0242919921875  378.0
512.2201538085938  520.0
200.6842803955078  190.0
278.24847412109375  241.0
323.6175537109375  380.0
375.048095703125  392.0
474.36688232421875  503.0
368.7451171875  482.0
339.4175720214844  333.0
553.6343383789062  564.0
504.6470642089844  520.0
588.7107543945312  672.0
196.59881591796875  209.0
276.60919189453125  348.0
352.3268737792969  359.0
312.6996765136719  330.0
245.29946899414062  283.0
298.80267333984375  319.0
423.8487243652344  377.0
216.81173706054688  378.0
247.87159729003906  302.0
534.567138671875  581.0
226.1684112548828  253.0
389.83587646484375  363.0
680.2020874023438  595.0
547.4166870117188  536.0
189.5570831298828  152.0
609.4067993164062  668.0
398.0202941894531  423.0
575.6384887695312  567.0
606.2472534179688  533.0
586.5311279296875  519.0
278.8617858886719  378.0
491.8935852050781  503.0
622.7894287109375  654.0
387.6101989746094  406.0
384.27276611328125  395.0
573.998291015625  568.0
514.1232299804688  482.0
374.4337463378906  418.0
350.7186279296875  421.0
207.5818328857422  260.0
346.6000671386719  420.0
212.66331481933594  208.0
550.5576171875  523.0
325.6399230957031  330.0
186.32388305664062  194.0
535.7911987304688  552.0
296.81536865234375  324.0
562.024169921875  581.0
278.0729064941406  355.0
204.4820098876953  203.0
534.5731201171875  503.0
366.8616943359375  256.0
330.3190612792969  327.0
297.4341125488281  319.0
514.0352172851562  499.0
212.58595275878906  243.0
339.3633117675781  315.0
337.5470275878906  350.0
583.1595458984375  765.0
662.3154907226562  649.0
273.1966247558594  323.0
348.4395446777344  373.0
594.9091796875  653.0
490.7676086425781  411.0
342.4761657714844  353.0
411.0716552734375  430.0
509.0709228515625  519.0
MSE : 3005.9846599312914
MAPE : 9.980230227242409
R2 Score : 0.8248808805196466
time : 964.8586647329939
