481.8980712890625  475.0
359.61126708984375  226.0
262.20916748046875  229.0
297.2566833496094  333.0
241.2484588623047  220.0
457.15081787109375  411.0
515.2083129882812  508.0
499.0894775390625  505.0
526.6646728515625  530.0
400.25103759765625  422.0
572.3314208984375  584.0
618.1258544921875  593.0
697.9725341796875  563.0
432.5690002441406  467.0
232.95960998535156  206.0
540.8504638671875  564.0
578.3036499023438  580.0
412.90228271484375  360.0
203.21910095214844  203.0
333.7098693847656  330.0
487.54754638671875  493.0
477.25030517578125  479.0
561.9969482421875  538.0
575.4035034179688  566.0
266.236572265625  323.0
207.24717712402344  130.0
243.5552215576172  260.0
539.853759765625  546.0
410.070556640625  482.0
393.5652770996094  420.0
214.54429626464844  173.0
402.651611328125  363.0
534.2463989257812  527.0
360.45623779296875  191.0
249.05271911621094  211.0
554.675048828125  549.0
627.9898071289062  615.0
574.9482421875  584.0
448.04144287109375  360.0
582.1221923828125  546.0
374.8916015625  360.0
416.0669250488281  393.0
378.98095703125  374.0
563.639404296875  551.0
221.54112243652344  194.0
600.5413818359375  565.0
603.5330200195312  670.0
493.9718933105469  500.0
257.25714111328125  257.0
551.945556640625  541.0
594.952880859375  568.0
520.9556884765625  498.0
436.911376953125  457.0
383.6324157714844  325.0
211.59510803222656  188.0
228.7516632080078  213.0
354.35650634765625  272.0
338.28607177734375  187.0
599.111083984375  517.0
402.56903076171875  433.0
402.503662109375  390.0
539.0869750976562  550.0
570.43798828125  520.0
325.48321533203125  324.0
406.31817626953125  410.0
240.61729431152344  302.0
519.6712646484375  526.0
543.4110107421875  494.0
594.696533203125  624.0
350.7987365722656  267.0
576.4066162109375  550.0
265.1763916015625  259.0
325.78277587890625  313.0
602.92822265625  566.0
561.86962890625  562.0
327.22320556640625  345.0
254.96913146972656  218.0
568.9285888671875  525.0
270.21307373046875  251.0
220.9368438720703  152.0
333.351318359375  348.0
532.8742065429688  599.0
451.0384521484375  563.0
359.5381164550781  378.0
529.6536865234375  554.0
546.1270751953125  508.0
340.5870666503906  333.0
377.23760986328125  359.0
382.44970703125  386.0
497.669189453125  470.0
391.5487060546875  377.0
533.394775390625  519.0
605.3702392578125  618.0
239.75743103027344  207.0
378.8996887207031  421.0
544.8780517578125  522.0
561.32275390625  535.0
357.41864013671875  319.0
MSE : 2164.5878849681326
MAPE : 10.39224391972996
R2 Score : 0.8871908478247575
time : 1738.7516485759988
