226.7771759033203  223.0
243.4937744140625  225.0
604.9874877929688  493.0
605.2348022460938  580.0
201.21607971191406  203.0
324.22137451171875  281.0
382.65814208984375  410.0
611.7820434570312  604.0
536.4745483398438  423.0
383.86871337890625  433.0
543.0198364257812  513.0
615.6077880859375  624.0
520.1578979492188  493.0
624.8679809570312  607.0
541.734619140625  542.0
320.3926696777344  335.0
558.4492797851562  581.0
520.1011352539062  482.0
527.9478759765625  520.0
329.9626159667969  418.0
203.1819305419922  208.0
288.2529602050781  366.0
393.0980529785156  393.0
209.2781524658203  203.0
371.33758544921875  347.0
528.72216796875  503.0
569.8173828125  546.0
577.7446899414062  545.0
540.221435546875  503.0
336.0586242675781  348.0
434.3215637207031  373.0
502.7440490722656  472.0
535.421142578125  577.0
383.71649169921875  324.0
252.76429748535156  221.0
611.3013305664062  633.0
304.5653381347656  286.0
278.46258544921875  253.0
513.7973022460938  494.0
335.17083740234375  265.0
444.7379150390625  395.0
291.69482421875  254.0
570.7011108398438  550.0
523.3779907226562  411.0
517.734130859375  573.0
543.634765625  517.0
344.1134948730469  333.0
399.80712890625  388.0
528.6431274414062  581.0
232.67469787597656  243.0
174.68299865722656  215.0
515.2625122070312  478.0
719.8478393554688  658.0
645.9041137695312  649.0
400.5908203125  360.0
399.27679443359375  359.0
331.8006591796875  378.0
610.0776977539062  603.0
581.3011474609375  538.0
310.73309326171875  267.0
603.689453125  567.0
306.8305969238281  268.0
509.8766174316406  484.0
446.3702392578125  406.0
325.14801025390625  315.0
665.4080200195312  685.0
530.7152709960938  523.0
360.5725402832031  279.0
322.3617858886719  330.0
162.14613342285156  273.0
534.2269897460938  521.0
350.0675354003906  345.0
716.2869262695312  618.0
368.3910217285156  403.0
507.2732238769531  474.0
511.9233703613281  501.0
333.22772216796875  377.0
561.3146362304688  600.0
338.811767578125  424.0
254.382568359375  207.0
562.4219360351562  600.0
239.44891357421875  219.0
526.5081787109375  532.0
615.1541137695312  668.0
334.50860595703125  432.0
548.4940795898438  529.0
567.6817016601562  551.0
344.2060241699219  298.0
522.5619506835938  513.0
591.2398071289062  575.0
548.9421997070312  530.0
386.8739318847656  378.0
363.5555725097656  343.0
440.3460998535156  419.0
571.0567016601562  615.0
356.98028564453125  328.0
206.51768493652344  171.0
583.8171997070312  569.0
596.8518676757812  619.0
MSE : 1868.8863456235808
MAPE : 8.743704204351728
R2 Score : 0.8980651356673802
time : 1254.6207760939978
