403.4425964355469  418.0
572.5527954101562  519.0
403.7927551269531  413.0
304.2225646972656  387.0
573.1909790039062  559.0
303.9615478515625  209.0
303.8305969238281  195.0
567.2409057617188  581.0
577.65234375  566.0
304.3543395996094  393.0
555.9410400390625  472.0
555.676513671875  518.0
382.6720275878906  355.0
565.0897216796875  532.0
304.0559387207031  281.0
304.5389404296875  295.0
558.9606323242188  624.0
566.7932739257812  616.0
555.9758911132812  501.0
304.1616516113281  268.0
409.5054016113281  344.0
562.7677001953125  656.0
303.9900817871094  348.0
560.786865234375  573.0
572.8446044921875  549.0
303.8675842285156  190.0
304.2173767089844  284.0
357.3773193359375  373.0
558.6140747070312  538.0
568.6494750976562  615.0
558.5277709960938  508.0
555.7179565429688  491.0
557.4684448242188  533.0
304.4823913574219  267.0
577.132080078125  587.0
303.9164123535156  203.0
572.8778076171875  557.0
404.4784240722656  363.0
304.1496887207031  315.0
564.6455078125  517.0
304.27569580078125  318.0
406.6387023925781  396.0
555.7639770507812  481.0
303.9075012207031  254.0
561.0737915039062  539.0
303.8814392089844  226.0
304.4028625488281  406.0
577.3015747070312  583.0
567.5485229492188  536.0
566.5579223632812  613.0
557.927734375  603.0
556.546630859375  523.0
305.3276062011719  298.0
304.0499572753906  324.0
576.4459838867188  649.0
303.9042053222656  256.0
304.67169189453125  353.0
577.7726440429688  604.0
303.8979797363281  171.0
416.3759460449219  467.0
304.3043518066406  379.0
568.9794311523438  595.0
372.5946044921875  424.0
555.9921264648438  650.0
304.6307678222656  389.0
562.533447265625  493.0
569.9822387695312  603.0
578.1249389648438  685.0
558.0473022460938  538.0
405.8371887207031  410.0
478.57672119140625  449.0
556.485107421875  474.0
576.4411010742188  530.0
403.1870422363281  385.0
577.2633056640625  607.0
575.6566772460938  582.0
564.8864135742188  545.0
306.3423156738281  363.0
304.0412292480469  378.0
575.5599365234375  658.0
303.91375732421875  199.0
303.9234313964844  233.0
562.9730834960938  565.0
571.4219360351562  567.0
567.6109008789062  568.0
304.3415832519531  418.0
570.1702880859375  618.0
409.6382751464844  600.0
304.4728088378906  359.0
555.8432006835938  467.0
304.1448669433594  363.0
578.1040649414062  592.0
304.0746154785156  319.0
303.8677062988281  195.0
372.6919860839844  432.0
574.6799926757812  574.0
303.9881286621094  199.0
561.2210083007812  520.0
577.8776245117188  519.0
403.3995666503906  363.0
MSE : 3642.9168859025185
MAPE : 13.642574686255129
R2 Score : 0.8043779481768276
time : 1142.9524360740033
