548.4408569335938  763.0
358.0529479980469  272.0
547.7609252929688  523.0
403.9129333496094  318.0
395.0311584472656  374.0
548.414794921875  626.0
388.4559631347656  512.0
426.0044860839844  564.0
344.8564147949219  362.0
230.8074188232422  171.0
292.8088684082031  344.0
448.6374816894531  523.0
403.92584228515625  390.0
299.1852722167969  315.0
330.3385009765625  265.0
548.337158203125  565.0
426.9725341796875  685.0
548.2523193359375  549.0
544.9169311523438  538.0
547.9423217773438  544.0
544.2072143554688  472.0
218.969970703125  233.0
349.1285400390625  323.0
275.3565673828125  229.0
357.5458679199219  377.0
548.4375610351562  533.0
356.0257873535156  373.0
349.0735778808594  318.0
401.7270202636719  498.0
548.3461303710938  654.0
547.7313842773438  546.0
472.6094970703125  519.0
271.2621154785156  152.0
548.4190673828125  569.0
353.2641296386719  378.0
357.9283752441406  416.0
230.2683868408203  221.0
334.32135009765625  295.0
547.8739624023438  478.0
546.6815795898438  668.0
208.55650329589844  240.0
548.4213256835938  582.0
390.3636779785156  363.0
420.7152404785156  507.0
534.9736328125  668.0
236.78443908691406  254.0
548.4612426757812  580.0
425.2031555175781  573.0
548.4495239257812  557.0
542.1686401367188  536.0
379.45452880859375  226.0
400.65032958984375  505.0
326.330322265625  324.0
441.06060791015625  475.0
547.7246704101562  618.0
539.1580200195312  527.0
382.2738952636719  393.0
322.4169006347656  333.0
345.9535217285156  378.0
199.83213806152344  197.0
328.9657897949219  365.0
548.3543701171875  619.0
548.4999389648438  773.0
548.428955078125  566.0
376.3106994628906  373.0
335.3315734863281  316.0
548.4411010742188  561.0
548.2073364257812  493.0
361.9422302246094  380.0
469.0065002441406  538.0
548.43603515625  562.0
548.4705200195312  568.0
548.1110229492188  600.0
536.3681030273438  523.0
279.7948303222656  270.0
484.5283508300781  527.0
371.6031188964844  191.0
548.3186645507812  557.0
232.9878692626953  220.0
538.6305541992188  763.0
406.7173767089844  419.0
543.0615234375  508.0
254.2868194580078  283.0
548.4462280273438  539.0
547.814453125  473.0
346.7588195800781  366.0
180.4243927001953  188.0
548.4472045898438  613.0
309.4750671386719  319.0
383.57244873046875  410.0
548.288818359375  765.0
548.2535400390625  566.0
253.70164489746094  293.0
429.9877624511719  595.0
546.34716796875  543.0
309.3726806640625  301.0
428.4959716796875  520.0
362.83197021484375  359.0
MSE : 6159.4372546640725
MAPE : 12.40466203604974
R2 Score : 0.724200108463016
time : 633.6665559851099
