537.0159912109375  522.0
261.7138366699219  363.0
694.3955688476562  590.0
608.2554321289062  606.0
542.6065063476562  522.0
516.911376953125  534.0
308.2778625488281  421.0
526.003173828125  503.0
506.2955627441406  485.0
381.9513854980469  359.0
406.753173828125  403.0
584.2680053710938  573.0
223.03311157226562  221.0
397.32196044921875  401.0
505.40228271484375  502.0
666.3216552734375  673.0
363.6280517578125  373.0
543.9442138671875  525.0
531.1631469726562  523.0
610.00390625  773.0
292.8349914550781  254.0
463.4321594238281  411.0
511.814208984375  500.0
381.67498779296875  376.0
194.10775756835938  171.0
478.1963195800781  478.0
311.19598388671875  251.0
510.3841552734375  503.0
531.0475463867188  577.0
348.9920959472656  314.0
548.2684936523438  545.0
343.4013671875  330.0
194.33746337890625  190.0
392.54229736328125  498.0
458.6966552734375  478.0
567.4943237304688  559.0
608.9668579101562  604.0
477.1976318359375  474.0
540.1536254882812  527.0
333.66534423828125  348.0
489.0472412109375  484.0
581.7803344726562  604.0
344.54998779296875  187.0
485.79010009765625  470.0
466.798583984375  488.0
507.2200927734375  481.0
606.3692016601562  603.0
326.5286865234375  324.0
547.6930541992188  559.0
450.9735107421875  523.0
550.8590698242188  535.0
524.2235717773438  562.0
535.382568359375  530.0
378.2369384765625  359.0
559.113037109375  584.0
531.9852294921875  484.0
351.10638427734375  378.0
216.21408081054688  208.0
466.8442687988281  548.0
533.4669799804688  533.0
510.346435546875  497.0
595.2536010742188  630.0
391.7657470703125  407.0
343.3070068359375  390.0
369.7509460449219  363.0
357.8255920410156  385.0
528.244384765625  527.0
520.6067504882812  519.0
248.34848022460938  319.0
659.957763671875  623.0
511.99676513671875  491.0
265.38897705078125  235.0
246.2056427001953  195.0
325.06390380859375  301.0
388.6813049316406  393.0
533.6776733398438  517.0
546.896484375  578.0
265.8766784667969  251.0
354.1676330566406  327.0
356.3095397949219  377.0
193.49864196777344  188.0
431.4606018066406  520.0
573.4141845703125  573.0
359.1239929199219  337.0
343.30609130859375  293.0
492.3845520019531  500.0
193.6985626220703  196.0
460.3583068847656  440.0
595.5882568359375  580.0
406.04718017578125  419.0
502.4426574707031  501.0
356.84649658203125  345.0
542.8792114257812  528.0
335.17767333984375  330.0
309.93115234375  325.0
385.4964599609375  418.0
416.3064880371094  482.0
375.6651611328125  418.0
577.0534057617188  589.0
MSE : 1718.0138353370671
MAPE : 6.930281165733516
R2 Score : 0.8919730028693342
time : 1340.3014238289907
