535.7694702148438  411.0
429.9366455078125  419.0
494.59527587890625  500.0
544.1744995117188  529.0
210.66571044921875  204.0
426.8685302734375  493.0
604.476318359375  552.0
510.4772033691406  501.0
335.72802734375  393.0
345.7054443359375  359.0
522.344970703125  535.0
598.0905151367188  656.0
315.1115417480469  330.0
493.8485107421875  467.0
535.1581420898438  522.0
556.7322387695312  563.0
537.0836791992188  525.0
430.37884521484375  411.0
391.35504150390625  387.0
508.418701171875  500.0
264.2622985839844  229.0
382.728271484375  384.0
555.1815795898438  494.0
582.9586181640625  626.0
545.7449340820312  773.0
367.70465087890625  415.0
247.71563720703125  348.0
416.8190612792969  406.0
318.5874938964844  321.0
342.0077209472656  380.0
306.9985046386719  333.0
372.3417663574219  360.0
570.6077270507812  562.0
287.23797607421875  379.0
411.4878845214844  378.0
383.125244140625  360.0
385.8953857421875  403.0
285.09429931640625  335.0
292.0037536621094  308.0
517.5745849609375  478.0
505.5846862792969  521.0
386.4770202636719  410.0
300.2353210449219  324.0
381.4627380371094  329.0
565.460693359375  562.0
517.9662475585938  520.0
300.9178161621094  324.0
296.28411865234375  298.0
271.1658630371094  239.0
571.9249877929688  618.0
616.9586181640625  638.0
529.4812622070312  538.0
269.62884521484375  251.0
521.268798828125  523.0
556.85546875  520.0
249.70101928710938  228.0
580.4564819335938  557.0
621.6192016601562  649.0
371.0605773925781  392.0
421.906494140625  360.0
550.135986328125  520.0
494.8338623046875  475.0
553.1944580078125  546.0
414.03509521484375  411.0
568.4171752929688  539.0
526.683837890625  518.0
470.10809326171875  401.0
382.0804138183594  416.0
550.4811401367188  580.0
579.2642211914062  580.0
349.5060119628906  315.0
344.89788818359375  348.0
371.7439880371094  355.0
609.5510864257812  673.0
578.6839599609375  606.0
257.4598693847656  217.0
577.5042114257812  565.0
555.7467041015625  565.0
608.6202392578125  561.0
546.3150634765625  554.0
553.5803833007812  520.0
561.34423828125  542.0
398.0181884765625  402.0
494.06353759765625  482.0
495.0389404296875  563.0
271.7200622558594  228.0
333.82623291015625  313.0
221.4505615234375  207.0
329.54473876953125  265.0
405.0609436035156  422.0
580.8464965820312  545.0
324.33349609375  344.0
571.473876953125  579.0
332.86737060546875  319.0
591.0530395507812  551.0
547.2767333984375  568.0
564.8719482421875  536.0
MSE : 1789.6318011193623
MAPE : 6.974630170293212
R2 Score : 0.8792987725638086
time : 1216.5035810079426
