312.23651123046875  345.0
219.27162170410156  197.0
273.3926696777344  330.0
344.73614501953125  319.0
331.5034484863281  324.0
499.5656433105469  449.0
685.367919921875  658.0
649.5846557617188  685.0
382.1250915527344  315.0
237.17112731933594  207.0
546.6371459960938  529.0
537.4054565429688  527.0
512.0989990234375  545.0
491.33343505859375  484.0
564.6043090820312  580.0
468.31597900390625  440.0
543.1717529296875  548.0
555.5367431640625  562.0
316.5440673828125  398.0
569.782958984375  584.0
549.1492919921875  533.0
324.910888671875  390.0
615.708984375  615.0
572.3150024414062  539.0
580.10888671875  604.0
331.65673828125  344.0
513.3214111328125  484.0
572.8909912109375  531.0
296.24114990234375  418.0
585.1243286132812  668.0
494.7840881347656  523.0
536.8306274414062  520.0
495.7285461425781  521.0
523.3734130859375  520.0
273.4374084472656  228.0
244.26861572265625  251.0
302.2130432128906  265.0
546.713623046875  550.0
529.9413452148438  560.0
242.9823760986328  272.0
547.4005126953125  545.0
553.1875  557.0
495.384033203125  573.0
325.57598876953125  415.0
526.0419921875  536.0
287.4510803222656  293.0
388.3179931640625  409.0
316.0946350097656  350.0
270.08074951171875  266.0
231.36367797851562  233.0
280.9067687988281  218.0
686.7276611328125  595.0
572.4351196289062  543.0
495.0209655761719  478.0
467.0632019042969  505.0
238.9192657470703  211.0
581.2642822265625  549.0
497.1612548828125  503.0
536.63818359375  551.0
504.7933044433594  508.0
519.822998046875  458.0
499.6258544921875  509.0
677.3923950195312  668.0
618.061279296875  573.0
593.04248046875  649.0
540.6402587890625  584.0
201.94509887695312  366.0
301.8718566894531  191.0
586.599365234375  555.0
407.7774658203125  363.0
620.2285766601562  670.0
618.2913208007812  616.0
551.9273071289062  522.0
390.5665588378906  379.0
509.77362060546875  499.0
337.32012939453125  363.0
516.5169067382812  493.0
496.4252624511719  501.0
328.71734619140625  355.0
629.6885375976562  616.0
479.7312316894531  498.0
556.6056518554688  554.0
595.5532836914062  580.0
403.06414794921875  433.0
506.64703369140625  531.0
323.7259216308594  330.0
257.370849609375  187.0
527.859375  512.0
553.5077514648438  535.0
238.30612182617188  259.0
372.0183410644531  386.0
509.9193420410156  495.0
611.9505004882812  583.0
543.9031982421875  528.0
556.811279296875  568.0
224.8395233154297  255.0
324.4998474121094  425.0
515.8204345703125  549.0
MSE : 1798.0674962376706
MAPE : 7.985403511665265
R2 Score : 0.8928614666374824
time : 720.2885262140007
