470.6747131347656  503.0
540.2941284179688  673.0
355.84136962890625  348.0
611.0678100585938  569.0
453.8271484375  378.0
349.99285888671875  424.0
459.7845764160156  523.0
389.34112548828125  384.0
362.3658142089844  337.0
564.5740966796875  503.0
556.7263793945312  541.0
339.62890625  218.0
334.6671447753906  191.0
405.40411376953125  373.0
506.25238037109375  481.0
517.0799560546875  520.0
506.2331848144531  507.0
464.2614440917969  457.0
344.9464111328125  295.0
562.7301025390625  549.0
536.04248046875  509.0
501.57037353515625  520.0
506.12200927734375  512.0
519.017822265625  478.0
382.25006103515625  325.0
583.5440063476562  554.0
536.3583984375  529.0
524.5359497070312  513.0
408.9165954589844  378.0
537.5675048828125  554.0
268.4561767578125  251.0
580.44873046875  535.0
563.8414916992188  568.0
362.10516357421875  398.0
385.77655029296875  333.0
234.5557403564453  206.0
391.78643798828125  433.0
512.0381469726562  545.0
586.5125122070312  556.0
366.30609130859375  416.0
388.83587646484375  353.0
677.3673095703125  638.0
515.416259765625  474.0
308.00823974609375  226.0
147.3294677734375  199.0
556.064453125  525.0
520.4425659179688  532.0
557.5655517578125  508.0
529.8287963867188  521.0
516.6260375976562  474.0
514.867919921875  508.0
584.25634765625  577.0
525.2090454101562  536.0
264.8537902832031  397.0
548.3388671875  527.0
430.0972900390625  422.0
664.4224243164062  618.0
693.7894897460938  668.0
609.569580078125  543.0
503.366943359375  459.0
570.0147705078125  539.0
592.7002563476562  577.0
399.22021484375  421.0
413.025634765625  374.0
298.185302734375  195.0
368.3492736816406  350.0
421.74603271484375  388.0
418.736572265625  409.0
577.306640625  590.0
583.171875  575.0
642.7503662109375  773.0
534.9404907226562  444.0
609.3321533203125  550.0
299.5693359375  293.0
430.15814208984375  393.0
578.447509765625  589.0
564.1592407226562  584.0
370.1934814453125  376.0
237.70199584960938  216.0
239.08787536621094  208.0
548.398681640625  577.0
410.21502685546875  393.0
540.8115234375  561.0
295.21099853515625  324.0
605.21630859375  593.0
220.14312744140625  194.0
350.45416259765625  324.0
621.1242065429688  584.0
184.6901397705078  203.0
188.09881591796875  196.0
321.9769287109375  324.0
223.94410705566406  205.0
396.17919921875  366.0
255.50352478027344  269.0
494.75750732421875  475.0
533.658447265625  551.0
292.23797607421875  310.0
385.8358459472656  359.0
611.8187255859375  616.0
MSE : 2076.5816897437226
MAPE : 9.20279954305777
R2 Score : 0.8808887571095537
time : 1137.831707084988
