533.8846435546875  593.0
539.12451171875  542.0
403.1714172363281  314.0
418.3314514160156  319.0
539.2947998046875  763.0
195.2136993408203  152.0
539.3169555664062  557.0
325.0299987792969  279.0
539.3035278320312  582.0
539.3129272460938  495.0
539.236328125  512.0
539.3011474609375  508.0
539.2907104492188  562.0
539.1709594726562  615.0
539.24560546875  494.0
539.2955322265625  529.0
399.5845031738281  363.0
451.0449523925781  520.0
240.59152221679688  218.0
539.3097534179688  607.0
407.09686279296875  329.0
165.23150634765625  190.0
444.4684143066406  430.0
308.26165771484375  348.0
231.40333557128906  223.0
357.0640563964844  433.0
539.2841796875  521.0
539.1814575195312  618.0
539.2344360351562  578.0
539.2479248046875  773.0
214.5037841796875  293.0
539.3152465820312  525.0
385.5393371582031  255.0
307.0801086425781  270.0
539.2239379882812  581.0
416.7745666503906  457.0
539.3021850585938  523.0
171.9520263671875  240.0
538.9593505859375  494.0
539.3330688476562  530.0
539.30419921875  603.0
249.00814819335938  211.0
420.2245788574219  384.0
539.311279296875  569.0
532.9252319335938  519.0
539.2899780273438  512.0
539.2345581054688  584.0
416.4849853515625  407.0
539.0452880859375  529.0
321.0835876464844  377.0
539.2034912109375  563.0
539.284423828125  530.0
220.3619842529297  208.0
312.48834228515625  301.0
375.9934997558594  368.0
539.293701171875  589.0
539.2813110351562  513.0
414.7962341308594  396.0
539.3136596679688  497.0
539.296142578125  557.0
300.7301330566406  239.0
539.207763671875  508.0
249.55807495117188  207.0
539.2811279296875  573.0
539.297607421875  484.0
426.6419372558594  393.0
248.0696258544922  219.0
539.2957153320312  518.0
424.4255065917969  600.0
425.4388732910156  475.0
539.2817993164062  551.0
539.2750244140625  478.0
539.3087768554688  616.0
538.970458984375  493.0
539.2820434570312  484.0
539.3136596679688  537.0
396.9842224121094  386.0
539.2974853515625  483.0
539.3151245117188  517.0
188.6925048828125  203.0
416.1181335449219  547.0
194.75607299804688  330.0
539.2999267578125  562.0
406.3032531738281  387.0
346.1095275878906  278.0
201.91336059570312  207.0
225.3012237548828  235.0
474.7930603027344  478.0
538.4655151367188  538.0
414.7538146972656  418.0
312.2742919921875  310.0
352.4009704589844  403.0
245.9551544189453  213.0
539.3056640625  550.0
405.6285705566406  413.0
539.19970703125  551.0
539.2697143554688  559.0
MSE : 3550.634849724797
MAPE : 10.380569092616037
R2 Score : 0.8128075619718014
time : 900.0918179950677
