262.390869140625  270.0
233.25755310058594  378.0
510.7521057128906  541.0
598.0148315429688  565.0
513.2582397460938  484.0
597.8020629882812  763.0
404.9836120605469  411.0
238.85780334472656  329.0
595.6094360351562  520.0
510.6492004394531  474.0
396.77203369140625  401.0
598.7044677734375  621.0
413.1575012207031  363.0
390.2026672363281  353.0
511.5061950683594  533.0
598.0091552734375  589.0
531.0526123046875  505.0
237.28030395507812  233.0
224.36199951171875  194.0
443.7939758300781  337.0
383.2240295410156  363.0
538.5  494.0
595.4500732421875  649.0
511.2590637207031  517.0
510.07623291015625  508.0
597.1612548828125  538.0
551.376953125  603.0
557.7261962890625  490.0
546.2235717773438  565.0
265.497802734375  283.0
597.2346801757812  522.0
289.67535400390625  328.0
510.0670471191406  569.0
597.3190307617188  493.0
598.232666015625  539.0
597.9959106445312  536.0
598.4046020507812  643.0
320.92803955078125  373.0
571.8150024414062  527.0
514.8488159179688  528.0
585.576416015625  539.0
541.3137817382812  520.0
548.7039184570312  568.0
595.7567138671875  550.0
219.1929931640625  173.0
596.9614868164062  607.0
581.9744873046875  584.0
290.5738525390625  387.0
592.677490234375  593.0
598.9642333984375  606.0
578.0703125  567.0
239.6966094970703  229.0
388.2510986328125  360.0
598.0089111328125  669.0
417.2572021484375  386.0
299.7341613769531  345.0
596.2039184570312  519.0
598.99560546875  593.0
299.7294616699219  343.0
478.3918151855469  493.0
346.8898620605469  409.0
512.0152587890625  522.0
553.0443725585938  561.0
587.6063232421875  549.0
230.11209106445312  225.0
596.1204833984375  549.0
412.23785400390625  523.0
580.9323120117188  552.0
226.9116668701172  228.0
555.2724609375  668.0
596.755859375  563.0
515.2984008789062  449.0
509.62896728515625  481.0
504.72174072265625  520.0
264.2784118652344  319.0
586.8331909179688  493.0
515.71630859375  536.0
265.6585998535156  272.0
340.2767639160156  390.0
548.3259887695312  523.0
509.9688720703125  500.0
539.76611328125  535.0
392.0660095214844  433.0
379.4562072753906  467.0
279.8611145019531  433.0
500.4154052734375  458.0
597.087158203125  538.0
509.5845947265625  478.0
549.1828002929688  685.0
288.45184326171875  316.0
348.5692443847656  417.0
279.1563720703125  378.0
549.417236328125  562.0
597.6804809570312  573.0
322.72332763671875  331.0
597.32568359375  559.0
598.4660034179688  550.0
301.1744384765625  374.0
598.181396484375  569.0
392.7998962402344  378.0
MSE : 3100.562177931452
MAPE : 9.439883968365459
R2 Score : 0.7806689036364188
time : 1158.856844000984
