218.4452362060547  223.0
253.060546875  225.0
473.0161437988281  493.0
548.5302734375  580.0
201.45477294921875  203.0
322.9365539550781  281.0
387.6142272949219  410.0
608.7138061523438  604.0
574.2847290039062  423.0
387.9872131347656  433.0
547.2687377929688  513.0
623.4557495117188  624.0
517.4385986328125  493.0
600.837890625  607.0
537.5199584960938  542.0
338.5316162109375  335.0
538.3096313476562  581.0
479.6874694824219  482.0
493.9064025878906  520.0
347.13214111328125  418.0
204.15240478515625  208.0
232.01828002929688  366.0
405.5013732910156  393.0
229.556640625  203.0
359.1509704589844  347.0
356.06304931640625  503.0
560.3836669921875  546.0
565.6593627929688  545.0
528.3637084960938  503.0
341.6565856933594  348.0
399.60302734375  373.0
479.2142333984375  472.0
527.7633666992188  577.0
363.4245300292969  324.0
227.93540954589844  221.0
525.8042602539062  633.0
234.40719604492188  286.0
241.28089904785156  253.0
486.1468200683594  494.0
326.80963134765625  265.0
390.8796691894531  395.0
267.2386779785156  254.0
556.2146606445312  550.0
526.21142578125  411.0
567.7373046875  573.0
537.7940673828125  517.0
298.03387451171875  333.0
390.3583068847656  388.0
562.4589233398438  581.0
224.0361328125  243.0
193.45094299316406  215.0
480.9786376953125  478.0
683.766845703125  658.0
563.04638671875  649.0
387.1026611328125  360.0
393.6692199707031  359.0
380.3230285644531  378.0
622.0343017578125  603.0
564.4208984375  538.0
268.5940246582031  267.0
576.4756469726562  567.0
271.8441467285156  268.0
481.1451110839844  484.0
400.29364013671875  406.0
316.3165588378906  315.0
662.7392578125  685.0
523.6578369140625  523.0
351.4863586425781  279.0
349.6169128417969  330.0
241.9328155517578  273.0
525.2100830078125  521.0
334.3889465332031  345.0
657.9225463867188  618.0
366.07244873046875  403.0
478.1784973144531  474.0
483.8270263671875  501.0
342.8221740722656  377.0
566.0995483398438  600.0
335.9139709472656  424.0
222.84278869628906  207.0
610.1856689453125  600.0
225.99856567382812  219.0
514.042724609375  532.0
589.77783203125  668.0
336.5120849609375  432.0
547.4176635742188  529.0
566.38037109375  551.0
310.4447021484375  298.0
508.3788146972656  513.0
573.5555419921875  575.0
535.52734375  530.0
393.2491760253906  378.0
350.68927001953125  343.0
422.3018493652344  419.0
577.8303833007812  615.0
345.24102783203125  328.0
218.53683471679688  171.0
581.0565185546875  569.0
571.8175048828125  619.0
MSE : 1768.8939501069572
MAPE : 6.876427957039826
R2 Score : 0.9035190314032816
time : 1425.7761324439998
