490.09765625  411.0
439.08013916015625  419.0
529.739990234375  500.0
549.5833740234375  529.0
198.5995330810547  204.0
558.768798828125  493.0
561.5821533203125  552.0
514.6766967773438  501.0
408.8243713378906  393.0
356.25701904296875  359.0
501.858642578125  535.0
587.4736328125  656.0
314.29449462890625  330.0
495.60333251953125  467.0
504.7789306640625  522.0
583.4077758789062  563.0
511.0994567871094  525.0
485.0843505859375  411.0
420.17291259765625  387.0
540.3538208007812  500.0
280.01397705078125  229.0
381.2177734375  384.0
621.8240966796875  494.0
574.313720703125  589.0
592.9083251953125  773.0
361.7949523925781  415.0
377.42523193359375  348.0
401.3875427246094  393.0
313.0387268066406  321.0
346.5954895019531  380.0
356.83441162109375  333.0
359.4417724609375  360.0
544.7532958984375  562.0
349.21331787109375  379.0
447.714111328125  378.0
383.0492858886719  360.0
407.1470642089844  403.0
335.8310546875  335.0
310.66119384765625  308.0
533.5729370117188  478.0
508.66046142578125  521.0
361.33990478515625  410.0
339.8508605957031  324.0
342.9688720703125  329.0
552.6141967773438  626.0
544.4036254882812  584.0
516.0159301757812  520.0
329.80841064453125  324.0
354.87310791015625  298.0
254.39027404785156  239.0
507.72296142578125  618.0
539.0391235351562  562.0
626.2596435546875  638.0
519.4012451171875  538.0
297.75732421875  251.0
521.5189819335938  523.0
533.8959350585938  520.0
197.71665954589844  228.0
618.6626586914062  557.0
634.5447387695312  649.0
445.74102783203125  392.0
434.06390380859375  360.0
539.9288330078125  520.0
547.44970703125  475.0
500.79156494140625  546.0
448.10357666015625  411.0
588.765869140625  539.0
501.3808898925781  518.0
492.32513427734375  401.0
404.26031494140625  416.0
545.949462890625  580.0
593.2862548828125  580.0
352.7716064453125  315.0
345.921875  348.0
357.1934814453125  355.0
414.83251953125  406.0
611.1773681640625  673.0
575.4268188476562  606.0
193.3844451904297  217.0
564.3807373046875  565.0
542.4776000976562  565.0
578.6253662109375  561.0
520.303955078125  554.0
512.6436157226562  520.0
545.4121704101562  542.0
417.99273681640625  402.0
531.7548828125  482.0
575.5591430664062  563.0
232.9319610595703  228.0
321.747314453125  313.0
205.75042724609375  207.0
311.6121520996094  265.0
417.28253173828125  422.0
561.962158203125  545.0
390.82696533203125  344.0
581.17236328125  579.0
395.1449279785156  319.0
592.4521484375  551.0
526.5018310546875  568.0
553.9840087890625  536.0
MSE : 1856.5469520764727
MAPE : 7.1512862852244234
R2 Score : 0.8744814545528128
time : 2495.449555735104
