370.4410705566406  420.0
209.54803466796875  240.0
501.314208984375  505.0
355.35693359375  353.0
317.5209655761719  324.0
572.9922485351562  626.0
519.7810668945312  509.0
372.67919921875  378.0
379.90045166015625  378.0
576.1732788085938  560.0
532.3285522460938  537.0
654.90087890625  560.0
250.4640655517578  270.0
412.41033935546875  363.0
378.38226318359375  359.0
386.7972717285156  255.0
464.4339294433594  595.0
433.0389404296875  423.0
317.5823059082031  301.0
382.5835266113281  387.0
627.487060546875  669.0
562.0537719726562  567.0
540.13720703125  538.0
531.6083984375  549.0
401.2770080566406  406.0
249.38194274902344  302.0
546.3916015625  545.0
467.3785400390625  419.0
463.0319519042969  599.0
693.6879272460938  626.0
285.2325744628906  370.0
191.14633178710938  195.0
530.9685668945312  559.0
554.5962524414062  525.0
588.8544311523438  582.0
262.2362060546875  253.0
205.9359130859375  213.0
633.137939453125  685.0
430.316650390625  411.0
486.85797119140625  475.0
209.10836791992188  243.0
478.6666564941406  449.0
499.9120178222656  503.0
604.6287841796875  633.0
463.6003723144531  563.0
603.3775634765625  616.0
588.7734375  653.0
477.0403747558594  481.0
409.1757507324219  433.0
210.6806182861328  272.0
366.4098815917969  314.0
184.26486206054688  203.0
591.4118041992188  603.0
411.2396240234375  392.0
279.1404113769531  333.0
392.2509460449219  389.0
267.4094543457031  311.0
495.3070068359375  484.0
532.9136352539062  491.0
566.109619140625  545.0
523.1567993164062  526.0
549.16845703125  533.0
562.6500244140625  587.0
526.626708984375  508.0
531.0244750976562  522.0
192.1236572265625  213.0
208.24984741210938  223.0
601.9732055664062  616.0
406.6786193847656  378.0
616.0867919921875  678.0
344.8594665527344  293.0
514.6822509765625  530.0
563.9940185546875  550.0
267.44158935546875  330.0
534.1781005859375  533.0
528.92822265625  520.0
556.4338989257812  541.0
184.10670471191406  195.0
536.815673828125  529.0
261.1085205078125  348.0
233.45703125  251.0
634.4918212890625  765.0
470.8986511230469  479.0
728.9089965820312  763.0
388.7042236328125  379.0
203.51145935058594  233.0
341.06573486328125  377.0
289.9838562011719  323.0
328.1276550292969  360.0
227.7031707763672  223.0
321.9794616699219  321.0
492.544677734375  502.0
487.63812255859375  484.0
268.16375732421875  319.0
420.0386962890625  422.0
539.3224487304688  545.0
245.33079528808594  187.0
490.512939453125  482.0
MSE : 1829.9327640138847
MAPE : 7.37230669959243
R2 Score : 0.9070442232407366
time : 3262.015424462006
