454.3594970703125  418.0
531.5761108398438  519.0
372.18524169921875  413.0
394.5915832519531  387.0
527.2608642578125  559.0
223.50607299804688  209.0
244.1349639892578  195.0
560.0465087890625  581.0
575.4838256835938  566.0
418.515869140625  393.0
475.69464111328125  472.0
479.2037353515625  518.0
343.6486511230469  355.0
507.9219055175781  532.0
307.23681640625  281.0
338.3125  295.0
578.7247314453125  624.0
566.4429321289062  616.0
473.78289794921875  501.0
249.966064453125  268.0
361.0244445800781  344.0
552.3475341796875  656.0
346.406982421875  348.0
537.7740478515625  573.0
534.0556640625  549.0
225.09934997558594  190.0
275.617431640625  284.0
386.1431884765625  373.0
493.6741943359375  538.0
605.9185791015625  615.0
529.2850341796875  508.0
517.5255126953125  491.0
535.1014404296875  533.0
320.92291259765625  267.0
600.3154296875  587.0
219.9564666748047  203.0
518.26513671875  557.0
382.508056640625  363.0
318.220703125  315.0
505.45697021484375  517.0
294.60736083984375  318.0
415.85150146484375  396.0
471.8617858886719  481.0
244.88612365722656  254.0
495.4881591796875  539.0
288.96710205078125  226.0
404.924560546875  406.0
577.87939453125  583.0
524.4102172851562  536.0
616.7797241210938  613.0
581.2275390625  603.0
499.8448181152344  523.0
335.52557373046875  298.0
324.2283020019531  324.0
613.1515502929688  649.0
347.74700927734375  256.0
379.16839599609375  353.0
583.591796875  604.0
224.18614196777344  171.0
396.1842041015625  467.0
335.0306396484375  379.0
635.3097534179688  595.0
373.0361022949219  424.0
566.2335205078125  650.0
389.2593994140625  389.0
500.31402587890625  493.0
614.4097290039062  603.0
632.9391479492188  685.0
516.9012451171875  538.0
400.650146484375  410.0
453.0187072753906  449.0
484.882568359375  474.0
541.1478881835938  530.0
388.8810119628906  385.0
573.379150390625  607.0
640.6502685546875  582.0
549.8035888671875  545.0
405.1875915527344  363.0
363.4263916015625  378.0
649.45458984375  658.0
347.54425048828125  199.0
272.7962951660156  233.0
515.0260009765625  565.0
535.5514526367188  567.0
524.331787109375  568.0
415.81298828125  418.0
563.5693359375  618.0
547.7614135742188  600.0
342.84649658203125  359.0
468.9782409667969  467.0
365.088134765625  363.0
598.2880859375  592.0
324.3519287109375  319.0
227.4159698486328  195.0
363.72918701171875  432.0
563.24609375  574.0
215.33042907714844  199.0
496.8380126953125  520.0
505.29559326171875  519.0
407.52490234375  363.0
MSE : 1365.7635511146277
MAPE : 7.400495526397081
R2 Score : 0.9266594664269552
time : 2506.751436093007
