401.0381164550781  410.0
510.25762939453125  508.0
525.492431640625  568.0
504.8650207519531  507.0
511.6027526855469  536.0
373.2792663574219  378.0
365.2372131347656  318.0
435.1563415527344  520.0
545.2860107421875  556.0
329.7435607910156  377.0
521.2172241210938  563.0
569.4530029296875  668.0
343.9503479003906  314.0
370.4418640136719  433.0
267.29351806640625  187.0
364.2489318847656  363.0
507.603759765625  472.0
201.13613891601562  215.0
530.670166015625  529.0
514.957763671875  541.0
534.7125244140625  560.0
239.30760192871094  240.0
450.37841796875  457.0
558.0202026367188  590.0
483.6320495605469  503.0
355.2213134765625  311.0
363.62432861328125  390.0
303.2168884277344  284.0
522.5127563476562  650.0
518.1535034179688  500.0
372.6756286621094  392.0
514.660400390625  482.0
615.415771484375  621.0
331.7882385253906  390.0
700.8655395507812  563.0
336.5327453613281  233.0
423.1426696777344  419.0
618.0078735351562  656.0
338.71392822265625  330.0
344.1453857421875  330.0
522.5703735351562  541.0
581.1356811523438  589.0
328.66656494140625  324.0
323.0157165527344  191.0
372.0766906738281  366.0
333.2895812988281  348.0
552.378662109375  555.0
222.87619018554688  293.0
300.22662353515625  226.0
281.7403869628906  239.0
503.20172119140625  459.0
447.4642028808594  626.0
372.3437194824219  421.0
216.3173828125  190.0
512.3699951171875  531.0
245.74766540527344  397.0
501.9295349121094  478.0
536.719970703125  577.0
727.19775390625  643.0
470.0883483886719  459.0
338.1195983886719  423.0
570.6853637695312  618.0
232.84036254882812  228.0
501.4111633300781  481.0
301.8004455566406  225.0
561.51611328125  561.0
376.1610412597656  425.0
386.89483642578125  389.0
317.7475891113281  315.0
523.0916748046875  502.0
320.2191467285156  281.0
516.7406616210938  493.0
283.9205017089844  313.0
311.4331359863281  195.0
328.2211608886719  379.0
598.484375  653.0
509.1241149902344  494.0
273.5574035644531  315.0
391.6109619140625  363.0
217.75601196289062  209.0
307.5962219238281  260.0
574.6954956054688  670.0
558.5110473632812  565.0
524.6423950195312  546.0
526.5228881835938  530.0
530.4291381835938  555.0
381.65618896484375  267.0
603.59814453125  623.0
356.04150390625  241.0
489.2303771972656  473.0
582.5880737304688  551.0
367.7706604003906  333.0
268.9608459472656  203.0
559.017333984375  557.0
358.25592041015625  315.0
MSE : 3036.610809456748
MAPE : 11.179778381420252
R2 Score : 0.8383913348528124
time : 950.0178374559619
