551.244140625  593.0
551.4007568359375  542.0
344.2060546875  314.0
332.9349060058594  319.0
552.0087890625  763.0
218.8300323486328  152.0
551.978515625  557.0
293.2979431152344  279.0
551.9010009765625  582.0
552.067138671875  495.0
551.8385009765625  512.0
551.9861450195312  508.0
551.9014892578125  562.0
550.2855834960938  615.0
552.0527954101562  494.0
552.0195922851562  529.0
342.6855773925781  363.0
488.1103820800781  520.0
214.3846893310547  218.0
552.04052734375  607.0
323.4381408691406  329.0
217.87074279785156  190.0
451.6610412597656  430.0
272.80426025390625  348.0
211.10067749023438  223.0
378.9183654785156  433.0
552.0320434570312  521.0
551.7549438476562  618.0
552.0595703125  578.0
552.0533447265625  773.0
257.5423278808594  293.0
552.0271606445312  525.0
386.9888000488281  255.0
266.7757263183594  270.0
551.936767578125  581.0
484.5211486816406  457.0
552.0302734375  523.0
255.53646850585938  240.0
551.7373046875  494.0
552.0792236328125  530.0
552.098876953125  603.0
249.44969177246094  211.0
371.1869201660156  384.0
551.9716186523438  569.0
540.9490966796875  519.0
552.0283203125  512.0
551.9940185546875  584.0
406.3695068359375  407.0
550.6338500976562  529.0
353.6136779785156  377.0
551.9205322265625  563.0
551.92333984375  530.0
234.85052490234375  208.0
281.6916809082031  301.0
381.0502014160156  368.0
551.8548583984375  589.0
552.014892578125  513.0
385.5937805175781  396.0
552.0458374023438  497.0
552.0568237304688  557.0
279.2967834472656  239.0
551.7027587890625  508.0
219.4751739501953  207.0
552.037841796875  573.0
552.0552368164062  484.0
401.4659729003906  393.0
233.0855255126953  219.0
552.0228881835938  518.0
548.0868530273438  600.0
394.7622375488281  475.0
552.084228515625  551.0
552.091552734375  478.0
551.9599609375  616.0
551.201416015625  493.0
551.9710083007812  484.0
552.0233154296875  537.0
375.1219787597656  386.0
552.03369140625  483.0
552.0140380859375  517.0
226.2644500732422  203.0
531.325927734375  547.0
296.17559814453125  330.0
551.9844970703125  562.0
375.9058532714844  387.0
274.0606994628906  278.0
237.54617309570312  207.0
241.0110626220703  235.0
512.6265869140625  478.0
551.0347900390625  538.0
391.7830505371094  418.0
270.6622619628906  310.0
374.8661804199219  403.0
223.793701171875  213.0
552.013916015625  550.0
373.5081481933594  413.0
551.8626708984375  551.0
551.8798828125  559.0
MSE : 2395.4288873614014
MAPE : 8.155325562295957
R2 Score : 0.8737109861964232
time : 915.5147933010012
