232.7509002685547  213.0
428.73126220703125  457.0
622.8927612304688  670.0
203.50640869140625  204.0
504.1733703613281  508.0
549.1774291992188  508.0
266.27117919921875  268.0
437.0387268066406  449.0
311.1307067871094  284.0
429.119873046875  406.0
527.2026977539062  503.0
590.176025390625  685.0
601.503662109375  621.0
260.7347412109375  253.0
580.0276489257812  551.0
598.8738403320312  638.0
654.4334716796875  773.0
333.84027099609375  330.0
211.66387939453125  192.0
586.3345947265625  626.0
343.9115295410156  335.0
279.6255187988281  301.0
425.9314270019531  393.0
537.3004760742188  650.0
541.1837768554688  581.0
185.05519104003906  188.0
567.9326171875  517.0
504.3401794433594  501.0
358.79833984375  362.0
325.4110412597656  324.0
180.97256469726562  152.0
513.2899780273438  484.0
527.2626342773438  522.0
202.77230834960938  243.0
544.222412109375  560.0
391.94964599609375  363.0
402.7639465332031  403.0
297.5406799316406  320.0
200.0702362060547  324.0
327.3502197265625  313.0
503.93719482421875  498.0
555.3843994140625  562.0
221.82081604003906  253.0
177.02993774414062  199.0
586.5628662109375  494.0
331.0615234375  314.0
580.5697631835938  562.0
317.9433288574219  316.0
584.331298828125  568.0
272.38525390625  302.0
202.9052734375  293.0
598.8702392578125  582.0
225.71241760253906  272.0
553.2921752929688  581.0
508.8414306640625  470.0
563.9432373046875  573.0
415.0707092285156  407.0
219.41722106933594  203.0
527.7528686523438  493.0
348.5690002441406  279.0
417.2764587402344  387.0
548.32177734375  512.0
349.6150817871094  327.0
537.0677490234375  587.0
337.0726318359375  365.0
216.32159423828125  207.0
503.6457824707031  500.0
559.8875122070312  581.0
351.8922424316406  401.0
429.7820129394531  423.0
196.39239501953125  197.0
506.7309875488281  444.0
373.2068786621094  374.0
549.7581787109375  564.0
351.64923095703125  255.0
548.6776733398438  543.0
213.0930633544922  206.0
175.9822998046875  213.0
539.899658203125  520.0
549.2034912109375  523.0
472.2832336425781  500.0
523.6001586914062  519.0
229.22598266601562  225.0
524.0443725585938  523.0
415.0230407714844  377.0
290.1499938964844  348.0
674.1687622070312  633.0
229.94671630859375  286.0
228.81802368164062  208.0
314.185546875  315.0
396.2971496582031  384.0
294.1644287109375  390.0
541.2147216796875  551.0
508.34393310546875  563.0
490.1157531738281  449.0
MSE : 1633.496823959854
MAPE : 7.567641511911278
R2 Score : 0.9208792273152843
time : 1509.0249996939965
