192.0860595703125  199.0
270.17376708984375  270.0
519.388671875  488.0
529.26953125  541.0
237.6427764892578  220.0
381.4139404296875  394.0
530.8941650390625  525.0
252.90704345703125  240.0
155.78189086914062  203.0
478.3691711425781  474.0
505.15655517578125  517.0
383.50042724609375  331.0
353.3076477050781  363.0
577.17724609375  554.0
408.54876708984375  363.0
267.606201171875  268.0
562.186279296875  593.0
502.51190185546875  565.0
317.9660339355469  266.0
297.41033935546875  265.0
499.4472351074219  519.0
335.8447570800781  328.0
599.4256591796875  538.0
220.0087432861328  191.0
494.117919921875  449.0
216.36756896972656  209.0
528.5780639648438  515.0
527.2639770507812  430.0
359.2161865234375  348.0
357.95477294921875  199.0
592.8861083984375  672.0
219.1367645263672  213.0
403.140380859375  318.0
671.8445434570312  632.0
390.2362060546875  387.0
213.3669891357422  243.0
388.3323669433594  373.0
248.9266357421875  403.0
225.9520721435547  220.0
321.8317565917969  378.0
520.4803466796875  581.0
615.468505859375  547.0
503.82373046875  559.0
412.8634948730469  393.0
592.7157592773438  656.0
557.6351928710938  567.0
415.3206787109375  363.0
386.486572265625  385.0
263.30615234375  319.0
547.7523193359375  600.0
664.9306030273438  668.0
219.88156127929688  213.0
534.04248046875  552.0
301.5702209472656  228.0
258.3397521972656  329.0
259.80645751953125  300.0
353.7555847167969  314.0
243.76658630371094  190.0
231.52854919433594  223.0
662.8792724609375  654.0
460.82769775390625  505.0
542.054443359375  539.0
558.92333984375  538.0
359.02044677734375  410.0
412.84539794921875  353.0
598.5946044921875  551.0
376.0857849121094  370.0
532.86279296875  563.0
296.5975036621094  330.0
408.95416259765625  358.0
458.75274658203125  507.0
338.6812438964844  360.0
217.71066284179688  207.0
441.56884765625  440.0
651.865478515625  539.0
647.1793212890625  575.0
376.8966369628906  416.0
498.82171630859375  519.0
574.3306884765625  565.0
331.43524169921875  333.0
569.204833984375  563.0
547.2642822265625  560.0
258.71295166015625  253.0
521.4545288085938  481.0
397.7801513671875  419.0
496.93377685546875  527.0
342.2577819824219  373.0
339.14111328125  323.0
446.50048828125  773.0
398.39544677734375  386.0
519.483154296875  584.0
570.6489868164062  621.0
479.626953125  503.0
533.3494873046875  519.0
479.96624755859375  528.0
214.70538330078125  192.0
233.5400848388672  324.0
535.5015869140625  564.0
497.90179443359375  523.0
466.406982421875  473.0
MSE : 3146.4724779898042
MAPE : 9.480832231047476
R2 Score : 0.8411941265433096
time : 2145.405161395902
