644.9511108398438  668.0
325.0901184082031  379.0
372.0113525390625  378.0
519.863525390625  563.0
573.1471557617188  580.0
262.8712158203125  320.0
569.4276733398438  589.0
564.3935546875  552.0
380.4000549316406  374.0
226.21353149414062  390.0
239.1419219970703  219.0
178.05615234375  199.0
330.20538330078125  321.0
256.36712646484375  203.0
385.0733947753906  384.0
646.7149047851562  658.0
604.0115356445312  656.0
260.4127197265625  249.0
528.71044921875  494.0
390.3772888183594  389.0
517.191650390625  650.0
437.3958435058594  541.0
450.00592041015625  563.0
561.16357421875  630.0
535.1250610351562  543.0
379.90179443359375  318.0
464.3616027832031  493.0
589.140380859375  557.0
300.9149169921875  233.0
503.2123107910156  539.0
214.8349609375  213.0
538.6563720703125  539.0
522.5339965820312  508.0
366.7590637207031  398.0
245.7453155517578  228.0
626.4352416992188  653.0
358.6039123535156  324.0
487.675048828125  490.0
533.7859497070312  584.0
637.3642578125  615.0
393.8319091796875  385.0
395.73028564453125  363.0
514.306396484375  522.0
520.0733032226562  515.0
420.9466857910156  368.0
638.1897583007812  765.0
207.601318359375  255.0
283.16644287109375  253.0
558.747314453125  567.0
201.55615234375  215.0
553.9146728515625  560.0
493.3883056640625  481.0
427.470703125  548.0
555.1397094726562  566.0
292.4361267089844  205.0
370.8190612792969  421.0
285.6087951660156  253.0
413.6836853027344  430.0
636.7470092773438  616.0
504.1368713378906  495.0
362.1304016113281  344.0
498.03082275390625  474.0
398.20416259765625  360.0
579.4077758789062  563.0
630.5333251953125  763.0
256.8248291015625  302.0
243.6156005859375  330.0
226.6880340576172  192.0
513.6150512695312  484.0
369.95794677734375  376.0
231.51559448242188  243.0
286.4802551269531  283.0
312.6438293457031  378.0
312.5055847167969  311.0
336.43609619140625  386.0
365.8420104980469  265.0
565.6249389648438  618.0
351.9877624511719  300.0
209.15565490722656  213.0
262.9533386230469  217.0
599.4967651367188  773.0
386.61236572265625  423.0
371.1086120605469  355.0
491.4136657714844  512.0
536.8535766601562  563.0
543.2943725585938  512.0
645.1076049804688  669.0
403.1348876953125  505.0
208.84181213378906  260.0
400.35906982421875  401.0
339.1230773925781  424.0
434.1086120605469  457.0
385.54400634765625  396.0
264.69989013671875  319.0
643.1343383789062  670.0
554.2420654296875  562.0
533.5401000976562  559.0
523.5655517578125  526.0
MSE : 2798.9057591686296
MAPE : 9.38095315008259
R2 Score : 0.8738536449638763
time : 645.8786995669943
