369.7917175292969  418.0
557.0079345703125  519.0
318.7867126464844  413.0
318.5245056152344  387.0
558.07177734375  559.0
287.47857666015625  209.0
389.1029968261719  195.0
558.2501831054688  581.0
557.8768310546875  566.0
363.3347473144531  406.0
558.5034790039062  472.0
558.5147094726562  518.0
404.05279541015625  355.0
558.5303344726562  532.0
296.7633972167969  281.0
289.1457214355469  295.0
558.3717651367188  624.0
558.3551635742188  616.0
558.4884033203125  501.0
285.89788818359375  268.0
347.1571350097656  344.0
558.4457397460938  656.0
304.34539794921875  348.0
476.5449523925781  573.0
558.2003173828125  549.0
378.9741516113281  190.0
266.6344299316406  284.0
396.1689147949219  373.0
558.4645385742188  538.0
558.5172119140625  615.0
558.4288330078125  508.0
558.4943237304688  491.0
558.4609985351562  603.0
345.50201416015625  267.0
555.700927734375  587.0
291.7375183105469  203.0
558.4840698242188  557.0
367.3795471191406  363.0
306.8666687011719  315.0
558.2921752929688  517.0
277.39141845703125  318.0
396.0612487792969  396.0
558.5274658203125  481.0
319.7593688964844  254.0
558.5366821289062  539.0
361.6950378417969  226.0
557.8150024414062  583.0
558.5211181640625  536.0
558.458740234375  613.0
558.3875732421875  523.0
380.8878479003906  298.0
285.9854431152344  324.0
558.4236450195312  649.0
363.31988525390625  256.0
380.5365905761719  353.0
558.4265747070312  604.0
354.9389953613281  171.0
387.8464050292969  467.0
347.33392333984375  379.0
459.0470886230469  595.0
371.2575988769531  432.0
557.924560546875  650.0
337.1552734375  389.0
558.550537109375  565.0
558.3916625976562  603.0
558.3671875  685.0
553.810791015625  538.0
420.0624694824219  410.0
529.4207763671875  449.0
558.49462890625  474.0
558.400390625  530.0
373.9875183105469  385.0
558.4338989257812  607.0
558.4063110351562  582.0
558.4284057617188  545.0
428.1985168457031  363.0
386.9081115722656  378.0
558.0609130859375  658.0
374.9455261230469  199.0
391.8735046386719  233.0
558.4505004882812  567.0
558.4691162109375  568.0
373.6081237792969  418.0
558.4082641601562  618.0
557.3346557617188  600.0
303.6466369628906  359.0
558.4970092773438  467.0
298.9795227050781  363.0
558.4763793945312  592.0
285.3302307128906  319.0
388.4654235839844  195.0
557.8031616210938  574.0
387.2832946777344  199.0
558.4553833007812  520.0
513.9443359375  519.0
378.9786376953125  363.0
MSE : 5442.084688703772
MAPE : 17.070358265224858
R2 Score : 0.7175183010452364
time : 385.97411266199197
