317.205322265625  321.0
560.5947875976562  561.0
316.33477783203125  315.0
322.9230651855469  415.0
341.29595947265625  379.0
445.5881652832031  388.0
382.0843811035156  419.0
623.7986450195312  565.0
276.5600891113281  390.0
563.2528686523438  533.0
342.45159912109375  324.0
546.6707153320312  513.0
526.2222900390625  475.0
323.6353759765625  365.0
629.4967041015625  623.0
503.43731689453125  546.0
349.8255615234375  211.0
613.6854858398438  763.0
502.992919921875  478.0
520.9852905273438  522.0
280.9495849609375  229.0
499.09564208984375  578.0
657.0978393554688  678.0
551.5115356445312  538.0
498.0746765136719  493.0
391.0125732421875  376.0
276.0013732910156  300.0
396.449462890625  410.0
607.6048583984375  530.0
360.09747314453125  359.0
516.687255859375  490.0
614.5239868164062  668.0
598.2084350585938  559.0
524.4378051757812  519.0
221.04296875  221.0
284.681396484375  240.0
442.9773864746094  389.0
357.886474609375  319.0
389.6754150390625  407.0
297.6160583496094  251.0
369.7018737792969  385.0
192.3185577392578  203.0
542.462158203125  502.0
525.8976440429688  526.0
506.6595458984375  520.0
319.7587890625  348.0
361.4239196777344  256.0
534.7498168945312  541.0
585.8055419921875  573.0
617.1810302734375  685.0
339.08203125  395.0
401.80255126953125  363.0
370.7371826171875  384.0
355.7367858886719  380.0
665.0193481445312  638.0
388.7848815917969  360.0
357.69659423828125  363.0
319.6582946777344  348.0
335.7938232421875  329.0
317.76373291015625  293.0
536.4212036132812  560.0
656.4522705078125  626.0
521.6174926757812  500.0
577.5250854492188  520.0
311.0196228027344  249.0
383.7637634277344  422.0
330.8159484863281  393.0
422.6020812988281  392.0
355.55364990234375  324.0
629.1089477539062  547.0
646.8154296875  498.0
259.9324951171875  233.0
610.85205078125  563.0
560.9842529296875  584.0
367.3565673828125  366.0
637.5545043945312  548.0
613.2960205078125  552.0
351.8730773925781  420.0
523.768798828125  539.0
374.868408203125  359.0
569.9859619140625  566.0
327.6932373046875  320.0
196.46243286132812  190.0
627.2338256835938  763.0
547.1397094726562  554.0
218.58840942382812  254.0
198.43194580078125  204.0
558.2001953125  493.0
528.2483520507812  523.0
321.6952819824219  333.0
545.7097778320312  559.0
538.1632080078125  544.0
621.543212890625  763.0
522.5206298828125  500.0
399.9398498535156  394.0
386.5256042480469  420.0
391.90399169921875  311.0
252.91029357910156  218.0
527.8387451171875  493.0
521.5547485351562  534.0
MSE : 2606.3713060484592
MAPE : 9.07599519652866
R2 Score : 0.8557141383699232
time : 3355.841381110018
