230.2276611328125  253.0
557.9277954101562  573.0
351.54107666015625  319.0
300.46014404296875  343.0
366.5806884765625  362.0
567.1324462890625  493.0
362.4152526855469  378.0
359.64404296875  413.0
394.7483825683594  420.0
228.12049865722656  268.0
359.9169006347656  390.0
525.3679809570312  508.0
555.4170532226562  545.0
368.773193359375  398.0
567.5336303710938  560.0
356.0440368652344  300.0
560.2014770507812  580.0
674.6119995117188  763.0
603.0963134765625  613.0
391.6198425292969  368.0
270.9122009277344  251.0
218.0376739501953  207.0
245.91259765625  269.0
562.6918334960938  545.0
548.5274658203125  533.0
200.8593292236328  171.0
445.66571044921875  459.0
362.29608154296875  318.0
493.2901916503906  503.0
418.6092529296875  325.0
234.0634002685547  257.0
373.4359436035156  418.0
481.48699951171875  481.0
210.4693603515625  223.0
410.2400207519531  433.0
607.4314575195312  458.0
382.4438171386719  520.0
390.4229431152344  433.0
379.72186279296875  475.0
215.4965362548828  207.0
554.0520629882812  411.0
282.8211669921875  320.0
718.2450561523438  568.0
661.0040893554688  653.0
361.3030090332031  347.0
385.6531677246094  417.0
205.09573364257812  197.0
559.4978637695312  557.0
544.6388549804688  554.0
539.0999145507812  531.0
494.8204040527344  500.0
229.97735595703125  228.0
589.1483154296875  493.0
380.68023681640625  304.0
510.5301208496094  520.0
670.5321655273438  649.0
497.8170471191406  523.0
649.5480346679688  685.0
614.2478637695312  623.0
574.4330444335938  563.0
402.67919921875  401.0
537.214599609375  527.0
572.5670166015625  582.0
212.45428466796875  253.0
468.1737365722656  467.0
488.3752136230469  484.0
535.0098266601562  538.0
219.32778930664062  272.0
534.4021606445312  538.0
556.7785034179688  551.0
502.7748718261719  482.0
260.97320556640625  239.0
649.4796142578125  600.0
319.049072265625  319.0
646.4238891601562  685.0
253.72921752929688  251.0
287.2630310058594  331.0
530.0661010742188  523.0
400.2722473144531  359.0
321.6645202636719  324.0
545.3778076171875  521.0
408.4134521484375  444.0
595.3016967773438  566.0
564.15087890625  525.0
591.6239013671875  584.0
506.3484191894531  501.0
397.536376953125  378.0
243.3642120361328  278.0
654.0773315429688  670.0
562.8312377929688  581.0
241.47422790527344  284.0
660.5491333007812  618.0
591.7862548828125  603.0
565.6004028320312  672.0
581.2518920898438  668.0
510.3359680175781  517.0
194.03465270996094  188.0
553.6100463867188  577.0
196.41929626464844  390.0
371.2746887207031  353.0
MSE : 2420.245490040148
MAPE : 7.921017748523504
R2 Score : 0.8740094613440812
time : 2563.200106910983
