408.3300476074219  418.0
559.085205078125  519.0
352.7007751464844  413.0
390.6622314453125  387.0
559.4714965820312  559.0
197.67068481445312  209.0
275.9159240722656  195.0
574.6231079101562  581.0
626.5679931640625  566.0
391.61322021484375  393.0
507.6841125488281  472.0
495.5899658203125  518.0
339.5007629394531  355.0
521.9866333007812  532.0
306.3514709472656  281.0
384.3272399902344  295.0
549.9881591796875  624.0
581.9512939453125  616.0
484.8786315917969  501.0
258.8816223144531  268.0
395.2928466796875  344.0
583.6536865234375  656.0
346.7486877441406  348.0
561.8391723632812  573.0
549.8809814453125  549.0
202.2719268798828  190.0
266.11480712890625  284.0
375.2817077636719  373.0
520.9389038085938  538.0
568.1021728515625  615.0
569.9124145507812  508.0
500.80853271484375  491.0
535.3328857421875  533.0
343.8506774902344  267.0
637.9983520507812  587.0
196.02798461914062  203.0
560.8075561523438  557.0
346.6482849121094  363.0
327.4131164550781  315.0
539.7412719726562  517.0
308.1908264160156  318.0
412.46063232421875  396.0
474.8398742675781  481.0
240.45127868652344  254.0
520.953857421875  539.0
306.4854736328125  226.0
383.3766784667969  406.0
589.7164306640625  583.0
545.1201782226562  536.0
603.5296020507812  613.0
562.3382568359375  603.0
511.1570129394531  523.0
352.93450927734375  298.0
320.7012023925781  324.0
710.8560180664062  649.0
340.33984375  256.0
384.9812927246094  353.0
598.88427734375  604.0
210.6358184814453  171.0
359.04400634765625  467.0
324.12127685546875  379.0
654.9176635742188  595.0
427.0433349609375  424.0
486.5735168457031  650.0
384.7415466308594  389.0
539.4121704101562  493.0
582.2269897460938  603.0
712.6271362304688  685.0
560.4456176757812  538.0
412.7563781738281  410.0
507.2046813964844  449.0
506.7339172363281  474.0
567.8164672851562  530.0
370.8004455566406  385.0
639.3187255859375  607.0
570.4700927734375  582.0
570.558837890625  545.0
418.7128601074219  363.0
340.1962890625  378.0
690.474853515625  658.0
338.5912780761719  199.0
336.1199035644531  233.0
541.1792602539062  565.0
570.2536010742188  567.0
565.4248657226562  568.0
383.1031188964844  418.0
604.7738037109375  618.0
423.2240905761719  600.0
353.5030212402344  359.0
481.7715148925781  467.0
339.5956115722656  363.0
606.5392456054688  592.0
335.4190979003906  319.0
206.67283630371094  195.0
429.5572814941406  432.0
573.8571166992188  574.0
178.68797302246094  199.0
515.2638549804688  520.0
530.9293823242188  519.0
413.0318298339844  363.0
MSE : 2145.6809940946496
MAPE : 8.360683520038986
R2 Score : 0.8847784531546373
time : 2107.2851866529963
