448.2993469238281  393.0
375.8037414550781  377.0
517.1599731445312  550.0
19.867210388183594  319.0
540.4821166992188  508.0
517.5789184570312  493.0
268.27423095703125  259.0
466.5016784667969  668.0
307.8761901855469  413.0
555.487548828125  537.0
553.6907348632812  604.0
505.4507141113281  534.0
363.3006591796875  304.0
549.1663818359375  550.0
358.0521545410156  403.0
579.4330444335938  604.0
460.9094543457031  543.0
426.9916687011719  409.0
178.68702697753906  188.0
556.7645874023438  569.0
530.2118530273438  503.0
539.380126953125  520.0
580.097412109375  573.0
444.54925537109375  420.0
512.2593383789062  508.0
539.6886596679688  538.0
591.0640869140625  541.0
383.2196044921875  397.0
241.90374755859375  223.0
281.35845947265625  197.0
457.72607421875  493.0
559.7807006835938  538.0
326.72772216796875  281.0
225.5214385986328  295.0
570.0033569335938  630.0
551.0322265625  531.0
601.546875  616.0
223.57785034179688  194.0
470.1291198730469  472.0
546.674072265625  541.0
545.9637451171875  529.0
567.0091552734375  549.0
487.2031555175781  256.0
380.0242004394531  226.0
388.5586242675781  402.0
569.1732788085938  580.0
508.91693115234375  478.0
497.8192443847656  500.0
392.30682373046875  218.0
175.08619689941406  197.0
588.7730712890625  584.0
551.81396484375  503.0
365.5502014160156  335.0
522.4171752929688  484.0
375.5067443847656  363.0
304.0316162109375  253.0
315.9285583496094  316.0
379.3136291503906  345.0
510.665771484375  523.0
551.5146484375  526.0
250.26370239257812  239.0
421.6457214355469  358.0
563.5831909179688  569.0
368.5044860839844  318.0
427.2237243652344  410.0
561.4964599609375  554.0
559.5122680664062  549.0
356.5696105957031  267.0
355.4909973144531  266.0
248.80935668945312  330.0
549.262451171875  522.0
225.23599243164062  235.0
338.8064880371094  324.0
445.62298583984375  618.0
542.017822265625  587.0
496.6078186035156  519.0
281.9788513183594  251.0
562.9118041992188  551.0
556.5198974609375  541.0
571.6007080078125  619.0
491.8081359863281  473.0
282.9552917480469  240.0
380.7532653808594  337.0
407.6304626464844  333.0
580.8756103515625  577.0
483.0533447265625  467.0
363.4312744140625  171.0
467.0727844238281  488.0
285.4449768066406  283.0
554.1264038085938  530.0
577.25732421875  616.0
306.1446228027344  311.0
292.3380432128906  329.0
317.7518005371094  304.0
531.6163330078125  563.0
319.7366638183594  243.0
500.4553527832031  459.0
399.3937683105469  195.0
183.504150390625  209.0
395.7688903808594  420.0
MSE : 4787.347257391152
MAPE : 13.581469021969196
R2 Score : 0.7404487876410519
time : 486.2330138090001
