537.5755004882812  668.0
313.92047119140625  379.0
378.00384521484375  378.0
545.8223876953125  563.0
581.1065063476562  580.0
314.84954833984375  320.0
568.2399291992188  589.0
573.3119506835938  552.0
375.8150634765625  374.0
190.00518798828125  390.0
212.9168243408203  219.0
158.37850952148438  199.0
287.68194580078125  321.0
213.72145080566406  203.0
386.1535949707031  384.0
700.1337280273438  658.0
646.3600463867188  656.0
231.11590576171875  249.0
575.9786987304688  494.0
395.4617919921875  389.0
541.9357299804688  650.0
542.9786987304688  541.0
474.5110168457031  563.0
554.9719848632812  630.0
607.8907470703125  543.0
405.00982666015625  318.0
471.4930725097656  493.0
566.4358520507812  557.0
211.43695068359375  233.0
504.860595703125  539.0
206.4739532470703  213.0
545.76611328125  539.0
531.5410766601562  508.0
375.55029296875  398.0
237.29344177246094  228.0
595.9879150390625  653.0
324.4835205078125  324.0
498.7034912109375  490.0
552.8580322265625  584.0
637.4613037109375  615.0
384.40966796875  385.0
392.4630126953125  363.0
519.1586303710938  522.0
530.07470703125  515.0
386.8589172363281  368.0
608.6787109375  765.0
178.8209228515625  255.0
265.0754089355469  253.0
543.6947631835938  567.0
191.28379821777344  215.0
578.0582885742188  560.0
497.74884033203125  481.0
445.4802551269531  548.0
560.613525390625  566.0
209.3130340576172  205.0
364.93280029296875  421.0
241.99227905273438  253.0
427.97943115234375  430.0
591.8703002929688  616.0
513.8958740234375  495.0
331.77520751953125  344.0
501.9539794921875  474.0
403.8763427734375  360.0
594.9520874023438  563.0
739.589111328125  763.0
215.10633850097656  302.0
307.740966796875  330.0
198.15481567382812  192.0
505.2790222167969  484.0
368.03375244140625  376.0
179.17637634277344  243.0
275.80474853515625  283.0
386.3988037109375  378.0
235.8606414794922  311.0
368.1777648925781  386.0
341.031494140625  265.0
580.0050659179688  618.0
262.3626708984375  300.0
190.87461853027344  213.0
208.20884704589844  217.0
599.313720703125  773.0
517.9172973632812  423.0
363.96514892578125  355.0
495.10455322265625  512.0
645.952392578125  563.0
538.9478149414062  512.0
705.5038452148438  669.0
427.72076416015625  505.0
373.9168701171875  260.0
413.73480224609375  401.0
374.2625427246094  424.0
452.6385192871094  457.0
385.5377197265625  396.0
322.367919921875  319.0
632.1686401367188  670.0
559.8125610351562  562.0
553.67822265625  559.0
520.3010864257812  526.0
MSE : 2774.280855029249
MAPE : 8.356390282794774
R2 Score : 0.8749634865118173
time : 751.2820076889766
