633.9341430664062  606.0
372.2151184082031  394.0
418.988037109375  422.0
547.2744140625  544.0
211.03053283691406  190.0
396.8236083984375  396.0
511.5868835449219  473.0
533.4678955078125  531.0
427.7825622558594  467.0
605.1199951171875  569.0
483.9627990722656  502.0
429.9881896972656  388.0
617.0188598632812  606.0
528.25146484375  498.0
576.5313720703125  619.0
539.6730346679688  529.0
508.9000244140625  532.0
506.2452087402344  501.0
624.538818359375  615.0
585.5089721679688  658.0
478.5410461425781  458.0
544.3060913085938  522.0
291.9529113769531  199.0
217.33169555664062  253.0
297.6031188964844  390.0
551.7570190429688  527.0
274.7191467285156  218.0
622.586669921875  656.0
319.10980224609375  344.0
511.4991455078125  517.0
296.8777770996094  313.0
499.5339050292969  485.0
276.1175537109375  240.0
624.9009399414062  593.0
401.2783508300781  406.0
556.119873046875  557.0
334.6630554199219  359.0
529.0529174804688  517.0
416.3026123046875  403.0
181.0567169189453  293.0
394.2389831542969  407.0
318.6924133300781  333.0
599.7923583984375  613.0
513.5209350585938  515.0
539.0343627929688  538.0
529.8784790039062  397.0
543.8610229492188  551.0
335.71258544921875  377.0
650.8152465820312  600.0
637.5679931640625  565.0
564.0532836914062  538.0
571.4013061523438  584.0
548.9678344726562  509.0
488.4107360839844  488.0
316.7313232421875  373.0
581.8416137695312  579.0
188.58023071289062  241.0
317.2821350097656  379.0
483.5165100097656  481.0
416.7327880859375  388.0
638.2848510742188  624.0
559.9659423828125  562.0
257.23388671875  187.0
169.7928466796875  192.0
311.2074279785156  392.0
404.8393249511719  385.0
334.6669921875  376.0
317.6038513183594  319.0
545.8939208984375  527.0
275.4776916503906  266.0
385.52154541015625  421.0
354.319580078125  360.0
179.8900909423828  130.0
318.3717956542969  377.0
494.9842834472656  474.0
604.2132568359375  616.0
572.7884521484375  574.0
636.2046508789062  547.0
551.6961059570312  533.0
659.9324951171875  633.0
185.63287353515625  269.0
376.1551513671875  355.0
363.1805419921875  363.0
359.8376770019531  433.0
580.8414306640625  607.0
640.0333862304688  580.0
433.6252136230469  459.0
528.7398071289062  533.0
391.7393798828125  387.0
256.53192138671875  366.0
326.1270751953125  378.0
584.4716186523438  552.0
664.6971435546875  618.0
360.1571960449219  402.0
517.902587890625  563.0
320.470458984375  304.0
316.1185607910156  321.0
420.0655517578125  387.0
522.1668090820312  559.0
572.4873046875  569.0
MSE : 1727.5326143622003
MAPE : 8.316536395716192
R2 Score : 0.8886832269930456
time : 2790.3687099240196
