385.1994934082031  420.0
234.8379364013672  240.0
508.2906188964844  505.0
362.8432312011719  353.0
331.1163635253906  324.0
597.5534057617188  626.0
502.8644104003906  509.0
307.5212707519531  378.0
283.9747314453125  378.0
594.3521118164062  560.0
583.8251953125  537.0
615.0406494140625  560.0
251.21446228027344  270.0
409.30902099609375  363.0
388.7467041015625  359.0
352.2106628417969  255.0
619.4660034179688  595.0
468.6170349121094  423.0
311.0233459472656  301.0
408.7095642089844  387.0
615.53759765625  669.0
614.4197998046875  567.0
594.2105712890625  538.0
526.4696655273438  549.0
401.794677734375  406.0
240.9353485107422  302.0
519.5009155273438  545.0
422.1142272949219  419.0
399.4324951171875  599.0
411.79656982421875  626.0
308.53387451171875  370.0
260.9596862792969  195.0
510.3972473144531  559.0
589.7070922851562  525.0
601.1000366210938  582.0
339.5233459472656  253.0
216.7189178466797  213.0
616.3189086914062  685.0
391.4037780761719  411.0
495.1876525878906  475.0
200.2151336669922  243.0
511.43890380859375  449.0
529.0430297851562  503.0
504.8994140625  633.0
514.2222900390625  563.0
617.8329467773438  616.0
614.656982421875  653.0
511.0719299316406  481.0
376.5008544921875  433.0
245.31178283691406  272.0
360.7691650390625  314.0
178.9290008544922  203.0
603.4683837890625  603.0
405.21368408203125  392.0
320.42437744140625  333.0
382.17303466796875  389.0
247.9691925048828  311.0
493.7258605957031  484.0
523.2982788085938  491.0
584.2452392578125  545.0
572.32958984375  526.0
616.7361450195312  533.0
538.6049194335938  587.0
581.59765625  508.0
561.0504760742188  522.0
229.47186279296875  213.0
220.31561279296875  223.0
617.1801147460938  616.0
403.97503662109375  378.0
620.9236450195312  678.0
363.9325256347656  293.0
565.6341552734375  530.0
594.5726928710938  550.0
350.8081970214844  330.0
505.74310302734375  533.0
537.4742431640625  520.0
568.3173217773438  541.0
213.6426544189453  195.0
546.086669921875  529.0
347.0814514160156  348.0
281.0387268066406  251.0
610.5679321289062  765.0
518.4234619140625  479.0
604.81298828125  763.0
381.2948303222656  379.0
234.37403869628906  233.0
289.2696533203125  377.0
251.45155334472656  323.0
388.7549133300781  360.0
214.52284240722656  223.0
356.7413330078125  321.0
501.3033447265625  502.0
505.6943664550781  484.0
278.0159606933594  319.0
405.4048156738281  422.0
507.1395568847656  545.0
190.6460418701172  187.0
485.3236999511719  482.0
MSE : 3171.1923362983375
MAPE : 9.389876917727294
R2 Score : 0.8389117607648898
time : 722.5058911209926
