563.4375  566.0
509.33038330078125  493.0
503.67352294921875  486.0
342.9171142578125  402.0
563.1454467773438  533.0
212.6609649658203  228.0
661.4956665039062  685.0
512.2543334960938  517.0
332.0168762207031  344.0
537.7274780273438  630.0
485.9909362792969  512.0
352.47650146484375  360.0
343.088134765625  324.0
383.9302062988281  420.0
486.85284423828125  467.0
536.3632202148438  529.0
491.52203369140625  499.0
364.50018310546875  349.0
335.16534423828125  327.0
561.9343872070312  527.0
595.1510620117188  616.0
543.7628784179688  544.0
519.1819458007812  545.0
416.35040283203125  387.0
390.64056396484375  475.0
494.7938537597656  497.0
281.0623779296875  251.0
406.406494140625  363.0
588.9298095703125  618.0
497.105712890625  474.0
203.0598907470703  190.0
542.65283203125  530.0
483.62371826171875  503.0
597.8646850585938  603.0
341.98236083984375  328.0
549.6469116210938  616.0
498.27215576171875  495.0
527.9749145507812  490.0
428.5748596191406  520.0
557.7499389648438  685.0
514.6047973632812  528.0
227.58848571777344  207.0
504.8948669433594  580.0
465.79168701171875  433.0
521.7910766601562  363.0
525.116455078125  520.0
222.4101104736328  218.0
341.12591552734375  304.0
550.2050170898438  562.0
629.5425415039062  649.0
536.792236328125  531.0
232.9055938720703  228.0
203.7055206298828  171.0
450.7616882324219  459.0
596.4088745117188  580.0
649.79833984375  578.0
531.504150390625  508.0
532.8714599609375  618.0
234.48475646972656  278.0
273.5482177734375  293.0
199.43673706054688  188.0
407.5924072265625  380.0
560.1586303710938  613.0
339.2823791503906  421.0
511.5121154785156  267.0
166.1516571044922  319.0
487.6993103027344  518.0
549.8763427734375  560.0
360.2548828125  350.0
519.3543090820312  519.0
463.6454162597656  563.0
279.327880859375  251.0
532.7837524414062  325.0
187.26620483398438  313.0
220.7499542236328  397.0
228.16482543945312  259.0
298.31085205078125  130.0
348.0096435546875  265.0
349.62994384765625  373.0
541.2191772460938  493.0
561.2896118164062  560.0
395.7481994628906  368.0
371.2423400878906  379.0
347.65863037109375  347.0
531.3347778320312  273.0
501.05999755859375  541.0
544.4286499023438  563.0
498.7232971191406  503.0
204.4337158203125  213.0
339.1741943359375  329.0
359.0794982910156  348.0
381.6219177246094  363.0
621.7841186523438  565.0
MSE : 4542.285259132096
MAPE : 12.009410736674747
R2 Score : 0.7484386122128615
time : 577.3306232480099
