502.5323791503906  548.0
604.4498901367188  569.0
535.8201293945312  488.0
452.79669189453125  419.0
514.4322509765625  513.0
538.6138305664062  577.0
184.1030731201172  130.0
484.9876403808594  486.0
411.28466796875  411.0
465.35284423828125  478.0
574.2612915039062  560.0
208.904541015625  270.0
360.58856201171875  331.0
314.1827392578125  316.0
551.21044921875  538.0
344.29473876953125  345.0
625.482666015625  260.0
248.982421875  268.0
469.1064758300781  459.0
547.7162475585938  559.0
323.3437194824219  269.0
533.2770385742188  552.0
477.1581726074219  482.0
365.2195739746094  389.0
180.1111602783203  173.0
359.3440246582031  394.0
320.09906005859375  425.0
191.0277862548828  293.0
503.11517333984375  255.0
559.912353515625  478.0
563.0377807617188  763.0
557.0111694335938  615.0
231.6239013671875  220.0
187.8813934326172  194.0
529.4517211914062  534.0
517.6006469726562  523.0
312.6685485839844  373.0
299.70904541015625  323.0
160.91845703125  213.0
224.31370544433594  266.0
537.7400512695312  577.0
529.96142578125  520.0
595.15673828125  583.0
622.257080078125  578.0
601.4863891601562  658.0
381.2245788574219  416.0
562.7822265625  606.0
531.9219360351562  541.0
585.3796997070312  458.0
241.3975067138672  390.0
545.4791870117188  493.0
507.5430908203125  549.0
540.973876953125  584.0
560.1471557617188  563.0
609.547119140625  604.0
572.3404541015625  581.0
223.72012329101562  223.0
433.0765686035156  388.0
229.05477905273438  272.0
587.7418212890625  538.0
282.43194580078125  363.0
517.8329467773438  568.0
640.1297607421875  658.0
461.0789794921875  419.0
560.191162109375  765.0
352.4827880859375  410.0
336.58380126953125  418.0
364.2170715332031  360.0
240.66526794433594  253.0
635.198974609375  600.0
333.1092529296875  335.0
558.9088134765625  574.0
193.92388916015625  190.0
572.8802490234375  590.0
340.8084411621094  333.0
373.69464111328125  333.0
395.1708984375  392.0
500.7051696777344  527.0
591.8009033203125  580.0
500.7458801269531  533.0
555.8828735351562  685.0
524.3665771484375  603.0
558.5888671875  562.0
542.216796875  493.0
343.2908630371094  397.0
332.32708740234375  330.0
306.3663330078125  321.0
213.83203125  213.0
511.20855712890625  478.0
191.40550231933594  192.0
347.49212646484375  388.0
570.4992065429688  587.0
609.2031860351562  569.0
530.3704833984375  493.0
577.7512817382812  539.0
557.7769165039062  672.0
351.23919677734375  347.0
382.1752624511719  373.0
244.49905395507812  378.0
486.2948303222656  503.0
MSE : 4943.959692459703
MAPE : 10.91609426781553
R2 Score : 0.7510309428679741
time : 3884.1881172349968
