407.5807800292969  420.0
244.6358184814453  240.0
505.7268371582031  505.0
403.5623474121094  353.0
283.7117004394531  324.0
560.3900756835938  626.0
538.2361450195312  509.0
271.0426025390625  378.0
341.3603210449219  378.0
552.7174682617188  560.0
549.1370849609375  537.0
501.3689880371094  560.0
266.7125549316406  270.0
435.51788330078125  363.0
376.2199401855469  359.0
372.8358459472656  255.0
587.4336547851562  595.0
424.9883728027344  423.0
322.4068298339844  301.0
402.2910461425781  387.0
608.7633056640625  669.0
596.7161254882812  567.0
561.9237670898438  538.0
563.2881469726562  549.0
429.5346984863281  406.0
242.51634216308594  302.0
515.6050415039062  545.0
438.3260498046875  419.0
446.091064453125  599.0
540.6998901367188  626.0
304.20098876953125  370.0
270.25982666015625  195.0
507.2852478027344  559.0
552.2817993164062  525.0
560.328369140625  582.0
294.6753845214844  253.0
212.65513610839844  213.0
622.3991088867188  685.0
436.0771789550781  411.0
482.4544372558594  475.0
202.0692901611328  243.0
505.0092468261719  449.0
523.8743896484375  503.0
569.172607421875  633.0
508.2554016113281  563.0
599.2450561523438  616.0
586.6166381835938  653.0
513.1444702148438  481.0
333.3133239746094  433.0
243.28968811035156  272.0
368.220458984375  314.0
186.03363037109375  203.0
594.6473388671875  603.0
427.2214660644531  392.0
301.5816955566406  333.0
400.4600524902344  389.0
235.1785430908203  311.0
507.6388854980469  484.0
552.7385864257812  491.0
558.2606811523438  545.0
532.983642578125  526.0
611.4628295898438  533.0
547.0409545898438  587.0
542.1709594726562  508.0
546.4105834960938  522.0
194.5332794189453  213.0
199.8930206298828  223.0
601.9984741210938  616.0
431.3666687011719  378.0
621.3555297851562  678.0
361.5763244628906  293.0
499.2425231933594  530.0
563.3472290039062  550.0
369.9064025878906  330.0
560.2463989257812  533.0
539.4011840820312  520.0
552.1966552734375  541.0
222.8859100341797  195.0
545.022705078125  529.0
338.7831115722656  348.0
261.1047668457031  251.0
573.1771240234375  765.0
520.6085815429688  479.0
623.4046630859375  763.0
405.7900695800781  379.0
237.1367645263672  233.0
335.7739562988281  377.0
272.0888671875  323.0
391.6404724121094  360.0
216.98597717285156  223.0
316.2922668457031  321.0
499.4358825683594  502.0
510.4881286621094  484.0
240.35203552246094  319.0
415.6585388183594  422.0
504.0121765136719  545.0
206.34486389160156  187.0
490.6421203613281  482.0
MSE : 2572.770153881718
MAPE : 9.153896330696188
R2 Score : 0.8693100354394714
time : 1014.9372604990058
