330.52557373046875  311.0
590.6326904296875  673.0
686.8721313476562  643.0
534.9346923828125  493.0
206.57228088378906  203.0
519.9151000976562  618.0
337.7450256347656  308.0
227.00856018066406  213.0
427.9576416015625  377.0
518.8922119140625  551.0
204.171875  196.0
402.3426208496094  503.0
539.0751342773438  513.0
379.2120666503906  384.0
595.4611206054688  569.0
554.7456665039062  592.0
468.7586669921875  478.0
305.88507080078125  379.0
309.4087219238281  333.0
361.90380859375  335.0
345.1053466796875  415.0
297.3962097167969  284.0
544.843505859375  672.0
571.3482055664062  606.0
366.6734313964844  420.0
545.698974609375  685.0
575.7393798828125  567.0
624.9356689453125  615.0
510.2030029296875  520.0
517.489501953125  600.0
247.11370849609375  228.0
559.3316040039062  773.0
552.9971923828125  566.0
504.848388671875  484.0
591.618896484375  616.0
318.40057373046875  366.0
516.1283569335938  522.0
365.2290954589844  350.0
574.3021240234375  619.0
567.932373046875  584.0
244.0667266845703  243.0
494.4800109863281  500.0
481.1687927246094  481.0
369.16241455078125  315.0
397.45843505859375  421.0
599.389404296875  569.0
371.1089172363281  384.0
516.8623046875  508.0
411.0837707519531  411.0
582.902099609375  624.0
495.6424865722656  467.0
391.218505859375  418.0
542.4735717773438  565.0
556.6807250976562  568.0
567.2352294921875  563.0
364.2430725097656  365.0
237.0919647216797  240.0
528.4275512695312  527.0
602.4268188476562  616.0
392.305419921875  306.0
679.5908203125  595.0
589.1513671875  589.0
220.84669494628906  216.0
341.2915344238281  199.0
248.44522094726562  205.0
377.2981872558594  353.0
202.42742919921875  197.0
388.0471496582031  374.0
549.5599975585938  589.0
411.56024169921875  505.0
524.1514892578125  545.0
361.20758056640625  265.0
537.0375366210938  523.0
519.2255249023438  526.0
544.193115234375  549.0
205.58229064941406  173.0
339.1802673339844  315.0
364.5242614746094  295.0
407.75213623046875  430.0
522.86083984375  539.0
557.1004638671875  630.0
475.4654541015625  529.0
509.6104431152344  530.0
534.0332641601562  559.0
428.4261169433594  422.0
554.9310913085938  587.0
538.9878540039062  555.0
421.3365783691406  423.0
496.8876953125  503.0
269.36895751953125  278.0
351.5252380371094  417.0
583.5874633789062  580.0
333.4288330078125  278.0
459.6211853027344  493.0
405.43890380859375  433.0
518.94873046875  593.0
533.6683349609375  551.0
MSE : 2558.459904144811
MAPE : 8.157877057288824
R2 Score : 0.8688322257717582
time : 1852.4528181969945
