532.34716796875  538.0
240.76852416992188  321.0
530.561279296875  532.0
225.14683532714844  216.0
224.42527770996094  171.0
538.8876953125  550.0
568.5908203125  551.0
548.2615356445312  563.0
508.01019287109375  482.0
447.8406677246094  411.0
539.983642578125  403.0
520.86767578125  526.0
520.9492797851562  470.0
357.9129638671875  389.0
541.4613037109375  490.0
207.17442321777344  223.0
322.57666015625  387.0
193.26976013183594  220.0
591.6539916992188  580.0
235.22695922851562  432.0
596.7888793945312  613.0
222.65304565429688  324.0
384.8161926269531  373.0
531.8584594726562  561.0
324.115478515625  324.0
530.4769287109375  419.0
279.55670166015625  229.0
469.2333679199219  459.0
508.118896484375  521.0
506.81280517578125  603.0
281.24774169921875  187.0
551.4835815429688  773.0
563.525146484375  563.0
350.58074951171875  378.0
215.699462890625  243.0
334.5528564453125  359.0
541.0514526367188  559.0
536.1121215820312  650.0
546.663818359375  600.0
540.1253051757812  508.0
206.91029357910156  253.0
414.60888671875  398.0
457.3799743652344  459.0
516.238037109375  526.0
498.04107666015625  548.0
477.4333801269531  411.0
214.2628173828125  209.0
235.07774353027344  270.0
552.8963623046875  530.0
478.8990173339844  543.0
566.2046508789062  603.0
533.650390625  557.0
576.189453125  623.0
547.7076416015625  420.0
529.9235229492188  539.0
406.77252197265625  315.0
542.1047973632812  535.0
462.4759521484375  563.0
357.9439392089844  360.0
514.44091796875  501.0
487.74951171875  519.0
526.3334350585938  533.0
337.93731689453125  385.0
538.9021606445312  411.0
293.7696228027344  378.0
307.7585754394531  377.0
468.4183044433594  315.0
538.2949829101562  345.0
434.7431640625  457.0
549.0309448242188  566.0
235.43260192871094  363.0
512.6878662109375  494.0
651.1054077148438  685.0
601.9512939453125  584.0
325.7003173828125  331.0
435.68017578125  378.0
535.5069580078125  528.0
258.6499938964844  249.0
375.733642578125  344.0
480.362548828125  419.0
226.78475952148438  199.0
359.62353515625  380.0
556.8316040039062  520.0
612.5717163085938  575.0
521.2102661132812  522.0
602.2423706054688  562.0
503.4222412109375  467.0
493.4844665527344  593.0
565.1145629882812  552.0
392.8890075683594  350.0
223.9959716796875  235.0
282.356201171875  267.0
244.0471649169922  344.0
547.3622436523438  555.0
285.1623840332031  251.0
308.26904296875  316.0
534.1865234375  538.0
557.4299926757812  626.0
216.1839599609375  197.0
530.7701416015625  599.0
MSE : 4085.700325157624
MAPE : 11.327342775334783
R2 Score : 0.7674122808208677
time : 915.3537927998696
