564.017578125  568.0
543.7142333984375  555.0
416.3320617675781  260.0
326.04864501953125  281.0
615.3312377929688  763.0
557.4158325195312  503.0
343.587646484375  380.0
495.291748046875  486.0
563.5607299804688  615.0
371.94110107421875  393.0
374.56134033203125  388.0
666.4817504882812  658.0
242.7752685546875  233.0
501.4166564941406  508.0
499.0406494140625  508.0
539.9252319335938  539.0
492.145751953125  523.0
291.7255859375  377.0
522.4083862304688  529.0
463.3625183105469  498.0
271.0302429199219  253.0
255.05628967285156  267.0
532.8528442382812  557.0
502.72705078125  485.0
321.92779541015625  335.0
595.0444946289062  606.0
543.3124389648438  535.0
276.4730529785156  268.0
376.72900390625  377.0
543.8973388671875  411.0
553.1185913085938  550.0
294.2546081542969  218.0
555.2406616210938  537.0
484.76568603515625  523.0
408.9388732910156  379.0
420.38360595703125  423.0
362.12103271484375  393.0
327.99346923828125  321.0
206.9575653076172  196.0
551.1644897460938  525.0
299.8629150390625  373.0
377.4319763183594  387.0
316.3050537109375  316.0
388.4625244140625  366.0
504.4835205078125  532.0
551.2408447265625  539.0
423.00238037109375  401.0
438.2191162109375  378.0
508.80487060546875  517.0
495.31158447265625  481.0
438.59130859375  444.0
203.48828125  192.0
623.6222534179688  613.0
657.3485717773438  670.0
224.3106689453125  213.0
387.94598388671875  433.0
338.47540283203125  279.0
336.7640380859375  330.0
333.9817199707031  416.0
516.4500732421875  519.0
481.52667236328125  500.0
365.949462890625  362.0
538.6887817382812  529.0
517.4325561523438  512.0
340.17822265625  418.0
390.35369873046875  417.0
331.40484619140625  324.0
489.04901123046875  499.0
379.274169921875  430.0
544.2446899414062  513.0
545.9795532226562  491.0
392.4486389160156  388.0
218.0057830810547  203.0
365.2818603515625  420.0
284.8060302734375  251.0
542.7774047851562  560.0
537.8062133789062  554.0
502.4478759765625  499.0
585.1934204101562  561.0
310.1838684082031  300.0
273.75604248046875  319.0
557.7570190429688  552.0
496.015869140625  481.0
528.2581176757812  551.0
516.8283081054688  521.0
545.16455078125  545.0
253.1886749267578  206.0
387.69744873046875  406.0
233.1297149658203  235.0
488.3455810546875  502.0
588.863525390625  630.0
542.4125366210938  536.0
239.63739013671875  221.0
248.94696044921875  220.0
216.8041229248047  221.0
540.5287475585938  563.0
501.80609130859375  493.0
MSE : 1530.6858644270262
MAPE : 6.79944611973407
R2 Score : 0.9053683147227202
time : 2194.5366294029955
