573.1837158203125  539.0
264.5538635253906  251.0
537.2969970703125  584.0
504.3670654296875  484.0
566.5529174804688  580.0
338.2593688964844  333.0
359.2650146484375  345.0
396.7148742675781  444.0
618.99169921875  685.0
376.1957092285156  378.0
201.4500274658203  203.0
320.75921630859375  324.0
554.1533203125  546.0
503.2158508300781  508.0
334.4535827636719  378.0
572.1430053710938  593.0
281.6974792480469  218.0
251.12445068359375  390.0
520.0228271484375  520.0
512.85888671875  538.0
318.47357177734375  316.0
231.36056518554688  253.0
225.69505310058594  219.0
505.6661071777344  501.0
306.9249267578125  330.0
377.6255798339844  385.0
222.6290283203125  221.0
418.5358581542969  315.0
604.4140625  603.0
506.6675720214844  495.0
267.9609680175781  331.0
517.9864501953125  523.0
543.990234375  508.0
504.7897033691406  519.0
308.9219970703125  283.0
557.65478515625  584.0
447.8667907714844  459.0
374.09173583984375  368.0
512.8895874023438  526.0
566.7996826171875  581.0
279.3611145019531  241.0
628.31103515625  621.0
540.417724609375  493.0
319.8318786621094  330.0
350.5959777832031  418.0
354.46270751953125  327.0
483.4985046386719  478.0
537.6385498046875  545.0
575.1103515625  773.0
566.29248046875  575.0
661.2139282226562  583.0
586.2935791015625  673.0
412.0096435546875  374.0
662.5469360351562  763.0
512.5486450195312  519.0
390.97314453125  344.0
550.0448608398438  555.0
425.27349853515625  423.0
244.3601837158203  273.0
477.045166015625  538.0
414.46722412109375  410.0
559.0653076171875  531.0
203.12265014648438  173.0
358.5835266113281  394.0
534.6695556640625  512.0
339.7811279296875  409.0
549.241455078125  568.0
238.72360229492188  240.0
574.0667724609375  589.0
472.2649841308594  503.0
562.8142700195312  580.0
561.085205078125  613.0
317.1050109863281  349.0
584.2513427734375  563.0
463.72991943359375  498.0
561.3612060546875  538.0
505.2423400878906  522.0
355.5575256347656  403.0
285.07684326171875  315.0
228.12814331054688  260.0
241.05593872070312  220.0
315.9133605957031  310.0
410.4145812988281  403.0
503.88433837890625  523.0
271.9589538574219  266.0
563.1704711914062  559.0
267.8243713378906  253.0
564.964599609375  513.0
352.0691223144531  359.0
491.7263488769531  467.0
389.84423828125  363.0
543.6166381835938  569.0
547.2011108398438  600.0
506.0658264160156  503.0
311.2680358886719  418.0
413.0009765625  563.0
MSE : 2085.761602807526
MAPE : 7.0799281560304665
R2 Score : 0.8826500074670158
time : 2279.499077540997
