589.0068359375  539.0
226.48037719726562  251.0
559.4326782226562  584.0
496.014404296875  484.0
562.4282836914062  580.0
332.6575927734375  333.0
334.4971618652344  345.0
418.1092529296875  444.0
620.0960083007812  685.0
377.7643127441406  378.0
182.6890869140625  203.0
309.902587890625  324.0
562.4627685546875  546.0
506.3734436035156  508.0
330.5989990234375  378.0
592.4695434570312  593.0
249.8466796875  218.0
335.811767578125  390.0
499.6269226074219  520.0
531.9091186523438  538.0
311.7640380859375  316.0
213.08363342285156  253.0
207.13063049316406  219.0
506.20159912109375  501.0
286.1635437011719  330.0
351.0533142089844  385.0
210.53421020507812  221.0
341.43292236328125  315.0
593.382568359375  603.0
498.95281982421875  495.0
247.13558959960938  331.0
665.9100952148438  523.0
526.1202392578125  508.0
490.79058837890625  519.0
264.58526611328125  283.0
555.8795776367188  584.0
450.7276916503906  459.0
355.1654052734375  368.0
508.669677734375  526.0
519.7134399414062  581.0
255.76966857910156  241.0
620.090087890625  621.0
537.9010620117188  493.0
297.4101867675781  330.0
350.42974853515625  418.0
346.8806457519531  327.0
492.0498962402344  478.0
545.6206665039062  545.0
595.750732421875  773.0
575.5117797851562  575.0
671.828125  583.0
598.669677734375  673.0
425.3872985839844  374.0
675.753662109375  763.0
547.1791381835938  519.0
373.7942810058594  344.0
547.7221069335938  555.0
372.9372253417969  423.0
323.3233947753906  273.0
494.4421691894531  538.0
410.8189392089844  410.0
552.9132080078125  531.0
182.49249267578125  173.0
355.1658935546875  394.0
535.0648803710938  512.0
351.7665710449219  409.0
538.0525512695312  568.0
213.15887451171875  240.0
572.7158813476562  589.0
486.78350830078125  503.0
581.541259765625  580.0
550.6590576171875  613.0
311.1766662597656  349.0
595.3167114257812  563.0
503.5403747558594  498.0
529.05419921875  538.0
510.98577880859375  522.0
348.8338928222656  403.0
348.98272705078125  315.0
264.5552062988281  260.0
210.74703979492188  220.0
314.8602600097656  310.0
385.5000305175781  403.0
502.0982666015625  523.0
230.68630981445312  266.0
542.42578125  559.0
229.76380920410156  253.0
556.9827880859375  513.0
332.5140075683594  359.0
491.6698913574219  467.0
370.3005065917969  363.0
523.0833129882812  569.0
541.0132446289062  600.0
505.0632019042969  503.0
328.4183349609375  418.0
463.3281555175781  563.0
MSE : 1845.5144324112334
MAPE : 7.104072527808427
R2 Score : 0.896166894350985
time : 2704.9025046640018
