342.0696105957031  355.0
232.51284790039062  373.0
499.9451599121094  539.0
331.3362731933594  337.0
552.3037109375  552.0
562.4276123046875  523.0
518.6881713867188  493.0
492.55670166015625  470.0
203.26597595214844  243.0
600.1201171875  618.0
416.1098327636719  360.0
525.5438232421875  503.0
272.1460266113281  229.0
571.2188720703125  543.0
461.1669616699219  411.0
505.5589904785156  566.0
548.03564453125  538.0
386.3476867675781  386.0
566.1038208007812  546.0
325.09442138671875  323.0
323.0736999511719  378.0
540.2225952148438  519.0
250.78973388671875  311.0
527.3358154296875  533.0
434.22467041015625  403.0
481.9474792480469  557.0
213.40396118164062  206.0
398.6722717285156  416.0
219.24557495117188  220.0
521.38134765625  449.0
672.0333862304688  654.0
301.6231384277344  283.0
349.986083984375  333.0
572.9999389648438  554.0
412.3895568847656  401.0
559.6175537109375  512.0
215.1275634765625  171.0
498.2228088378906  444.0
552.9750366210938  561.0
534.264892578125  623.0
364.97052001953125  298.0
498.3219909667969  488.0
349.5790100097656  420.0
351.62615966796875  358.0
213.0103759765625  194.0
460.4660949707031  459.0
544.412841796875  569.0
480.1832580566406  475.0
283.0580749511719  265.0
211.68995666503906  192.0
576.200927734375  566.0
214.76995849609375  196.0
300.0315856933594  199.0
526.0260620117188  563.0
645.1024169921875  563.0
535.1831665039062  541.0
456.4934997558594  505.0
333.3991394042969  374.0
368.599365234375  467.0
244.77610778808594  272.0
258.873291015625  223.0
561.8391723632812  600.0
487.09759521484375  484.0
395.3972473144531  415.0
302.51898193359375  281.0
505.16156005859375  501.0
505.37005615234375  490.0
531.9710693359375  539.0
513.0773315429688  508.0
600.2568359375  573.0
509.9529724121094  492.0
325.2585754394531  316.0
569.02783203125  520.0
577.5178833007812  508.0
194.57260131835938  199.0
363.2850036621094  424.0
352.4339599609375  378.0
510.4961242675781  444.0
484.61956787109375  411.0
580.1829833984375  545.0
464.352294921875  503.0
625.1885986328125  673.0
386.1716003417969  363.0
370.7929992675781  395.0
293.3973083496094  253.0
432.79852294921875  272.0
403.22747802734375  433.0
302.0425720214844  284.0
604.4600830078125  593.0
402.9885559082031  393.0
592.39892578125  603.0
325.0537109375  418.0
611.288818359375  604.0
631.0707397460938  592.0
509.87115478515625  565.0
MSE : 2046.7152812847646
MAPE : 8.849292129563704
R2 Score : 0.8740673877022118
time : 1153.0330378941726
