204.7954559326172  192.0
601.9172973632812  668.0
640.6326293945312  600.0
521.2037353515625  523.0
497.49884033203125  515.0
247.09742736816406  219.0
396.6376037597656  520.0
517.4043579101562  538.0
331.2415771484375  330.0
390.1130676269531  420.0
567.6029663085938  574.0
530.0797729492188  599.0
484.2864685058594  470.0
496.7287292480469  545.0
476.9748229980469  478.0
448.5028991699219  493.0
340.2838439941406  378.0
535.5236206054688  521.0
484.97637939453125  519.0
636.8546752929688  623.0
588.2427368164062  579.0
431.53607177734375  419.0
572.5999145507812  562.0
349.3052062988281  279.0
556.9351196289062  527.0
396.46380615234375  360.0
323.34124755859375  315.0
390.5791320800781  329.0
279.9893493652344  302.0
657.3884887695312  560.0
462.9735107421875  482.0
344.65380859375  295.0
421.1800842285156  478.0
267.6150207519531  239.0
611.9790649414062  552.0
547.6153564453125  581.0
200.82662963867188  204.0
496.8343505859375  548.0
512.2744750976562  499.0
510.01068115234375  513.0
604.1852416992188  685.0
464.55194091796875  475.0
298.8583068847656  348.0
332.2467041015625  344.0
495.1559753417969  493.0
512.0831298828125  518.0
544.014404296875  551.0
518.6908569335938  537.0
408.892578125  433.0
386.2569274902344  433.0
326.70672607421875  324.0
258.15020751953125  226.0
524.3763427734375  530.0
376.2784423828125  362.0
205.3087615966797  203.0
544.0020751953125  539.0
524.4774169921875  557.0
307.64239501953125  281.0
346.801025390625  345.0
514.1762084960938  526.0
483.688720703125  411.0
415.1280517578125  390.0
246.27597045898438  205.0
574.2252807617188  577.0
314.780029296875  337.0
303.36602783203125  358.0
262.59405517578125  272.0
563.4322509765625  559.0
249.66830444335938  228.0
208.54660034179688  215.0
486.3031921386719  484.0
358.26055908203125  373.0
219.8217010498047  216.0
619.6878662109375  593.0
577.1998901367188  563.0
641.2288818359375  685.0
518.3120727539062  523.0
552.1689453125  566.0
597.4873657226562  546.0
360.4254455566406  363.0
410.1564636230469  318.0
415.0128173828125  415.0
165.40821838378906  173.0
510.4981689453125  517.0
575.6572265625  580.0
356.677001953125  359.0
485.6239013671875  520.0
484.9079284667969  522.0
302.94232177734375  333.0
337.56085205078125  348.0
673.8656005859375  658.0
499.7581787109375  467.0
495.8923645019531  509.0
326.796142578125  330.0
388.07940673828125  421.0
226.69163513183594  233.0
595.0687866210938  673.0
222.1088104248047  203.0
389.2123107910156  363.0
163.7163543701172  130.0
MSE : 1282.0333561240602
MAPE : 6.493958632371829
R2 Score : 0.9307347325696512
time : 2671.802067772005
