381.3974609375  390.0
403.311767578125  444.0
538.6405029296875  491.0
371.5824890136719  359.0
369.67169189453125  420.0
331.00213623046875  330.0
547.7503662109375  474.0
557.6065673828125  685.0
545.2854614257812  577.0
334.64508056640625  316.0
374.22015380859375  384.0
383.52032470703125  418.0
395.6590881347656  410.0
542.1722412109375  538.0
539.474365234375  607.0
546.8682861328125  528.0
340.9935302734375  203.0
540.1025390625  527.0
554.3683471679688  545.0
306.4949951171875  253.0
278.47259521484375  171.0
362.0221862792969  390.0
537.977783203125  473.0
223.19667053222656  221.0
227.45338439941406  272.0
554.4486083984375  538.0
370.60955810546875  363.0
538.2989501953125  529.0
536.657470703125  559.0
546.2989501953125  565.0
551.0149536132812  534.0
244.93576049804688  228.0
543.0064086914062  551.0
481.70330810546875  604.0
555.5391235351562  547.0
544.8467407226562  593.0
391.8879699707031  393.0
308.79278564453125  278.0
314.4997253417969  253.0
361.6572570800781  298.0
384.0826110839844  226.0
533.9583129882812  526.0
274.5065002441406  392.0
549.517822265625  532.0
331.23626708984375  315.0
338.4248352050781  358.0
342.19964599609375  313.0
541.8831176757812  624.0
551.8947143554688  562.0
338.6575927734375  421.0
547.5350341796875  474.0
347.7503967285156  373.0
546.0421142578125  589.0
535.673828125  488.0
553.3930053710938  633.0
475.5318298339844  493.0
550.1358642578125  562.0
340.5372314453125  333.0
245.52342224121094  221.0
548.1373901367188  535.0
363.55572509765625  376.0
340.97662353515625  349.0
556.3947143554688  584.0
552.2379760742188  478.0
529.7162475585938  501.0
550.0783081054688  484.0
379.5846862792969  394.0
555.406005859375  559.0
557.7439575195312  763.0
281.3485412597656  207.0
551.7128295898438  555.0
553.946044921875  560.0
358.32684326171875  378.0
429.793212890625  457.0
556.5786743164062  615.0
366.2043151855469  467.0
217.84078979492188  243.0
272.14410400390625  293.0
156.00894165039062  260.0
294.0381164550781  257.0
367.1174621582031  333.0
552.9231567382812  552.0
551.7158203125  542.0
224.2942657470703  205.0
342.16546630859375  279.0
290.1722106933594  225.0
379.4271545410156  333.0
545.7964477539062  508.0
367.7135314941406  398.0
550.3673706054688  649.0
555.1859741210938  615.0
326.4096984863281  324.0
356.32550048828125  323.0
362.02154541015625  418.0
537.9513549804688  557.0
513.8658447265625  475.0
540.6571655273438  541.0
364.9996337890625  199.0
547.171630859375  575.0
241.66525268554688  253.0
MSE : 3267.6936837809067
MAPE : 11.366294923850468
R2 Score : 0.8203194892606991
time : 862.494898888981
