390.46185302734375  548.0
643.26611328125  569.0
490.1007080078125  488.0
432.6573486328125  419.0
468.42901611328125  513.0
553.70751953125  577.0
199.68173217773438  130.0
499.93170166015625  486.0
421.901123046875  411.0
441.32330322265625  478.0
626.7861328125  672.0
270.531494140625  270.0
315.87506103515625  331.0
317.1186828613281  316.0
550.71826171875  538.0
365.66485595703125  345.0
336.94097900390625  260.0
249.82730102539062  268.0
481.4586181640625  459.0
526.446533203125  520.0
239.9490203857422  269.0
530.6493530273438  552.0
497.75823974609375  482.0
360.2268371582031  392.0
193.52745056152344  173.0
375.86383056640625  394.0
355.087890625  425.0
230.16683959960938  293.0
348.1573486328125  255.0
480.03857421875  478.0
642.30322265625  763.0
559.7910766601562  615.0
221.98597717285156  220.0
222.3737335205078  194.0
516.516845703125  534.0
520.7844848632812  523.0
346.4026184082031  373.0
299.6709899902344  323.0
190.54611206054688  213.0
231.90676879882812  266.0
587.2814331054688  577.0
428.62640380859375  583.0
607.6165771484375  578.0
485.7379150390625  658.0
374.8896789550781  416.0
553.86474609375  574.0
503.3822021484375  541.0
465.8033447265625  458.0
297.846435546875  390.0
416.4361572265625  493.0
522.2798461914062  549.0
556.2604370117188  584.0
611.4342041015625  563.0
575.3716430664062  569.0
555.7655029296875  581.0
211.14767456054688  223.0
367.54046630859375  388.0
230.46017456054688  272.0
521.11962890625  538.0
410.3170166015625  363.0
549.1148681640625  568.0
656.9727783203125  658.0
381.1377868652344  419.0
655.12353515625  765.0
359.94110107421875  410.0
325.08038330078125  418.0
375.724853515625  360.0
292.2880554199219  253.0
501.68133544921875  600.0
334.8144226074219  335.0
193.42022705078125  190.0
555.426025390625  590.0
311.1749572753906  333.0
323.1365661621094  333.0
510.81549072265625  527.0
418.60894775390625  580.0
501.34881591796875  533.0
634.8984375  685.0
611.5015869140625  603.0
549.6218872070312  562.0
469.46435546875  493.0
224.5374755859375  397.0
351.43231201171875  330.0
340.04388427734375  321.0
197.6837158203125  213.0
476.91058349609375  478.0
206.83950805664062  192.0
367.37249755859375  388.0
548.3832397460938  587.0
524.10986328125  493.0
571.8321533203125  539.0
369.23944091796875  347.0
359.16937255859375  373.0
372.3162841796875  378.0
471.2353820800781  503.0
MSE : 2936.7296916202104
MAPE : 8.988636876366844
R2 Score : 0.8535305297725148
time : 1592.0335770660022
