574.1124877929688  548.0
574.1461791992188  569.0
536.0762329101562  488.0
435.1204833984375  419.0
536.5927124023438  513.0
570.7647705078125  577.0
164.89822387695312  130.0
509.48516845703125  486.0
418.06866455078125  411.0
454.1346435546875  478.0
573.7406616210938  672.0
287.37982177734375  270.0
410.71673583984375  331.0
293.4724426269531  316.0
538.9718627929688  538.0
270.5830383300781  345.0
560.1337280273438  260.0
209.69854736328125  268.0
511.49749755859375  459.0
574.1257934570312  520.0
239.585693359375  269.0
574.0023803710938  552.0
534.2911987304688  482.0
400.35198974609375  392.0
160.96282958984375  173.0
398.2406311035156  394.0
444.3016357421875  425.0
239.31573486328125  293.0
529.6046142578125  255.0
574.0789184570312  478.0
537.49658203125  763.0
574.2120361328125  615.0
284.082275390625  220.0
288.1279296875  194.0
543.2838745117188  534.0
536.8535766601562  523.0
420.51251220703125  373.0
266.50311279296875  323.0
214.05511474609375  213.0
255.55886840820312  266.0
536.2413330078125  577.0
574.0822143554688  583.0
535.0872192382812  578.0
572.3706665039062  658.0
398.537109375  416.0
573.8738403320312  574.0
570.7601928710938  541.0
536.2620239257812  458.0
208.12661743164062  390.0
568.2997436523438  493.0
571.5629272460938  549.0
559.0578002929688  584.0
537.089111328125  563.0
573.9235229492188  569.0
566.7847900390625  581.0
190.47520446777344  223.0
573.9020385742188  388.0
387.49163818359375  272.0
498.0635986328125  538.0
407.441650390625  363.0
538.0856323242188  568.0
574.150146484375  658.0
573.1630249023438  419.0
537.7346801757812  765.0
389.21270751953125  410.0
306.582763671875  418.0
384.11810302734375  360.0
287.0477294921875  253.0
569.2614135742188  600.0
359.4058837890625  335.0
291.3218994140625  190.0
574.0991821289062  590.0
404.4219055175781  333.0
383.672607421875  333.0
541.14013671875  527.0
574.1073608398438  580.0
541.0662841796875  533.0
574.1344604492188  685.0
537.1879272460938  603.0
568.9942626953125  562.0
515.3300170898438  493.0
410.32061767578125  397.0
333.21826171875  330.0
330.9599914550781  321.0
256.6119384765625  213.0
525.2008056640625  478.0
191.36395263671875  192.0
392.051513671875  388.0
573.1945190429688  587.0
538.8219604492188  493.0
574.0178833007812  539.0
377.15203857421875  347.0
407.02069091796875  373.0
341.1668701171875  378.0
509.5880432128906  503.0
MSE : 5783.076049457974
MAPE : 13.266968494989582
R2 Score : 0.7115689306828752
time : 917.8212252929952
