494.3732604980469  474.0
240.2786102294922  208.0
547.6810913085938  773.0
342.0225830078125  320.0
251.13314819335938  219.0
426.8014221191406  388.0
436.0262145996094  520.0
500.3013000488281  501.0
400.3468322753906  394.0
529.0863037109375  565.0
400.97674560546875  378.0
637.5421752929688  542.0
569.1784057617188  563.0
566.88916015625  584.0
342.2059020996094  295.0
441.8446350097656  512.0
213.24867248535156  209.0
324.2070007324219  191.0
332.1838684082031  329.0
560.0685424804688  546.0
332.19793701171875  410.0
530.02880859375  481.0
488.1817321777344  529.0
628.5559692382812  616.0
617.420166015625  550.0
200.5031280517578  195.0
463.7159423828125  482.0
437.0411071777344  505.0
193.87408447265625  213.0
399.13037109375  353.0
199.65342712402344  206.0
401.9161682128906  424.0
262.64300537109375  226.0
528.347412109375  539.0
513.3323364257812  475.0
254.7693634033203  278.0
480.0960388183594  502.0
444.6207580566406  388.0
552.3986206054688  532.0
506.0357971191406  467.0
592.9907836914062  624.0
539.582275390625  582.0
307.54034423828125  324.0
257.47320556640625  233.0
393.6918640136719  384.0
555.80078125  603.0
427.1899719238281  363.0
401.9439392089844  344.0
497.2084045410156  493.0
332.2193298339844  330.0
402.2101135253906  267.0
340.9007873535156  243.0
332.7303466796875  278.0
561.4962768554688  551.0
485.1203918457031  528.0
579.106201171875  579.0
226.7556610107422  228.0
505.2203063964844  478.0
526.3101806640625  561.0
401.6654357910156  360.0
566.524658203125  494.0
401.4220886230469  406.0
529.94189453125  527.0
578.7311401367188  555.0
566.8148193359375  670.0
403.4671325683594  423.0
255.6182861328125  304.0
574.1456298828125  523.0
332.41748046875  286.0
257.0531921386719  243.0
267.4139709472656  323.0
559.9727783203125  603.0
392.20849609375  379.0
489.7504577636719  483.0
505.9197998046875  459.0
557.6527709960938  554.0
386.6949768066406  360.0
503.44635009765625  500.0
600.5335083007812  623.0
543.3104858398438  488.0
551.3193359375  512.0
244.9087677001953  216.0
422.5004577636719  444.0
333.1742858886719  390.0
332.2397155761719  348.0
332.1927185058594  316.0
511.6745300292969  525.0
401.3502502441406  386.0
570.6215209960938  530.0
527.0389404296875  491.0
604.2525024414062  668.0
561.94140625  621.0
339.80078125  415.0
340.5047302246094  333.0
511.75933837890625  618.0
249.64483642578125  220.0
556.0498657226562  545.0
657.103759765625  763.0
566.9293212890625  626.0
531.7412719726562  603.0
MSE : 2717.380476805072
MAPE : 9.542187359423673
R2 Score : 0.8574473495253965
time : 1310.5122088300996
