378.03302001953125  418.0
638.0459594726562  519.0
383.41717529296875  413.0
376.91973876953125  387.0
571.1146240234375  559.0
219.0009002685547  209.0
350.28314208984375  195.0
545.4449462890625  581.0
590.5478515625  566.0
393.46240234375  406.0
489.1118469238281  472.0
514.7489624023438  518.0
390.6482849121094  355.0
491.6244812011719  532.0
293.87762451171875  281.0
340.3010559082031  295.0
567.6771850585938  624.0
560.1618041992188  616.0
509.02935791015625  501.0
293.9362487792969  268.0
373.396484375  344.0
551.2481689453125  656.0
350.9173278808594  348.0
573.3961791992188  573.0
578.23388671875  549.0
156.36671447753906  190.0
309.5521545410156  284.0
386.3520812988281  373.0
522.073974609375  538.0
532.1727294921875  615.0
485.8473815917969  508.0
525.8305053710938  491.0
514.246826171875  603.0
321.8935546875  267.0
567.022705078125  587.0
203.25961303710938  203.0
529.5267333984375  557.0
389.2227478027344  363.0
340.4090576171875  315.0
602.1522827148438  517.0
342.0586853027344  318.0
385.397705078125  396.0
488.1406555175781  481.0
243.3727569580078  254.0
494.8769836425781  539.0
377.86456298828125  226.0
612.0452270507812  583.0
520.9171142578125  536.0
551.7528076171875  613.0
529.2595825195312  523.0
351.2547302246094  298.0
317.99676513671875  324.0
748.24462890625  649.0
373.57647705078125  256.0
370.0677490234375  353.0
556.72265625  604.0
180.98394775390625  171.0
447.9765930175781  467.0
323.95062255859375  379.0
755.8947143554688  595.0
404.35296630859375  432.0
577.6514282226562  650.0
385.7508544921875  389.0
519.3536987304688  565.0
551.4617309570312  603.0
590.7395629882812  685.0
536.7598876953125  538.0
402.0635986328125  410.0
441.4754638671875  449.0
493.8161315917969  474.0
546.962646484375  530.0
384.82232666015625  385.0
573.525146484375  607.0
595.728759765625  582.0
533.0264282226562  545.0
397.7580261230469  363.0
375.3511962890625  378.0
573.7493896484375  658.0
321.126953125  199.0
416.84185791015625  233.0
557.5596313476562  567.0
537.6773071289062  568.0
348.0149230957031  418.0
679.9405517578125  618.0
407.2627868652344  600.0
371.66748046875  359.0
485.4886779785156  467.0
299.8687744140625  363.0
619.2386474609375  592.0
310.3927917480469  319.0
157.3004913330078  195.0
586.2994384765625  574.0
140.3017120361328  199.0
532.770263671875  520.0
454.9166564941406  519.0
407.4682922363281  363.0
MSE : 3450.4199423979467
MAPE : 10.863582465045296
R2 Score : 0.8208994267474135
time : 774.3698418249842
