192.31834411621094  223.0
227.00071716308594  225.0
614.0109252929688  493.0
569.6741333007812  580.0
217.66896057128906  203.0
288.10546875  281.0
338.81927490234375  410.0
602.51513671875  604.0
327.71807861328125  423.0
405.6231689453125  433.0
545.925048828125  513.0
625.7754516601562  624.0
511.83245849609375  493.0
606.0996704101562  607.0
518.8731079101562  542.0
319.6517028808594  335.0
557.0087280273438  581.0
502.798828125  482.0
528.5205688476562  520.0
313.0209655761719  418.0
221.53480529785156  208.0
184.7084503173828  366.0
430.0972900390625  393.0
223.71853637695312  203.0
361.93731689453125  347.0
462.4851379394531  503.0
559.310546875  546.0
565.413330078125  545.0
521.7669677734375  503.0
327.56048583984375  348.0
354.2752685546875  373.0
482.95587158203125  472.0
535.135986328125  577.0
358.60467529296875  324.0
217.49765014648438  221.0
649.6566772460938  633.0
281.8196716308594  286.0
269.4198913574219  253.0
516.212158203125  494.0
292.337646484375  265.0
378.4684753417969  395.0
225.14004516601562  254.0
555.827880859375  550.0
550.3533935546875  411.0
535.65478515625  573.0
525.0890502929688  517.0
289.60479736328125  333.0
396.3084716796875  388.0
550.8331298828125  581.0
255.42160034179688  243.0
202.91708374023438  215.0
511.2581481933594  478.0
618.4365844726562  658.0
629.1783447265625  649.0
387.7359619140625  360.0
384.6749267578125  359.0
359.59014892578125  378.0
649.0050659179688  603.0
564.2894287109375  538.0
328.82476806640625  267.0
563.5521240234375  567.0
257.951416015625  268.0
506.11602783203125  484.0
399.58038330078125  406.0
266.8434753417969  315.0
661.769287109375  685.0
522.3783569335938  523.0
308.0381774902344  279.0
309.3922424316406  330.0
248.8205108642578  273.0
533.5116577148438  521.0
335.9547424316406  345.0
636.0406494140625  618.0
356.6629943847656  403.0
512.0452270507812  474.0
500.05902099609375  501.0
378.6771240234375  377.0
574.3777465820312  600.0
335.93743896484375  424.0
247.93817138671875  207.0
531.12646484375  600.0
227.6168975830078  219.0
519.24658203125  532.0
643.603759765625  668.0
335.7593994140625  432.0
542.724365234375  529.0
553.7974853515625  551.0
267.26141357421875  298.0
526.8168334960938  513.0
575.3585205078125  575.0
549.6254272460938  530.0
339.711669921875  378.0
299.85296630859375  343.0
419.30047607421875  419.0
578.986572265625  615.0
329.912353515625  328.0
185.0565643310547  171.0
571.3411254882812  569.0
577.880615234375  619.0
MSE : 1695.1537432084613
MAPE : 7.120687005293079
R2 Score : 0.9075410512567946
time : 882.4831767049982
