361.8045959472656  355.0
417.1010437011719  373.0
542.1278076171875  539.0
340.3460693359375  337.0
558.8565673828125  584.0
518.3257446289062  523.0
534.5472412109375  493.0
481.84185791015625  470.0
316.2326965332031  243.0
658.928466796875  618.0
393.5271911621094  360.0
513.723388671875  528.0
248.52293395996094  229.0
711.1552124023438  543.0
491.1072692871094  411.0
571.347412109375  566.0
504.57940673828125  538.0
371.8548278808594  386.0
572.9341430664062  546.0
304.4250793457031  323.0
325.23583984375  378.0
535.4491577148438  519.0
265.5551452636719  311.0
513.5914916992188  533.0
401.9023742675781  403.0
548.0988159179688  557.0
201.1805877685547  206.0
375.88128662109375  416.0
216.8811798095703  220.0
437.9131164550781  449.0
613.5533447265625  654.0
272.3327331542969  283.0
377.1167297363281  333.0
563.840087890625  554.0
401.3902282714844  406.0
549.5347900390625  563.0
202.76553344726562  171.0
509.02996826171875  444.0
571.3399658203125  561.0
551.4818115234375  623.0
330.0580749511719  298.0
505.0494079589844  503.0
538.1834716796875  488.0
350.6991882324219  420.0
354.243408203125  318.0
198.0877227783203  194.0
420.91485595703125  459.0
539.7428588867188  569.0
526.110595703125  475.0
350.6466064453125  265.0
196.5242919921875  192.0
623.4208984375  566.0
198.2184600830078  196.0
315.7746887207031  199.0
553.5903930664062  563.0
667.7903442382812  563.0
531.0006713867188  541.0
474.01690673828125  505.0
388.7959289550781  401.0
392.50079345703125  374.0
315.4433288574219  467.0
235.1904754638672  272.0
224.4879608154297  223.0
484.15081787109375  600.0
584.4439086914062  484.0
367.9438171386719  415.0
254.4281768798828  281.0
496.0115051269531  501.0
536.2357788085938  490.0
598.9437255859375  539.0
525.4441528320312  508.0
571.0936889648438  573.0
548.5133666992188  492.0
313.229736328125  316.0
354.9819641113281  358.0
539.4263916015625  552.0
531.1740112304688  520.0
543.6356201171875  508.0
184.2058868408203  199.0
426.9060974121094  424.0
418.6983337402344  378.0
521.8919067382812  512.0
437.9784240722656  444.0
435.4312744140625  411.0
544.0420532226562  545.0
347.3609313964844  503.0
679.4130249023438  673.0
408.0539855957031  363.0
394.45477294921875  395.0
245.79017639160156  253.0
197.4569091796875  272.0
373.8880310058594  433.0
303.4827880859375  284.0
540.2457275390625  593.0
353.7361755371094  393.0
559.509765625  603.0
378.3225402832031  418.0
596.7775268554688  604.0
609.0101318359375  592.0
528.9647827148438  565.0
MSE : 2331.110440659984
MAPE : 8.324645111917507
R2 Score : 0.8548352347339434
time : 4189.565856527071
