550.8377685546875  538.0
238.6434326171875  321.0
550.73095703125  532.0
232.6341552734375  216.0
216.1968231201172  171.0
550.1188354492188  550.0
550.2471313476562  551.0
550.49560546875  563.0
550.6472778320312  482.0
452.755126953125  411.0
420.2247009277344  403.0
550.9203491210938  526.0
550.8893432617188  470.0
393.64581298828125  389.0
551.021484375  490.0
237.0505828857422  223.0
318.4280700683594  387.0
234.02479553222656  220.0
551.067626953125  580.0
395.40216064453125  432.0
550.99365234375  613.0
270.0365295410156  324.0
392.5576171875  373.0
550.7461547851562  561.0
324.92236328125  324.0
548.5757446289062  419.0
294.8953552246094  229.0
550.8699340820312  459.0
550.633056640625  521.0
550.6096801757812  603.0
330.17254638671875  187.0
550.8361206054688  773.0
550.4317626953125  563.0
326.1964111328125  378.0
326.7906494140625  243.0
294.462158203125  359.0
550.6470336914062  559.0
550.9942626953125  650.0
446.5016174316406  600.0
550.819091796875  508.0
228.3778076171875  253.0
393.9474182128906  398.0
421.8658142089844  459.0
550.6406860351562  526.0
549.9894409179688  548.0
417.5561828613281  411.0
230.98211669921875  209.0
237.93820190429688  270.0
551.0733032226562  530.0
550.8271484375  543.0
550.1866455078125  603.0
550.913330078125  557.0
550.7708740234375  623.0
419.8965148925781  420.0
550.4434814453125  539.0
232.55722045898438  315.0
550.88232421875  535.0
550.4638671875  563.0
393.43658447265625  360.0
550.8900756835938  501.0
550.9202270507812  519.0
550.4944458007812  533.0
394.17333984375  385.0
473.0811462402344  411.0
324.68658447265625  378.0
392.5755615234375  377.0
392.51373291015625  315.0
398.56671142578125  345.0
549.353271484375  457.0
550.6776733398438  566.0
242.5459442138672  363.0
550.9060668945312  494.0
550.2518920898438  685.0
551.032470703125  584.0
228.15943908691406  331.0
393.796630859375  378.0
550.4310913085938  528.0
252.316162109375  249.0
419.9969177246094  344.0
420.5855407714844  419.0
240.84300231933594  199.0
235.51678466796875  380.0
550.6199340820312  520.0
551.0444946289062  575.0
550.766357421875  522.0
550.9923706054688  562.0
550.8804931640625  467.0
550.5789184570312  593.0
550.226318359375  552.0
393.64794921875  350.0
229.28945922851562  235.0
392.8087463378906  267.0
245.94529724121094  344.0
550.9821166992188  555.0
315.2957763671875  251.0
321.77020263671875  316.0
550.7230224609375  538.0
550.0215454101562  626.0
227.93017578125  197.0
550.4495849609375  599.0
MSE : 3727.955130336804
MAPE : 11.56886272324636
R2 Score : 0.7877777340574456
time : 1036.6161235440522
