499.3065185546875  508.0
516.5664672851562  488.0
215.12322998046875  253.0
529.5568237304688  563.0
498.4544677734375  618.0
517.422119140625  580.0
215.1163330078125  228.0
477.30279541015625  505.0
502.8569641113281  581.0
563.9832153320312  607.0
515.1688842773438  581.0
630.5897827148438  411.0
511.55084228515625  624.0
544.951416015625  545.0
451.832275390625  363.0
368.7449035644531  396.0
448.6083984375  459.0
589.2674560546875  615.0
215.13427734375  310.0
550.0531616210938  606.0
215.12454223632812  221.0
580.8109741210938  546.0
498.0120544433594  503.0
612.844970703125  508.0
215.12677001953125  203.0
366.590087890625  388.0
511.06048583984375  470.0
215.12664794921875  194.0
215.12596130371094  225.0
574.461669921875  556.0
215.123779296875  281.0
215.1339111328125  293.0
510.0595397949219  600.0
577.399658203125  619.0
215.12265014648438  302.0
610.1604614257812  552.0
567.7273559570312  529.0
503.8374938964844  541.0
215.1195068359375  379.0
382.39404296875  360.0
215.11590576171875  272.0
215.1237030029297  203.0
587.2681884765625  569.0
490.23663330078125  520.0
215.1306610107422  308.0
621.543701171875  632.0
507.71673583984375  603.0
384.19091796875  423.0
383.4785461425781  345.0
573.1466674804688  604.0
497.856201171875  523.0
324.9081726074219  300.0
595.5527954101562  566.0
403.56268310546875  333.0
584.612060546875  626.0
521.1249389648438  481.0
549.1972045898438  517.0
551.9303588867188  549.0
553.5362548828125  547.0
444.698974609375  374.0
545.7625732421875  530.0
578.121337890625  579.0
215.1407012939453  430.0
215.13050842285156  315.0
461.67230224609375  390.0
215.1355743408203  286.0
357.26812744140625  402.0
450.3966369628906  475.0
596.5760498046875  538.0
215.1233673095703  251.0
449.44818115234375  478.0
506.538330078125  500.0
215.13230895996094  194.0
511.3707580566406  500.0
325.11279296875  324.0
215.1268768310547  251.0
398.8072814941406  373.0
497.7646179199219  508.0
598.3440551757812  630.0
392.0726318359375  337.0
421.04095458984375  411.0
215.1155548095703  206.0
380.7716369628906  187.0
215.1114501953125  197.0
484.16729736328125  523.0
565.6983032226562  566.0
386.2000732421875  315.0
525.2477416992188  525.0
564.2881469726562  552.0
604.2213134765625  595.0
215.1374969482422  318.0
392.23382568359375  473.0
365.31591796875  423.0
591.2530517578125  563.0
215.12660217285156  130.0
591.31298828125  560.0
385.6305847167969  392.0
221.1637420654297  433.0
215.1305389404297  197.0
542.1898803710938  500.0
MSE : 4397.2614153500135
MAPE : 12.808338958920206
R2 Score : 0.7652506902658135
time : 1461.1276198332198
