365.0304260253906  298.0
228.60523986816406  284.0
400.1858215332031  459.0
248.12599182128906  324.0
486.5809326171875  459.0
484.020263671875  501.0
510.7000732421875  541.0
559.7067260742188  626.0
556.4036865234375  538.0
497.8414001464844  549.0
338.66015625  378.0
661.7056274414062  390.0
487.9476318359375  505.0
249.11122131347656  323.0
561.0662231445312  545.0
238.82870483398438  251.0
240.73483276367188  365.0
575.9521484375  606.0
403.2855529785156  493.0
573.417724609375  658.0
540.365478515625  560.0
255.18447875976562  203.0
287.2774963378906  265.0
529.8172607421875  534.0
283.3027648925781  199.0
451.5021057128906  273.0
386.8367919921875  353.0
204.35140991210938  207.0
498.0525207519531  537.0
557.0926513671875  478.0
403.4373779296875  363.0
572.3326416015625  765.0
271.19171142578125  295.0
385.7905578613281  325.0
567.3807373046875  556.0
543.8432006835938  560.0
238.2327880859375  319.0
213.07791137695312  293.0
517.8939819335938  561.0
371.2237243652344  373.0
613.9625244140625  593.0
282.8389587402344  304.0
563.8641357421875  604.0
589.6695556640625  538.0
243.6207275390625  269.0
321.55810546875  410.0
383.6532287597656  430.0
403.6011962890625  392.0
237.66290283203125  253.0
491.65435791015625  569.0
288.820068359375  318.0
249.76588439941406  278.0
369.27105712890625  413.0
389.30999755859375  373.0
298.50579833984375  225.0
519.6250610351562  565.0
317.609375  475.0
477.7187805175781  484.0
626.629150390625  566.0
547.3785400390625  546.0
553.4473266601562  653.0
355.320068359375  415.0
479.1358642578125  482.0
382.1728515625  363.0
201.62875366210938  192.0
387.2065124511719  389.0
241.47787475585938  301.0
407.4718017578125  353.0
594.9605102539062  773.0
246.0869903564453  378.0
202.93414306640625  203.0
593.083740234375  589.0
308.69281005859375  300.0
516.039306640625  493.0
520.5615844726562  508.0
521.0039672851562  515.0
580.9324951171875  584.0
561.173828125  574.0
244.75308227539062  228.0
552.970458984375  527.0
630.2062377929688  670.0
567.2764892578125  488.0
587.7926635742188  669.0
640.5537719726562  550.0
203.8492889404297  229.0
522.176025390625  599.0
244.95530700683594  130.0
390.3810729980469  394.0
617.2612915039062  547.0
520.1608276367188  563.0
609.4058837890625  542.0
380.5618591308594  420.0
527.4165649414062  539.0
502.45159912109375  533.0
388.10028076171875  314.0
527.4906616210938  577.0
385.8961486816406  385.0
349.958984375  187.0
525.10888671875  470.0
491.29827880859375  494.0
MSE : 4761.864810322996
MAPE : 13.288923965591252
R2 Score : 0.7610047088014916
time : 5755.26738920802
