254.4215850830078  253.0
244.157470703125  573.0
238.641357421875  319.0
263.5428161621094  343.0
340.8237609863281  362.0
474.60595703125  493.0
423.0884704589844  378.0
351.4853820800781  413.0
457.4817199707031  420.0
237.69229125976562  268.0
369.6936950683594  390.0
522.4429931640625  508.0
527.9977416992188  545.0
343.8673400878906  398.0
527.611572265625  560.0
409.5847473144531  300.0
526.087890625  580.0
527.900634765625  763.0
528.0040283203125  613.0
299.413818359375  368.0
244.0653076171875  251.0
234.78414916992188  207.0
330.6490783691406  269.0
400.5577392578125  545.0
527.63134765625  533.0
392.6764221191406  171.0
491.5564270019531  459.0
425.7890625  318.0
385.7820129394531  503.0
278.6675720214844  325.0
242.78961181640625  257.0
389.2303771972656  418.0
527.9368286132812  481.0
242.21929931640625  223.0
332.82159423828125  433.0
523.2633056640625  458.0
233.5065460205078  520.0
262.9656066894531  433.0
289.7256164550781  475.0
219.51797485351562  207.0
398.1263732910156  411.0
236.35061645507812  320.0
528.0697021484375  568.0
527.997314453125  653.0
331.4832458496094  347.0
417.2108154296875  417.0
218.69674682617188  197.0
527.9932861328125  557.0
527.7633056640625  554.0
527.9817504882812  531.0
524.6157836914062  500.0
314.23724365234375  228.0
271.30670166015625  493.0
362.156494140625  304.0
527.9896240234375  520.0
527.9310302734375  649.0
527.7156982421875  523.0
527.9503173828125  685.0
527.744873046875  623.0
527.7540283203125  563.0
407.65338134765625  401.0
524.1805419921875  527.0
527.9387817382812  582.0
223.33837890625  253.0
527.8783569335938  467.0
527.6837768554688  484.0
527.7192993164062  538.0
242.5049285888672  272.0
528.0464477539062  538.0
527.9609985351562  551.0
527.8002319335938  482.0
257.2867736816406  239.0
527.9312744140625  600.0
353.7177429199219  319.0
445.325927734375  685.0
255.44166564941406  251.0
253.8129119873047  331.0
525.9246215820312  523.0
389.9755554199219  359.0
330.1494445800781  324.0
527.3084716796875  521.0
397.7536315917969  444.0
528.0469360351562  566.0
527.98583984375  525.0
527.9467163085938  584.0
525.4202880859375  501.0
328.4678649902344  378.0
249.736572265625  278.0
527.712158203125  670.0
269.55914306640625  581.0
237.65171813964844  284.0
526.59033203125  618.0
527.9259033203125  603.0
470.02435302734375  672.0
527.9356079101562  668.0
527.98583984375  517.0
217.58340454101562  188.0
527.991943359375  577.0
253.06036376953125  390.0
406.4990539550781  353.0
MSE : 9341.193408617233
MAPE : 15.1689288240458
R2 Score : 0.5137261926180555
time : 486.5343811030034
