567.996826171875  568.0
560.160888671875  555.0
430.9289245605469  260.0
300.272216796875  281.0
583.337158203125  763.0
563.5968017578125  503.0
355.00347900390625  380.0
470.2040100097656  486.0
583.1016845703125  615.0
336.43145751953125  393.0
503.662353515625  388.0
498.4772644042969  658.0
231.28504943847656  233.0
517.9539184570312  508.0
482.55706787109375  508.0
529.7097778320312  539.0
486.07049560546875  523.0
343.3924560546875  377.0
535.4996337890625  529.0
578.4100952148438  498.0
275.4652404785156  253.0
338.1971435546875  267.0
506.6817321777344  557.0
474.92657470703125  485.0
341.3853759765625  335.0
583.8116455078125  606.0
569.256591796875  535.0
305.71112060546875  268.0
328.1298522949219  377.0
533.07421875  411.0
578.024658203125  550.0
293.9122619628906  218.0
535.0996704101562  537.0
526.031982421875  523.0
399.4691162109375  379.0
475.22503662109375  423.0
408.178466796875  393.0
317.014892578125  321.0
204.94247436523438  196.0
531.3858032226562  525.0
314.3755798339844  373.0
368.0101013183594  387.0
304.14581298828125  316.0
377.9428405761719  366.0
519.3363037109375  532.0
516.14990234375  539.0
558.4229736328125  401.0
334.23504638671875  378.0
561.2367553710938  517.0
468.06298828125  481.0
388.68511962890625  444.0
194.11163330078125  192.0
579.5429077148438  613.0
575.2854614257812  670.0
229.299072265625  213.0
337.74078369140625  433.0
358.9376220703125  279.0
306.6864318847656  330.0
343.18145751953125  416.0
539.3853149414062  519.0
467.9874267578125  500.0
406.1780700683594  362.0
531.4410400390625  529.0
483.6897277832031  512.0
311.9865417480469  418.0
404.3963928222656  417.0
286.7716369628906  324.0
486.82696533203125  499.0
535.8602905273438  430.0
525.568115234375  513.0
522.2677001953125  491.0
439.1802978515625  388.0
206.9365997314453  203.0
409.941162109375  420.0
218.48483276367188  251.0
482.1934814453125  560.0
569.39990234375  554.0
500.1170654296875  499.0
521.5734252929688  561.0
340.0859375  300.0
308.22113037109375  319.0
569.8447265625  552.0
470.92059326171875  481.0
548.325927734375  551.0
529.1859130859375  521.0
544.5078125  545.0
263.07757568359375  206.0
404.23077392578125  406.0
225.8960418701172  235.0
478.11517333984375  502.0
580.6756591796875  630.0
567.798095703125  536.0
207.92568969726562  221.0
302.0483703613281  220.0
213.1414794921875  221.0
524.5433959960938  563.0
542.7203979492188  493.0
MSE : 2968.4559921643086
MAPE : 9.584434525528087
R2 Score : 0.8164809646850041
time : 822.0364694440068
