616.8607788085938  606.0
394.9815368652344  394.0
425.5233459472656  422.0
590.44677734375  544.0
184.15098571777344  190.0
386.6321716308594  396.0
544.3060913085938  473.0
537.00146484375  531.0
486.6216125488281  467.0
540.4304809570312  569.0
495.2044982910156  502.0
359.1319885253906  388.0
624.1456298828125  606.0
429.9638366699219  498.0
610.9271850585938  619.0
524.7649536132812  529.0
496.9284362792969  532.0
491.5624694824219  501.0
635.5340576171875  615.0
624.9801025390625  658.0
557.8731079101562  458.0
546.7997436523438  522.0
304.57708740234375  199.0
263.42578125  253.0
317.42596435546875  390.0
533.4313354492188  527.0
245.0902099609375  218.0
630.2357788085938  656.0
370.4887390136719  344.0
559.5018920898438  517.0
342.6560363769531  313.0
490.9745178222656  485.0
233.36932373046875  240.0
609.5281982421875  593.0
381.9491882324219  406.0
584.5758056640625  557.0
343.9393005371094  359.0
531.7059936523438  517.0
401.0072937011719  403.0
235.61154174804688  293.0
417.4491882324219  407.0
333.4490966796875  333.0
585.5535278320312  613.0
513.6356201171875  515.0
567.7329711914062  538.0
361.1361389160156  397.0
567.1802368164062  551.0
413.2391662597656  377.0
555.613525390625  600.0
587.6920776367188  565.0
579.9957885742188  538.0
581.0692749023438  584.0
511.9176025390625  509.0
487.7759094238281  488.0
355.2171325683594  373.0
590.3126831054688  579.0
261.0166931152344  241.0
286.98468017578125  379.0
491.252685546875  481.0
417.7500305175781  388.0
560.0466918945312  624.0
573.0906982421875  562.0
282.4281921386719  187.0
188.5552520751953  192.0
370.0459899902344  392.0
376.0289001464844  385.0
364.2578125  376.0
320.6501159667969  319.0
523.4967651367188  527.0
240.99490356445312  266.0
396.70941162109375  421.0
401.3450927734375  360.0
180.23220825195312  130.0
346.1550598144531  377.0
495.9820251464844  474.0
621.0416259765625  616.0
586.3182373046875  574.0
649.3576049804688  547.0
555.5565795898438  533.0
619.0543823242188  633.0
244.7393341064453  269.0
328.4229431152344  355.0
376.9690246582031  363.0
371.6172180175781  433.0
583.3400268554688  607.0
582.2118530273438  580.0
447.7688903808594  459.0
556.8253784179688  533.0
409.3941955566406  387.0
314.8016052246094  366.0
314.1468200683594  378.0
609.4000244140625  552.0
642.1552734375  618.0
389.16131591796875  402.0
569.3712768554688  563.0
273.52703857421875  304.0
346.24560546875  321.0
376.7701110839844  387.0
496.6245422363281  559.0
596.3063354492188  569.0
MSE : 1304.264555724382
MAPE : 7.017871696769935
R2 Score : 0.9159572905984239
time : 1044.0270328629995
