364.33367919921875  409.0
568.0477905273438  550.0
551.7088012695312  528.0
567.5331420898438  550.0
312.1409912109375  377.0
349.19110107421875  359.0
398.8556823730469  401.0
569.0750732421875  509.0
212.56069946289062  221.0
449.4046325683594  363.0
569.3539428710938  517.0
385.48516845703125  363.0
551.7421875  513.0
365.5970153808594  425.0
553.4343872070312  523.0
482.2859191894531  595.0
404.7315673828125  410.0
361.1918029785156  420.0
569.8526000976562  478.0
229.55320739746094  219.0
297.34503173828125  366.0
370.9610595703125  416.0
352.9921875  349.0
568.476806640625  618.0
225.6216278076172  206.0
310.8567199707031  218.0
543.0277709960938  485.0
563.175537109375  538.0
571.1632690429688  763.0
335.8075256347656  330.0
573.0599975585938  618.0
541.9263305664062  520.0
565.0780639648438  566.0
572.036865234375  656.0
501.7530212402344  478.0
387.931884765625  402.0
417.03155517578125  473.0
537.8895874023438  501.0
571.6383666992188  538.0
350.32464599609375  256.0
560.6021118164062  482.0
210.25816345214844  215.0
214.6015625  152.0
461.0021057128906  401.0
385.736083984375  403.0
572.1390991210938  685.0
299.56964111328125  278.0
546.9219970703125  584.0
403.2414245605469  493.0
541.1979370117188  603.0
570.259765625  678.0
570.526123046875  519.0
525.5380249023438  493.0
350.53338623046875  368.0
334.68951416015625  345.0
572.73193359375  493.0
524.3458251953125  543.0
571.1290283203125  411.0
547.1846313476562  547.0
232.69497680664062  257.0
555.9916381835938  624.0
477.6004943847656  440.0
355.8441467285156  378.0
570.4950561523438  584.0
573.2066650390625  494.0
561.4497680664062  508.0
416.76177978515625  420.0
207.15977478027344  194.0
572.88037109375  555.0
567.9573364257812  673.0
554.8035278320312  561.0
305.14715576171875  265.0
381.46380615234375  344.0
344.40460205078125  327.0
545.6318969726562  549.0
557.2250366210938  568.0
572.5994262695312  539.0
573.1214599609375  615.0
562.1676635742188  557.0
313.6441650390625  323.0
289.99774169921875  283.0
392.6048889160156  392.0
226.35838317871094  272.0
557.7796020507812  560.0
542.3119506835938  493.0
544.513671875  531.0
356.390869140625  311.0
572.1992797851562  559.0
569.5587768554688  623.0
231.07325744628906  223.0
571.3636474609375  522.0
540.974609375  470.0
540.8196411132812  472.0
572.8406372070312  638.0
253.63800048828125  235.0
572.99072265625  621.0
MSE : 3005.1366669952645
MAPE : 9.567211438793754
R2 Score : 0.8300301956261364
time : 830.8656036549946
