507.8470153808594  508.0
548.6513061523438  560.0
526.893310546875  503.0
404.9610290527344  403.0
509.978515625  534.0
541.3994140625  552.0
524.5320434570312  544.0
249.048095703125  205.0
354.38690185546875  319.0
214.31069946289062  223.0
504.3160095214844  486.0
502.82489013671875  474.0
401.80450439453125  360.0
562.246337890625  606.0
279.53948974609375  293.0
536.3128051757812  529.0
412.980224609375  387.0
515.5096435546875  485.0
410.09521484375  374.0
315.2869567871094  432.0
498.9312744140625  519.0
555.7974853515625  672.0
294.4526062011719  221.0
232.3870086669922  213.0
405.593505859375  388.0
561.9853515625  569.0
562.30029296875  562.0
506.9783020019531  493.0
541.922607421875  539.0
402.18682861328125  387.0
418.2012023925781  457.0
533.4407958984375  539.0
314.9407043457031  308.0
385.8646240234375  345.0
357.5406494140625  345.0
576.3035278320312  579.0
223.4061279296875  213.0
526.3825073242188  525.0
549.0476684570312  581.0
543.98193359375  538.0
375.1846618652344  347.0
530.5685424804688  650.0
374.1793212890625  319.0
565.248046875  567.0
511.8866882324219  529.0
185.36012268066406  197.0
575.2164306640625  566.0
590.4202880859375  673.0
393.8533935546875  409.0
419.3247985839844  378.0
412.075439453125  363.0
317.438232421875  320.0
386.03656005859375  386.0
647.770751953125  618.0
500.41180419921875  484.0
596.160888671875  562.0
576.029541015625  616.0
502.96807861328125  488.0
376.6224060058594  359.0
507.01031494140625  513.0
334.76458740234375  363.0
420.3892822265625  374.0
339.8528137207031  416.0
405.04302978515625  366.0
553.9483032226562  555.0
360.0548095703125  333.0
520.3511352539062  503.0
245.23899841308594  213.0
455.43634033203125  500.0
468.4361572265625  493.0
417.28143310546875  411.0
549.2252197265625  563.0
541.7442626953125  566.0
502.73907470703125  481.0
578.3046264648438  580.0
597.8634643554688  643.0
499.3040466308594  500.0
244.84609985351562  208.0
535.1427001953125  522.0
373.230224609375  373.0
403.64544677734375  348.0
299.13885498046875  324.0
360.2583312988281  362.0
555.797607421875  491.0
547.5642700195312  550.0
532.6630859375  541.0
277.3748474121094  311.0
580.723388671875  616.0
534.8389282226562  525.0
619.76025390625  670.0
228.3373565673828  221.0
509.8001403808594  559.0
564.0867919921875  575.0
204.12429809570312  192.0
445.23358154296875  545.0
378.4466552734375  355.0
292.4852294921875  315.0
496.459228515625  472.0
415.182373046875  420.0
MSE : 1344.7161743804304
MAPE : 6.410699730716608
R2 Score : 0.914087994115663
time : 1197.3602782560047
