542.1229248046875  565.0
524.1155395507812  522.0
506.1885986328125  493.0
338.1668701171875  333.0
518.5223388671875  526.0
432.2485656738281  563.0
640.0667724609375  560.0
399.0155029296875  403.0
330.54229736328125  241.0
492.7319030761719  494.0
322.1008605957031  324.0
202.0255584716797  207.0
537.957275390625  525.0
432.5576171875  600.0
393.28607177734375  410.0
609.47509765625  658.0
480.1436462402344  482.0
382.58465576171875  385.0
232.0795135498047  228.0
683.51806640625  615.0
335.9974365234375  321.0
522.7816772460938  549.0
392.6230163574219  393.0
408.4073486328125  378.0
345.4237365722656  315.0
313.5706481933594  379.0
555.5881958007812  561.0
171.46266174316406  197.0
554.0439453125  584.0
381.1723937988281  388.0
499.7130432128906  499.0
526.9738159179688  536.0
482.7441711425781  486.0
349.016845703125  344.0
365.7909240722656  398.0
327.4132385253906  324.0
476.5844421386719  467.0
587.8429565429688  604.0
514.7147216796875  600.0
433.64727783203125  457.0
598.0104370117188  618.0
418.9252014160156  430.0
411.04473876953125  411.0
321.06365966796875  373.0
413.9344787597656  407.0
154.1815948486328  199.0
173.10134887695312  203.0
497.6861877441406  484.0
491.7194519042969  484.0
333.8783874511719  313.0
251.3195037841797  229.0
237.837646484375  272.0
573.8675537109375  569.0
351.65692138671875  327.0
511.2626953125  518.0
374.8002014160156  373.0
339.80975341796875  415.0
424.296630859375  475.0
558.1283569335938  584.0
353.30340576171875  328.0
541.6566772460938  554.0
189.19825744628906  197.0
448.612060546875  444.0
209.46697998046875  208.0
529.3365478515625  513.0
512.0607299804688  517.0
200.22348022460938  206.0
412.20098876953125  374.0
594.0426025390625  615.0
383.0092468261719  401.0
259.3881530761719  259.0
221.45907592773438  203.0
267.4168701171875  272.0
552.9083251953125  552.0
535.1370849609375  529.0
537.27783203125  549.0
221.1907196044922  221.0
191.5586395263672  195.0
565.9246215820312  582.0
350.3729553222656  345.0
638.8458862304688  590.0
549.1592407226562  551.0
527.99169921875  545.0
359.5653076171875  358.0
608.4335327148438  616.0
221.3427276611328  213.0
382.01104736328125  418.0
318.2062683105469  324.0
289.90789794921875  319.0
457.9267272949219  548.0
497.0058288574219  500.0
527.7470092773438  528.0
555.6531372070312  587.0
536.3552856445312  539.0
229.3344268798828  255.0
317.1325988769531  324.0
539.5237426757812  493.0
579.0701904296875  606.0
344.51446533203125  343.0
288.04913330078125  293.0
MSE : 1259.9227617039112
MAPE : 5.319648010403515
R2 Score : 0.9272294933827274
time : 1625.3060471431818
