584.6162719726562  546.0
495.3650817871094  473.0
220.97970581054688  206.0
401.18707275390625  403.0
553.3678588867188  552.0
760.0369262695312  649.0
341.06085205078125  329.0
279.95709228515625  228.0
521.3865966796875  519.0
579.296142578125  653.0
541.5383911132812  490.0
657.3225708007812  678.0
610.7846069335938  621.0
583.4486083984375  530.0
558.1325073242188  566.0
198.9302978515625  204.0
341.3668518066406  384.0
574.3469848632812  581.0
501.94940185546875  518.0
528.4156494140625  491.0
694.7117309570312  563.0
583.7411499023438  551.0
400.86700439453125  418.0
325.0162658691406  308.0
314.7177429199219  251.0
748.8045654296875  563.0
433.7204895019531  419.0
171.87103271484375  152.0
563.841552734375  488.0
527.7482299804688  517.0
663.0211791992188  668.0
659.0202026367188  615.0
203.63465881347656  221.0
317.0618896484375  387.0
346.30218505859375  355.0
390.88128662109375  256.0
374.49981689453125  482.0
617.4222412109375  673.0
297.27886962890625  233.0
340.694091796875  315.0
574.7783813476562  573.0
511.5125732421875  493.0
251.55331420898438  249.0
557.7960815429688  530.0
338.7350158691406  324.0
487.4798583984375  495.0
603.0217895507812  658.0
572.9129638671875  587.0
618.4313354492188  569.0
191.00770568847656  194.0
603.6211547851562  615.0
396.49920654296875  409.0
351.2228088378906  397.0
545.0416870117188  539.0
540.7266235351562  508.0
573.2112426757812  590.0
411.015380859375  373.0
382.6302490234375  401.0
586.3118286132812  545.0
422.06402587890625  419.0
594.3518676757812  590.0
557.0355224609375  569.0
302.44317626953125  283.0
578.0374145507812  583.0
375.82318115234375  379.0
246.03494262695312  331.0
607.5054321289062  589.0
423.87884521484375  475.0
494.65960693359375  485.0
233.43594360351562  235.0
537.7687377929688  537.0
567.5841064453125  626.0
423.98504638671875  503.0
398.13653564453125  388.0
259.33648681640625  253.0
559.6255493164062  503.0
546.7443237304688  532.0
524.3854370117188  470.0
541.1174926757812  529.0
345.87152099609375  344.0
348.890869140625  358.0
191.2322998046875  209.0
486.7094421386719  488.0
532.9003295898438  550.0
352.30926513671875  378.0
290.40716552734375  270.0
417.72259521484375  473.0
326.64208984375  378.0
655.1018676757812  658.0
344.54266357421875  418.0
307.238525390625  301.0
377.2984313964844  363.0
560.5079345703125  603.0
548.6433715820312  568.0
399.98333740234375  449.0
205.2416534423828  216.0
399.22454833984375  378.0
331.21185302734375  359.0
384.18890380859375  384.0
567.5413208007812  556.0
MSE : 2020.944910447893
MAPE : 7.336398402011735
R2 Score : 0.8881367375832535
time : 6172.597542461008
