522.1787719726562  493.0
589.2560424804688  569.0
230.8131103515625  315.0
532.2119750976562  508.0
603.6300048828125  606.0
536.2151489257812  536.0
574.7765502929688  494.0
327.7265930175781  350.0
309.7483825683594  424.0
237.01431274414062  302.0
237.11187744140625  345.0
594.3731079101562  616.0
364.8659362792969  368.0
391.1028137207031  273.0
292.3179016113281  192.0
284.66790771484375  259.0
497.16510009765625  406.0
539.8073120117188  535.0
488.87005615234375  481.0
500.0386047363281  523.0
332.8205871582031  344.0
316.1919860839844  286.0
516.283447265625  528.0
227.1265411376953  211.0
351.0148010253906  311.0
638.2645874023438  615.0
591.873046875  582.0
243.6385498046875  330.0
265.4627685546875  343.0
565.1036987304688  630.0
558.8385009765625  563.0
225.39022827148438  310.0
493.9812316894531  626.0
359.73614501953125  416.0
586.0589599609375  643.0
568.5221557617188  621.0
497.40948486328125  255.0
529.2620239257812  495.0
500.5829162597656  508.0
287.3072814941406  293.0
522.5398559570312  560.0
589.348876953125  668.0
518.5809936523438  479.0
542.7235717773438  517.0
512.0199584960938  393.0
530.6587524414062  493.0
344.7538757324219  327.0
433.5531921386719  523.0
285.7992858886719  220.0
549.1859130859375  604.0
503.1260681152344  459.0
539.1638793945312  521.0
466.8163757324219  419.0
636.5280151367188  543.0
210.78228759765625  171.0
373.3720397949219  265.0
306.9390563964844  219.0
439.0273742675781  373.0
517.3389892578125  478.0
264.1495666503906  269.0
210.77993774414062  217.0
313.5882263183594  392.0
582.36376953125  584.0
597.8317260742188  604.0
496.6199035644531  473.0
310.38861083984375  363.0
377.4304504394531  191.0
652.5462036132812  654.0
346.5783996582031  373.0
311.4134521484375  206.0
202.89833068847656  319.0
512.6371459960938  526.0
393.9237365722656  360.0
523.4060668945312  529.0
212.92137145996094  344.0
388.3596496582031  389.0
309.3817138671875  359.0
328.0540466308594  330.0
273.6701354980469  283.0
557.241943359375  557.0
322.0799255371094  253.0
581.107666015625  668.0
457.630615234375  423.0
586.0389404296875  633.0
600.24609375  503.0
307.7267150878906  321.0
246.5392608642578  188.0
303.0374450683594  130.0
247.2532958984375  298.0
372.7943420410156  306.0
523.8970336914062  503.0
226.9875030517578  204.0
497.1974792480469  509.0
302.6876220703125  418.0
381.0010681152344  444.0
343.2028503417969  260.0
324.5313415527344  398.0
629.6931762695312  547.0
581.3016967773438  765.0
MSE : 5082.692405255787
MAPE : 16.274235035356277
R2 Score : 0.7483617691177213
time : 1182.1045422129973
