392.7585754394531  482.0
442.95928955078125  419.0
338.3545837402344  345.0
638.1350708007812  547.0
408.3492126464844  387.0
586.6864624023438  566.0
568.778564453125  563.0
593.1385498046875  668.0
354.5328369140625  388.0
297.1977844238281  304.0
363.9662780761719  410.0
376.1125183105469  260.0
420.1560363769531  411.0
534.4524536132812  495.0
368.1121520996094  376.0
319.6777038574219  253.0
550.6302490234375  549.0
541.8472900390625  538.0
379.2200622558594  433.0
525.6155395507812  522.0
224.35707092285156  171.0
542.78564453125  531.0
220.70191955566406  331.0
648.9736328125  604.0
261.5836181640625  266.0
571.22021484375  567.0
420.3257751464844  423.0
530.683349609375  493.0
602.494384765625  523.0
351.66607666015625  363.0
231.93185424804688  323.0
262.6258239746094  390.0
288.97528076171875  315.0
544.2207641601562  536.0
544.0169067382812  505.0
396.47509765625  392.0
587.38623046875  673.0
605.0884399414062  658.0
517.577880859375  577.0
403.854736328125  393.0
403.999267578125  401.0
545.4797973632812  537.0
364.2103271484375  348.0
481.5101623535156  482.0
545.8116455078125  535.0
531.0191650390625  581.0
573.10302734375  550.0
572.48486328125  587.0
566.3167724609375  513.0
598.283447265625  562.0
522.658447265625  573.0
386.9300231933594  359.0
667.825439453125  541.0
491.50433349609375  478.0
562.833251953125  521.0
382.4570617675781  363.0
275.3570861816406  253.0
543.153564453125  517.0
344.44537353515625  335.0
386.89251708984375  384.0
618.5739135742188  643.0
277.7107238769531  293.0
571.5203857421875  566.0
564.4910278320312  551.0
258.0281982421875  278.0
542.2907104492188  512.0
416.0791931152344  401.0
297.25543212890625  278.0
362.2472229003906  218.0
571.2869262695312  562.0
503.3710021972656  494.0
243.9485626220703  197.0
554.155029296875  529.0
540.9133911132812  557.0
486.2290954589844  474.0
500.59881591796875  488.0
338.0378723144531  293.0
389.4344177246094  402.0
675.2333984375  618.0
622.3621826171875  569.0
177.4201202392578  194.0
637.656494140625  590.0
372.2405700683594  389.0
460.5816345214844  459.0
215.6888427734375  223.0
549.7813110351562  541.0
348.6515197753906  360.0
545.6437377929688  499.0
394.9830322265625  420.0
527.349609375  520.0
281.3403625488281  293.0
268.44232177734375  348.0
604.0442504882812  560.0
436.8021240234375  425.0
545.941650390625  554.0
179.7782440185547  188.0
393.09906005859375  377.0
414.96490478515625  378.0
341.5101013183594  355.0
302.231689453125  268.0
MSE : 1990.2438344848551
MAPE : 8.149081267645313
R2 Score : 0.8665784953884549
time : 1583.2368999839964
