506.8407287597656  411.0
418.3297424316406  419.0
595.0844116210938  500.0
542.2125244140625  529.0
203.0680389404297  204.0
482.7044982910156  493.0
558.6776733398438  552.0
480.8711853027344  501.0
379.9544982910156  393.0
366.6292724609375  359.0
570.3942260742188  535.0
586.7115478515625  656.0
340.9043273925781  330.0
481.7857360839844  467.0
504.2527770996094  522.0
568.6177978515625  563.0
507.0766296386719  525.0
457.9709167480469  411.0
384.4607238769531  387.0
505.486328125  500.0
253.63233947753906  229.0
382.9628601074219  384.0
546.4437866210938  494.0
574.9491577148438  589.0
580.3352661132812  773.0
378.343994140625  415.0
358.947265625  348.0
431.67633056640625  393.0
334.47479248046875  321.0
356.09515380859375  380.0
365.1184997558594  333.0
398.7801208496094  360.0
551.1597290039062  562.0
372.0675354003906  379.0
363.0976867675781  378.0
377.9823913574219  360.0
474.67742919921875  403.0
320.3644714355469  335.0
327.1661071777344  308.0
610.3863525390625  478.0
506.5107727050781  521.0
329.1424560546875  410.0
349.4316101074219  324.0
355.6030578613281  329.0
562.7191772460938  626.0
549.6004028320312  584.0
496.0168151855469  520.0
277.7856140136719  324.0
363.7165832519531  298.0
233.11326599121094  239.0
564.8805541992188  618.0
572.419189453125  562.0
568.023681640625  638.0
554.2291870117188  538.0
300.7262268066406  251.0
498.5180969238281  523.0
537.2659301757812  520.0
212.1964874267578  228.0
581.6434326171875  557.0
643.7894287109375  649.0
399.11639404296875  392.0
364.9944152832031  360.0
544.7111206054688  520.0
475.2720642089844  475.0
560.9027709960938  546.0
430.6063537597656  411.0
595.3987426757812  539.0
502.9436340332031  518.0
696.8563842773438  401.0
381.9695739746094  416.0
505.5378112792969  580.0
572.9728393554688  580.0
322.1241455078125  315.0
299.1954040527344  348.0
372.4390869140625  355.0
414.4866027832031  406.0
570.6497192382812  673.0
574.7364501953125  606.0
308.2680969238281  217.0
537.1327514648438  565.0
523.4557495117188  565.0
540.2493286132812  561.0
552.8495483398438  554.0
513.6640625  520.0
531.2322387695312  542.0
370.040771484375  402.0
592.171875  482.0
533.1161499023438  563.0
242.14849853515625  228.0
321.43206787109375  313.0
210.05943298339844  207.0
359.95843505859375  265.0
406.2024841308594  422.0
549.041015625  545.0
397.666748046875  344.0
610.3482666015625  579.0
358.6882019042969  319.0
566.8910522460938  551.0
529.1673583984375  568.0
541.8045654296875  536.0
MSE : 2875.80566637113
MAPE : 7.966083407993952
R2 Score : 0.8055707969960274
time : 1582.2861553239636
