251.72828674316406  253.0
571.615234375  568.0
584.3552856445312  569.0
319.6689147949219  324.0
530.3721313476562  565.0
614.62841796875  559.0
624.410400390625  670.0
534.1148681640625  529.0
534.1452026367188  541.0
486.8416442871094  444.0
529.5798950195312  549.0
596.3514404296875  649.0
208.8791961669922  215.0
405.0254821777344  407.0
527.088623046875  618.0
305.1108703613281  323.0
592.2142333984375  590.0
318.1048583984375  330.0
508.5932922363281  546.0
412.36334228515625  411.0
524.5877685546875  523.0
569.5431518554688  584.0
425.03778076171875  419.0
373.5135192871094  313.0
381.66796875  328.0
259.8111572265625  257.0
509.9560852050781  538.0
433.6128845214844  493.0
331.30987548828125  347.0
272.6067199707031  293.0
606.5776977539062  569.0
438.533203125  449.0
514.7869262695312  512.0
214.4183349609375  216.0
386.5526123046875  370.0
512.2884521484375  523.0
263.33929443359375  269.0
391.02947998046875  420.0
514.3102416992188  485.0
627.5382690429688  563.0
440.6751708984375  484.0
628.59619140625  624.0
628.851806640625  613.0
627.1823120117188  678.0
206.84149169921875  217.0
277.26220703125  266.0
343.8001403808594  315.0
329.4103698730469  348.0
320.438232421875  278.0
193.7886962890625  228.0
509.4241638183594  459.0
619.2178955078125  606.0
511.2615051269531  538.0
573.9895629882812  669.0
522.9979858398438  515.0
321.96917724609375  349.0
523.8071899414062  530.0
386.6587219238281  377.0
586.6128540039062  604.0
243.9749755859375  366.0
591.6350708007812  653.0
355.2527770996094  415.0
574.0413818359375  579.0
621.9281005859375  616.0
515.8285522460938  528.0
531.1759643554688  545.0
627.2857055664062  550.0
546.4542846679688  534.0
628.90478515625  763.0
571.4742431640625  603.0
586.2935791015625  574.0
523.1792602539062  508.0
325.945556640625  327.0
209.23275756835938  272.0
580.3015747070312  565.0
524.3735961914062  529.0
518.424560546875  581.0
597.2570190429688  593.0
380.49505615234375  345.0
220.3902130126953  195.0
520.9457397460938  483.0
311.8742370605469  324.0
612.792236328125  604.0
327.75262451171875  304.0
340.3248596191406  393.0
203.91111755371094  195.0
290.3637390136719  331.0
590.2435913085938  580.0
510.8673400878906  470.0
591.6627807617188  615.0
510.28839111328125  526.0
387.7965393066406  363.0
629.1514282226562  643.0
530.9041748046875  561.0
487.9423828125  481.0
334.7227478027344  380.0
231.79989624023438  304.0
529.7380981445312  401.0
282.97406005859375  272.0
300.92425537109375  293.0
MSE : 1574.8330328675358
MAPE : 6.495659904119404
R2 Score : 0.9147816013533739
time : 2464.64218890504
