395.9169616699219  319.0
585.1182861328125  763.0
522.42041015625  503.0
405.2489929199219  370.0
399.2061462402344  387.0
503.3607482910156  520.0
338.54254150390625  257.0
537.7692260742188  491.0
558.3861083984375  533.0
408.3927001953125  444.0
553.9437255859375  549.0
620.0263061523438  654.0
398.2625427246094  410.0
491.016845703125  457.0
401.1376647949219  345.0
540.6861572265625  535.0
577.4945068359375  566.0
384.4084167480469  420.0
357.6080322265625  195.0
474.5338439941406  482.0
389.7590026855469  419.0
611.9236450195312  545.0
467.00439453125  486.0
574.44873046875  658.0
490.4705505371094  520.0
608.8133544921875  546.0
316.75714111328125  467.0
307.49493408203125  235.0
342.5475769042969  395.0
597.73291015625  562.0
451.3558654785156  459.0
512.3557739257812  519.0
357.7184753417969  388.0
505.6606140136719  520.0
504.04974365234375  497.0
165.90509033203125  152.0
381.4456787109375  378.0
578.8234252929688  525.0
366.8868713378906  301.0
638.114501953125  607.0
391.7962951660156  328.0
244.7666015625  272.0
306.89019775390625  373.0
495.4221496582031  518.0
484.59344482421875  458.0
378.8564453125  315.0
623.4658203125  685.0
524.9555053710938  557.0
568.6666259765625  520.0
602.1907348632812  562.0
382.2167663574219  432.0
223.55397033691406  206.0
235.12355041503906  272.0
571.04833984375  584.0
355.9991760253906  403.0
537.9918212890625  555.0
320.9204406738281  324.0
375.7462158203125  418.0
332.0254821777344  320.0
186.72149658203125  203.0
389.65228271484375  363.0
594.19287109375  580.0
539.0218505859375  638.0
519.0029296875  536.0
346.69189453125  335.0
313.9273681640625  358.0
390.86236572265625  415.0
313.8712463378906  330.0
577.4873657226562  569.0
498.56658935546875  507.0
510.6136779785156  529.0
266.7981872558594  323.0
473.9554748535156  485.0
555.1290283203125  549.0
531.9625854492188  527.0
609.7268676757812  523.0
220.45741271972656  374.0
465.46484375  470.0
10.213772773742676  273.0
526.2920532226562  618.0
352.1494445800781  393.0
473.7425231933594  565.0
544.3919067382812  623.0
627.4820556640625  604.0
372.793701171875  368.0
319.1841125488281  308.0
603.7487182617188  589.0
203.0327606201172  221.0
491.0801086425781  564.0
520.437255859375  673.0
274.46954345703125  221.0
533.3333129882812  604.0
490.1098937988281  577.0
547.0877685546875  563.0
295.86553955078125  218.0
317.4482421875  306.0
346.7591857910156  330.0
467.581787109375  478.0
338.8601379394531  219.0
277.4896545410156  253.0
MSE : 3847.739751301292
MAPE : 11.427641923079198
R2 Score : 0.7801921238607189
time : 1506.484981520989
