138.6900177001953  199.0
286.415771484375  270.0
498.6165771484375  488.0
515.83447265625  541.0
230.1744842529297  220.0
404.6475524902344  394.0
515.415771484375  525.0
226.0373077392578  240.0
172.37490844726562  203.0
507.1920166015625  474.0
519.505615234375  517.0
355.54193115234375  331.0
380.2942199707031  363.0
529.961181640625  554.0
366.0004577636719  363.0
249.3988494873047  268.0
577.175048828125  593.0
493.4987487792969  565.0
276.6582336425781  266.0
343.2567443847656  265.0
512.702392578125  519.0
372.09326171875  328.0
481.1603698730469  538.0
296.2875671386719  191.0
531.1115112304688  449.0
207.4913787841797  209.0
520.3353271484375  515.0
421.52471923828125  430.0
363.268798828125  348.0
354.45074462890625  199.0
520.3524780273438  672.0
218.30189514160156  213.0
345.6546630859375  318.0
636.702880859375  632.0
401.6076965332031  387.0
278.64898681640625  243.0
382.1064453125  373.0
403.50537109375  403.0
215.0009765625  220.0
347.80584716796875  378.0
522.2684936523438  581.0
593.7686157226562  547.0
542.6699829101562  559.0
408.381591796875  393.0
560.3193359375  656.0
546.3028564453125  567.0
416.5543212890625  363.0
396.4532775878906  385.0
315.18182373046875  319.0
506.4915771484375  600.0
589.6470336914062  668.0
231.21517944335938  213.0
512.713134765625  552.0
235.36219787597656  228.0
369.0106201171875  329.0
268.447021484375  300.0
327.91937255859375  314.0
207.69384765625  190.0
219.73121643066406  223.0
623.0643310546875  654.0
495.9010925292969  505.0
525.5963134765625  539.0
544.8699340820312  538.0
349.7913818359375  410.0
384.9483337402344  353.0
591.788818359375  551.0
377.01263427734375  370.0
546.380126953125  563.0
327.8333740234375  330.0
363.8289489746094  358.0
478.7110595703125  507.0
392.7659912109375  360.0
210.31503295898438  207.0
446.0644836425781  440.0
587.0880126953125  539.0
563.3053588867188  575.0
394.24981689453125  416.0
512.9329833984375  519.0
552.3583984375  565.0
333.45013427734375  333.0
584.40087890625  563.0
531.6953125  560.0
231.6921844482422  253.0
480.65582275390625  481.0
451.9745178222656  419.0
508.5460205078125  527.0
335.0076904296875  373.0
300.5713195800781  323.0
597.7020263671875  773.0
430.48974609375  386.0
490.4185791015625  584.0
601.4395751953125  621.0
520.1461181640625  503.0
534.6910400390625  519.0
515.6271362304688  528.0
199.81051635742188  192.0
314.0442810058594  324.0
517.765625  564.0
530.7488403320312  523.0
442.42840576171875  473.0
MSE : 1970.6278310513799
MAPE : 7.685345074422127
R2 Score : 0.9005402792627917
time : 2861.7984807831235
