363.2908020019531  373.0
272.4652099609375  330.0
345.4458923339844  345.0
488.6464538574219  500.0
533.5703735351562  538.0
353.2201232910156  344.0
219.87387084960938  213.0
325.2423400878906  318.0
209.42367553710938  171.0
406.6509704589844  384.0
217.70899963378906  208.0
584.3063354492188  603.0
559.1702270507812  541.0
555.9303588867188  549.0
597.4453125  552.0
668.30078125  658.0
194.93251037597656  197.0
545.1282348632812  528.0
351.8269958496094  413.0
417.543212890625  538.0
229.15415954589844  272.0
562.3949584960938  590.0
377.540283203125  420.0
535.5042114257812  551.0
545.044921875  563.0
233.9789581298828  205.0
554.87109375  544.0
596.44580078125  619.0
361.9803771972656  315.0
327.9392395019531  363.0
270.5476989746094  333.0
633.3900146484375  547.0
530.0743408203125  551.0
197.35293579101562  192.0
576.08154296875  561.0
360.6739501953125  355.0
508.4444580078125  513.0
588.4141235351562  550.0
252.6361846923828  260.0
232.7916259765625  207.0
402.7146911621094  378.0
548.875  564.0
218.8785858154297  331.0
530.8267211914062  531.0
501.52459716796875  517.0
282.5721740722656  249.0
399.65045166015625  419.0
418.99713134765625  410.0
607.8016967773438  606.0
399.23919677734375  433.0
506.4367980957031  523.0
402.0231628417969  393.0
280.6269836425781  253.0
321.7226257324219  348.0
549.9013671875  668.0
230.3289031982422  256.0
594.0184936523438  765.0
413.1739501953125  505.0
579.1038208007812  550.0
315.79034423828125  324.0
218.4407196044922  209.0
348.6851501464844  378.0
642.9429321289062  374.0
365.9391784667969  384.0
493.0777893066406  422.0
517.9901733398438  521.0
503.9112548828125  503.0
396.539794921875  366.0
574.6157836914062  560.0
268.4516296386719  298.0
306.9039611816406  313.0
386.8074035644531  374.0
589.1165771484375  624.0
485.9842834472656  519.0
426.6029357910156  520.0
584.1904907226562  613.0
483.0417785644531  493.0
418.9570007324219  411.0
283.90802001953125  226.0
244.57313537597656  253.0
405.71923828125  411.0
599.1726684570312  668.0
494.9098815917969  520.0
316.8555603027344  281.0
455.3043518066406  459.0
424.5626220703125  363.0
257.0155334472656  257.0
618.4308471679688  656.0
159.11439514160156  199.0
275.4750061035156  319.0
615.0253295898438  670.0
365.1424255371094  380.0
601.6045532226562  643.0
337.997802734375  328.0
558.6491088867188  618.0
520.1184692382812  508.0
320.69171142578125  327.0
450.68798828125  449.0
465.86505126953125  482.0
386.0476989746094  376.0
MSE : 2436.5940919655236
MAPE : 7.760085271180975
R2 Score : 0.8739482265443225
time : 1609.1260745879845
