517.9688110351562  474.0
314.4982604980469  208.0
537.2791137695312  773.0
297.0149841308594  320.0
246.2124786376953  219.0
464.7231140136719  388.0
454.5807800292969  520.0
484.74212646484375  502.0
330.62506103515625  394.0
553.0160522460938  527.0
392.1123962402344  379.0
552.7885131835938  542.0
523.5249633789062  563.0
573.6774291992188  584.0
348.4971008300781  295.0
519.9789428710938  512.0
276.3486022949219  209.0
306.5605163574219  191.0
315.6184997558594  329.0
573.8969116210938  546.0
440.2359924316406  410.0
503.8535461425781  481.0
488.0549621582031  491.0
579.8858642578125  621.0
570.9228515625  550.0
179.38528442382812  195.0
508.48260498046875  482.0
454.8017883300781  505.0
169.83572387695312  213.0
371.4353942871094  353.0
242.67649841308594  206.0
388.9599609375  424.0
343.4969177246094  226.0
499.7349853515625  539.0
453.1133728027344  475.0
311.1368103027344  278.0
468.3060607910156  388.0
510.1901550292969  532.0
485.5955810546875  467.0
539.9708862304688  624.0
574.5484008789062  582.0
271.7026062011719  324.0
270.2698059082031  233.0
321.2420959472656  384.0
545.5990600585938  603.0
502.5227355957031  363.0
447.3776550292969  344.0
408.4461364746094  493.0
322.8561706542969  330.0
340.38897705078125  267.0
242.95404052734375  243.0
345.7659606933594  278.0
583.9682006835938  551.0
552.8272094726562  528.0
528.7044677734375  579.0
251.82789611816406  228.0
506.8876647949219  478.0
541.0682373046875  561.0
339.2652282714844  360.0
443.5326232910156  494.0
436.0415954589844  406.0
564.018310546875  555.0
567.5408325195312  670.0
440.12091064453125  423.0
314.228515625  304.0
512.6433715820312  523.0
334.7814636230469  286.0
185.5120391845703  243.0
262.3420715332031  323.0
488.1485900878906  483.0
513.7680053710938  459.0
503.84417724609375  554.0
443.4991760253906  360.0
481.3627014160156  500.0
593.0667114257812  623.0
517.5928344726562  488.0
555.1570434570312  512.0
310.3192138671875  216.0
486.1297302246094  444.0
270.1138916015625  390.0
396.60693359375  348.0
305.8981628417969  316.0
505.4277038574219  525.0
374.033447265625  386.0
518.4707641601562  530.0
573.0296020507812  668.0
286.1486511230469  415.0
314.7536315917969  333.0
507.5828552246094  618.0
178.84857177734375  220.0
573.9473266601562  545.0
578.2466430664062  763.0
569.4800415039062  626.0
592.2106323242188  603.0
MSE : 3871.837382604041
MAPE : 12.478430115307559
R2 Score : 0.7994116237428072
time : 671.8849468280096
