545.7743530273438  616.0
554.693115234375  484.0
431.02655029296875  632.0
576.4921264648438  765.0
539.5679931640625  678.0
430.8901672363281  363.0
478.3408203125  528.0
576.7743530273438  649.0
257.1965026855469  251.0
547.5852661132812  564.0
576.763427734375  546.0
576.7542114257812  650.0
332.7084045410156  330.0
544.8427734375  593.0
431.4009704589844  360.0
199.5233612060547  130.0
424.6813049316406  333.0
362.7468566894531  195.0
304.4871826171875  378.0
567.6363525390625  557.0
242.56378173828125  190.0
417.1307373046875  373.0
477.7377624511719  425.0
520.4182739257812  508.0
576.7322387695312  616.0
304.3724060058594  272.0
510.3601989746094  474.0
391.0252685546875  416.0
506.99566650390625  488.0
426.2430419921875  390.0
263.40234375  251.0
406.19073486328125  345.0
547.445068359375  470.0
357.29595947265625  366.0
430.9682922363281  407.0
280.4572448730469  379.0
389.06719970703125  389.0
255.81016540527344  368.0
501.5382080078125  545.0
431.7041931152344  419.0
215.21775817871094  273.0
371.9411926269531  279.0
576.8255615234375  580.0
530.7259521484375  546.0
429.7597351074219  493.0
506.7470703125  490.0
397.5689392089844  403.0
576.8027954101562  561.0
326.04290771484375  321.0
434.6141357421875  373.0
438.6398010253906  411.0
518.1159057617188  493.0
576.7638549804688  566.0
335.25689697265625  228.0
488.10919189453125  513.0
497.3045654296875  484.0
495.0062561035156  501.0
304.20648193359375  315.0
281.0282287597656  221.0
230.52220153808594  194.0
424.150146484375  384.0
395.00164794921875  331.0
576.8201904296875  560.0
342.4733581542969  390.0
576.8182983398438  603.0
576.8170776367188  556.0
451.2477111816406  545.0
461.5910949707031  547.0
431.7283935546875  255.0
576.4271850585938  512.0
537.0070190429688  482.0
433.20867919921875  419.0
280.98687744140625  253.0
571.6614379882812  563.0
418.22332763671875  363.0
501.92138671875  563.0
518.0855102539062  542.0
508.8470458984375  563.0
545.0103149414062  584.0
512.6846313476562  473.0
519.3744506835938  545.0
477.0351867675781  508.0
510.95001220703125  522.0
478.6920166015625  488.0
321.4501037597656  333.0
410.7585144042969  358.0
576.5283203125  573.0
576.6392822265625  528.0
257.9557189941406  249.0
373.2812805175781  418.0
576.8443603515625  531.0
576.7805786132812  583.0
321.61785888671875  293.0
576.7998046875  533.0
546.7962646484375  523.0
494.0684814453125  527.0
531.4389038085938  478.0
261.30523681640625  311.0
575.740478515625  560.0
266.76519775390625  283.0
MSE : 3663.67231606462
MAPE : 11.929444178927946
R2 Score : 0.7775414359415278
time : 692.7264326699078
