368.5758361816406  409.0
518.1578369140625  550.0
539.5037231445312  528.0
596.39599609375  550.0
409.7213134765625  377.0
369.8811340332031  359.0
404.0737609863281  401.0
504.06219482421875  509.0
227.4773406982422  221.0
425.54644775390625  363.0
507.5102233886719  517.0
380.88427734375  363.0
494.33819580078125  513.0
361.1161804199219  425.0
523.7572021484375  523.0
746.0022583007812  595.0
416.97705078125  410.0
395.1023864746094  420.0
547.1294555664062  478.0
214.9928741455078  219.0
213.70555114746094  366.0
383.88037109375  416.0
319.260009765625  349.0
572.0404052734375  618.0
232.45660400390625  206.0
316.2611389160156  218.0
494.91156005859375  485.0
528.8927612304688  538.0
731.472900390625  763.0
333.64337158203125  330.0
564.8734741210938  618.0
529.7623291015625  520.0
569.9114379882812  566.0
615.0126953125  656.0
458.54150390625  478.0
414.55645751953125  402.0
497.8914489746094  473.0
512.0383911132812  501.0
550.1718139648438  538.0
354.4327697753906  256.0
476.527099609375  482.0
213.1546173095703  215.0
196.0717010498047  152.0
422.2467956542969  401.0
364.2550964355469  403.0
613.5947265625  685.0
304.1299133300781  278.0
529.0811767578125  584.0
482.2118835449219  493.0
577.435791015625  603.0
662.0997924804688  678.0
512.5819091796875  519.0
448.45294189453125  493.0
372.202392578125  368.0
355.1851501464844  345.0
534.0526123046875  493.0
565.009521484375  543.0
524.0464477539062  411.0
669.2134399414062  547.0
237.34478759765625  257.0
577.3178100585938  624.0
431.0077819824219  440.0
433.9071044921875  378.0
561.1455688476562  584.0
541.197021484375  494.0
539.4993286132812  508.0
393.7796630859375  420.0
191.3815155029297  194.0
533.5226440429688  555.0
626.2147216796875  673.0
558.9346313476562  561.0
320.0484619140625  265.0
343.5488586425781  344.0
351.1820068359375  327.0
529.5086059570312  549.0
536.0159912109375  568.0
578.3953857421875  539.0
633.934326171875  615.0
582.0706787109375  557.0
319.415283203125  323.0
304.42181396484375  283.0
354.92938232421875  392.0
267.5296936035156  272.0
560.577392578125  560.0
483.0913391113281  493.0
532.664794921875  531.0
290.1864929199219  311.0
552.3698120117188  559.0
577.4688720703125  623.0
245.8390350341797  223.0
529.247802734375  522.0
488.2679748535156  470.0
505.3786315917969  472.0
650.7596435546875  638.0
216.51068115234375  235.0
606.7530517578125  621.0
MSE : 1782.8820750046168
MAPE : 7.241250097666235
R2 Score : 0.8991606202678302
time : 1347.400370924006
