317.211181640625  265.0
213.64950561523438  216.0
508.7554931640625  491.0
568.0073852539062  533.0
462.48370361328125  358.0
380.2096862792969  396.0
480.97125244140625  486.0
536.150634765625  545.0
514.27099609375  539.0
370.32135009765625  385.0
517.6073608398438  484.0
548.1514282226562  551.0
323.8730773925781  330.0
541.9818725585938  537.0
640.1480712890625  685.0
435.90228271484375  493.0
193.04885864257812  195.0
547.83349609375  549.0
258.52191162109375  266.0
423.6964111328125  430.0
324.3221435546875  378.0
619.95947265625  773.0
383.2028503417969  373.0
411.33978271484375  392.0
320.6594543457031  348.0
561.871826171875  538.0
578.2183837890625  632.0
347.0098571777344  348.0
422.8565673828125  318.0
451.5396728515625  457.0
334.28076171875  328.0
551.4310302734375  563.0
363.4850769042969  333.0
628.2467041015625  673.0
528.6744995117188  360.0
487.9523620605469  475.0
556.5538330078125  563.0
379.5938720703125  359.0
629.1316528320312  578.0
367.68731689453125  256.0
503.58746337890625  512.0
565.0338134765625  562.0
635.31689453125  656.0
381.64483642578125  433.0
520.3152465820312  522.0
649.0888671875  649.0
532.6398315429688  458.0
198.16268920898438  192.0
420.55108642578125  401.0
645.8905029296875  670.0
608.908203125  593.0
345.833984375  343.0
331.15606689453125  313.0
608.5904541015625  580.0
511.3570861816406  503.0
605.9271240234375  616.0
202.1475830078125  243.0
419.75439453125  419.0
507.4184875488281  502.0
571.2320556640625  566.0
622.3413696289062  603.0
495.46649169921875  507.0
421.68292236328125  419.0
457.34100341796875  467.0
533.8403930664062  544.0
506.36517333984375  508.0
541.086181640625  473.0
500.81158447265625  363.0
510.259033203125  505.0
535.87744140625  525.0
577.3497924804688  569.0
629.501220703125  669.0
460.380859375  475.0
541.6209716796875  541.0
485.86724853515625  485.0
628.1888427734375  638.0
515.8366088867188  529.0
597.383056640625  593.0
525.3701782226562  529.0
383.4128723144531  363.0
601.8236083984375  565.0
372.4559631347656  409.0
537.4169311523438  538.0
588.24267578125  619.0
292.5531311035156  283.0
195.31564331054688  197.0
587.3235473632812  630.0
488.9591064453125  503.0
317.01324462890625  377.0
222.79013061523438  213.0
503.9523010253906  523.0
410.7883605957031  393.0
521.4539794921875  599.0
232.05825805664062  207.0
292.1279602050781  358.0
330.9415588378906  316.0
382.7740783691406  393.0
748.2227172851562  763.0
545.751708984375  590.0
331.73004150390625  321.0
MSE : 1760.368321063323
MAPE : 6.309840264830327
R2 Score : 0.8997144578678566
time : 1568.3075033910573
