396.21722412109375  355.0
287.9410400390625  373.0
539.6930541992188  539.0
368.0804443359375  337.0
543.7310180664062  552.0
539.7618408203125  523.0
539.514404296875  493.0
542.9342041015625  470.0
340.8819580078125  243.0
626.6888427734375  618.0
436.02386474609375  360.0
539.2171630859375  503.0
227.99905395507812  229.0
630.0858764648438  543.0
482.09088134765625  411.0
543.8180541992188  566.0
538.7775268554688  538.0
542.1730346679688  386.0
628.1376342773438  546.0
272.55780029296875  323.0
303.1014404296875  378.0
545.0919189453125  519.0
487.9635009765625  311.0
539.4193725585938  533.0
515.1406860351562  403.0
541.1624145507812  557.0
227.8307342529297  206.0
392.5048828125  416.0
215.93687438964844  220.0
507.6627197265625  449.0
542.0863647460938  654.0
263.6306457519531  283.0
382.47509765625  333.0
630.6749877929688  554.0
362.1676025390625  401.0
541.7051391601562  512.0
199.56985473632812  171.0
582.5892333984375  444.0
551.954345703125  561.0
628.3735961914062  623.0
351.116455078125  298.0
541.1398315429688  488.0
353.0567626953125  420.0
405.1952819824219  358.0
227.51808166503906  194.0
423.46417236328125  459.0
555.52734375  569.0
539.722412109375  475.0
221.49505615234375  265.0
238.2457733154297  192.0
551.1170043945312  566.0
209.40663146972656  196.0
239.7443084716797  199.0
543.58544921875  563.0
547.1384887695312  563.0
544.9805297851562  541.0
516.8350219726562  505.0
357.83349609375  374.0
307.000244140625  467.0
202.00169372558594  272.0
199.01536560058594  223.0
323.00616455078125  600.0
538.3032836914062  484.0
314.00732421875  415.0
280.66009521484375  281.0
539.0537719726562  501.0
541.45361328125  490.0
552.786865234375  539.0
539.2315673828125  508.0
581.8248901367188  573.0
518.6558837890625  492.0
226.9584503173828  316.0
552.2948608398438  520.0
543.0227661132812  508.0
216.74867248535156  199.0
332.4974060058594  424.0
363.80792236328125  378.0
497.18658447265625  444.0
541.7166137695312  411.0
565.8616333007812  545.0
383.12017822265625  503.0
457.8677978515625  673.0
366.4054260253906  363.0
360.09906005859375  395.0
238.1119842529297  253.0
334.6737365722656  272.0
278.90087890625  433.0
276.2587585449219  284.0
436.0400390625  593.0
235.2377471923828  393.0
629.9402465820312  603.0
265.509521484375  418.0
544.046142578125  604.0
615.8640747070312  592.0
539.7872924804688  565.0
MSE : 5692.9800348444105
MAPE : 13.336329127770457
R2 Score : 0.6497158866683805
time : 735.0508015179075
