515.58740234375  526.0
509.30670166015625  488.0
581.3614501953125  623.0
581.0064697265625  580.0
350.07830810546875  152.0
357.5649719238281  256.0
332.3138427734375  324.0
295.830322265625  253.0
501.9576416015625  501.0
452.11376953125  419.0
334.03045654296875  373.0
372.7330017089844  355.0
608.3477172851562  550.0
411.3266296386719  384.0
520.333740234375  497.0
208.82278442382812  197.0
507.19659423828125  534.0
354.6221618652344  194.0
341.0097961425781  206.0
533.42822265625  513.0
621.1126708984375  444.0
253.653564453125  392.0
357.8912048339844  219.0
436.49664306640625  363.0
514.2610473632812  482.0
349.8080749511719  251.0
644.6437377929688  685.0
369.82012939453125  384.0
202.17153930664062  194.0
540.6064453125  545.0
616.220947265625  603.0
652.0916748046875  626.0
333.64300537109375  199.0
335.42901611328125  365.0
411.0352478027344  419.0
405.7997741699219  373.0
379.4879455566406  218.0
749.2962646484375  633.0
327.909423828125  243.0
386.80242919921875  418.0
743.7813720703125  632.0
561.4239501953125  539.0
359.94842529296875  330.0
329.0024108886719  306.0
477.449951171875  488.0
647.044921875  618.0
421.34710693359375  378.0
334.6983947753906  255.0
303.3837585449219  197.0
381.38165283203125  362.0
414.5111083984375  473.0
466.5777893066406  411.0
369.711181640625  394.0
505.6411437988281  538.0
543.9850463867188  520.0
494.6983947753906  547.0
421.5090026855469  325.0
578.7723388671875  530.0
488.4405517578125  481.0
366.2049255371094  314.0
373.7674865722656  422.0
384.032958984375  409.0
672.5703735351562  763.0
516.396484375  517.0
552.302490234375  603.0
544.5023193359375  562.0
425.89892578125  420.0
547.5938720703125  573.0
560.3842163085938  581.0
313.351318359375  199.0
458.0256652832031  440.0
505.3428649902344  478.0
491.9293212890625  541.0
470.6055603027344  600.0
313.285400390625  378.0
400.7547607421875  406.0
238.38172912597656  203.0
383.3178405761719  413.0
365.2783508300781  313.0
516.5189819335938  532.0
604.7223510742188  494.0
546.7476806640625  537.0
286.2770690917969  270.0
241.14447021484375  204.0
614.2682495117188  519.0
275.4563293457031  265.0
578.832275390625  562.0
522.7354736328125  658.0
568.9931640625  603.0
323.89312744140625  316.0
360.8001403808594  195.0
540.0599365234375  559.0
502.1787414550781  500.0
407.02764892578125  363.0
410.56048583984375  187.0
272.6392517089844  205.0
621.3075561523438  567.0
323.4017333984375  286.0
MSE : 5245.162719329356
MAPE : 17.402622610649495
R2 Score : 0.7478470030324951
time : 747.9516087690135
