338.263916015625  319.0
757.9923706054688  763.0
537.0765991210938  503.0
317.5220031738281  370.0
419.442626953125  387.0
493.9039611816406  520.0
248.68309020996094  257.0
527.3173217773438  491.0
642.487060546875  533.0
436.6004333496094  444.0
578.6315307617188  549.0
653.55322265625  654.0
377.88323974609375  410.0
477.8453674316406  457.0
356.6887512207031  345.0
526.5809326171875  535.0
629.2764282226562  566.0
386.5058898925781  420.0
212.01556396484375  195.0
480.115234375  482.0
459.1246337890625  419.0
555.1854248046875  545.0
484.9328308105469  486.0
717.9354248046875  658.0
496.1590881347656  520.0
611.3902587890625  546.0
505.9188232421875  467.0
221.01736450195312  235.0
398.3964538574219  395.0
588.6878051757812  562.0
457.75677490234375  459.0
501.48187255859375  519.0
404.7256774902344  388.0
548.6585083007812  520.0
508.73583984375  497.0
184.15283203125  152.0
414.3052978515625  378.0
534.3295288085938  525.0
290.445068359375  301.0
583.882568359375  607.0
344.0318298339844  328.0
219.69268798828125  272.0
385.65142822265625  373.0
508.2818298339844  518.0
584.0829467773438  458.0
361.87969970703125  315.0
609.40966796875  685.0
566.4760131835938  557.0
415.480712890625  520.0
525.6541748046875  562.0
331.0857238769531  432.0
212.94854736328125  206.0
256.3440246582031  272.0
588.469482421875  584.0
345.5853576660156  403.0
540.5169067382812  555.0
324.2648620605469  324.0
286.97845458984375  418.0
352.7532653808594  320.0
204.66653442382812  203.0
440.654052734375  363.0
553.0728759765625  580.0
655.538330078125  638.0
537.2695922851562  536.0
336.70782470703125  335.0
289.0395202636719  358.0
417.3961486816406  415.0
357.46240234375  330.0
527.5980224609375  569.0
499.9252014160156  507.0
556.761962890625  529.0
280.59027099609375  323.0
508.833251953125  485.0
529.2676391601562  549.0
522.3521728515625  527.0
522.1480712890625  523.0
401.6629333496094  374.0
491.6808776855469  470.0
223.25828552246094  273.0
609.2925415039062  618.0
458.7375183105469  393.0
532.3516235351562  565.0
602.7811889648438  623.0
613.5300903320312  604.0
389.9790344238281  368.0
315.23638916015625  308.0
573.7955932617188  589.0
220.68267822265625  221.0
571.8319091796875  564.0
562.8405151367188  673.0
243.570068359375  221.0
523.35888671875  604.0
571.8216552734375  577.0
510.65765380859375  563.0
229.67544555664062  218.0
374.76641845703125  306.0
353.9006652832031  330.0
474.8755187988281  478.0
220.6626434326172  219.0
242.466796875  253.0
MSE : 1721.7007208591676
MAPE : 6.98062673375935
R2 Score : 0.9016452766402575
time : 2559.2808318119787
