539.7313842773438  526.0
517.8452758789062  488.0
593.8173217773438  623.0
574.4408569335938  580.0
190.78785705566406  152.0
374.8816223144531  256.0
340.2164001464844  324.0
309.8490905761719  253.0
522.2282104492188  501.0
535.3810424804688  419.0
364.3495178222656  373.0
369.7453308105469  355.0
589.4058227539062  550.0
378.3194580078125  384.0
537.9052734375  497.0
216.8599090576172  197.0
555.563720703125  534.0
217.8959503173828  194.0
220.20901489257812  206.0
575.7880249023438  513.0
525.3726196289062  444.0
367.6128845214844  392.0
253.83192443847656  219.0
435.6628723144531  363.0
523.09716796875  482.0
279.8773498535156  251.0
595.4937744140625  685.0
377.9673156738281  384.0
221.7354278564453  194.0
454.2672119140625  545.0
622.01220703125  603.0
664.6835327148438  626.0
186.61505126953125  199.0
350.9741516113281  365.0
425.4535217285156  419.0
380.8976745605469  373.0
292.34454345703125  218.0
441.3829650878906  633.0
227.84068298339844  243.0
390.7058410644531  418.0
652.4583129882812  632.0
578.9465942382812  539.0
329.7892150878906  330.0
375.2308654785156  306.0
494.9731140136719  488.0
574.3880615234375  618.0
354.0095520019531  378.0
417.0876159667969  255.0
229.43801879882812  197.0
362.3807373046875  362.0
432.5215759277344  473.0
427.7365417480469  411.0
380.78271484375  394.0
532.7108764648438  538.0
459.6955261230469  520.0
586.5435791015625  547.0
338.7329406738281  325.0
648.4827270507812  530.0
503.0614318847656  481.0
338.5141906738281  314.0
396.2858581542969  422.0
371.2362060546875  409.0
481.2331237792969  763.0
578.7442626953125  517.0
564.5667114257812  603.0
568.653564453125  562.0
251.8054656982422  420.0
567.8805541992188  573.0
458.0385437011719  581.0
315.4018249511719  199.0
516.1105346679688  440.0
514.8712768554688  478.0
561.6355590820312  541.0
566.122314453125  600.0
351.541748046875  378.0
397.4631652832031  406.0
248.7146759033203  203.0
374.2848205566406  413.0
320.6936950683594  313.0
532.3873901367188  532.0
566.6268310546875  494.0
572.03955078125  537.0
256.9710998535156  270.0
211.89772033691406  204.0
613.7565307617188  519.0
327.4364318847656  265.0
580.6881103515625  562.0
600.6353149414062  658.0
543.6333618164062  603.0
293.823486328125  316.0
270.1626892089844  195.0
574.28369140625  559.0
508.0657043457031  500.0
384.6942138671875  363.0
328.04595947265625  187.0
225.17269897460938  205.0
588.42626953125  567.0
263.4790954589844  286.0
MSE : 4022.6520271471213
MAPE : 11.845696703061513
R2 Score : 0.8066172931747966
time : 1017.0391071110207
