519.124267578125  526.0
518.9185791015625  488.0
615.2559204101562  623.0
558.9354248046875  580.0
173.29653930664062  152.0
376.1773986816406  256.0
289.09930419921875  324.0
279.8670959472656  253.0
483.0051574707031  501.0
404.6960754394531  419.0
416.49798583984375  373.0
301.90179443359375  355.0
638.0862426757812  550.0
373.49725341796875  384.0
517.126708984375  497.0
201.0825653076172  197.0
533.4890747070312  534.0
198.22621154785156  194.0
208.67259216308594  206.0
562.08935546875  513.0
421.073974609375  444.0
416.8998107910156  392.0
218.18106079101562  219.0
409.2279968261719  363.0
478.9261474609375  482.0
273.1155700683594  251.0
664.83447265625  685.0
379.90576171875  416.0
204.88720703125  194.0
547.8773193359375  538.0
575.56201171875  603.0
600.2771606445312  626.0
139.39117431640625  199.0
331.0406188964844  365.0
439.1063232421875  419.0
372.09033203125  373.0
205.941650390625  218.0
537.487548828125  633.0
265.9364318847656  243.0
386.6604309082031  418.0
664.8722534179688  632.0
587.0267333984375  539.0
313.1668395996094  330.0
336.2626953125  306.0
503.13604736328125  488.0
556.6246948242188  618.0
426.9305419921875  378.0
273.1905822753906  255.0
188.10098266601562  197.0
359.25634765625  362.0
443.64068603515625  473.0
361.01312255859375  384.0
423.6663818359375  411.0
382.6022644042969  394.0
470.5748596191406  538.0
514.8236083984375  520.0
606.5206298828125  547.0
273.5243225097656  325.0
568.7037963867188  530.0
505.64697265625  481.0
290.71685791015625  314.0
407.1004943847656  422.0
388.0528869628906  409.0
643.8527221679688  763.0
531.2025756835938  517.0
558.1748046875  603.0
566.5496826171875  562.0
412.6207580566406  420.0
564.99267578125  573.0
551.3969116210938  581.0
338.7553405761719  199.0
420.9599914550781  440.0
502.94818115234375  478.0
585.1537475585938  541.0
550.5911865234375  600.0
306.89959716796875  378.0
393.2843933105469  406.0
209.82296752929688  203.0
355.0502014160156  413.0
342.1001281738281  313.0
544.62060546875  545.0
532.2819213867188  532.0
587.6358032226562  494.0
531.0966186523438  537.0
286.4555969238281  270.0
205.08370971679688  204.0
560.0489501953125  519.0
359.968505859375  265.0
533.2861328125  562.0
552.64990234375  658.0
562.81982421875  603.0
306.6035461425781  316.0
213.1269073486328  195.0
552.1840209960938  559.0
497.1573181152344  500.0
418.9870300292969  363.0
379.7609558105469  187.0
242.99349975585938  205.0
554.8115234375  567.0
235.0172119140625  286.0
MSE : 2145.363405405907
MAPE : 9.136197191740164
R2 Score : 0.8954566191363872
time : 4201.157722445991
