543.7510986328125  539.0
668.9815673828125  668.0
377.577392578125  415.0
334.96661376953125  330.0
269.20135498046875  259.0
417.5875244140625  411.0
343.4122314453125  324.0
405.2987060546875  493.0
170.3975830078125  152.0
582.817626953125  551.0
484.600341796875  493.0
386.830078125  403.0
494.83062744140625  505.0
215.71435546875  216.0
486.20062255859375  503.0
482.23504638671875  494.0
556.9970703125  539.0
395.4942932128906  410.0
238.12109375  195.0
418.3543701171875  432.0
357.02825927734375  360.0
221.2773895263672  221.0
554.511962890625  560.0
608.8858032226562  578.0
329.51788330078125  321.0
335.15582275390625  387.0
264.00347900390625  251.0
383.52728271484375  374.0
357.16424560546875  392.0
617.27880859375  623.0
362.1951904296875  384.0
360.19635009765625  377.0
497.9245300292969  517.0
231.96429443359375  240.0
499.78436279296875  531.0
341.61090087890625  378.0
511.314697265625  532.0
245.66854858398438  253.0
257.4398193359375  249.0
633.229736328125  543.0
296.09552001953125  270.0
441.6274719238281  440.0
221.64279174804688  219.0
369.77410888671875  416.0
320.9622802734375  363.0
610.282470703125  685.0
404.2557373046875  406.0
239.60198974609375  330.0
192.5092315673828  390.0
381.5386047363281  378.0
205.39739990234375  204.0
362.515380859375  366.0
521.8723754882812  520.0
481.517578125  363.0
485.6852111816406  484.0
511.6241455078125  537.0
565.6305541992188  545.0
489.81951904296875  583.0
332.26531982421875  199.0
403.95703125  348.0
433.96142578125  423.0
308.56591796875  380.0
515.8949584960938  599.0
243.7645721435547  218.0
325.837158203125  293.0
500.8604431152344  528.0
336.3760070800781  335.0
590.6669921875  656.0
465.4497375488281  459.0
573.4892578125  545.0
415.98370361328125  314.0
469.329345703125  507.0
432.5322265625  419.0
389.449951171875  386.0
391.54364013671875  273.0
612.5159912109375  547.0
501.7347412109375  482.0
466.33123779296875  501.0
443.7547912597656  419.0
394.70977783203125  433.0
579.7928466796875  533.0
604.399658203125  678.0
571.4373779296875  562.0
489.34832763671875  549.0
659.58837890625  673.0
504.84991455078125  522.0
668.66259765625  550.0
260.982666015625  257.0
338.7711486816406  343.0
503.86669921875  497.0
610.1571044921875  589.0
437.3023681640625  505.0
236.9990234375  225.0
382.9841003417969  473.0
220.7641143798828  213.0
378.73748779296875  395.0
387.9413757324219  344.0
263.165771484375  268.0
587.9481811523438  669.0
489.9998779296875  518.0
MSE : 2365.282186515918
MAPE : 8.216368496905005
R2 Score : 0.8607975109423545
time : 4339.417777522933
