335.5804138183594  355.0
326.3608093261719  373.0
518.2305908203125  539.0
422.2200012207031  337.0
569.8975219726562  584.0
491.0691223144531  523.0
436.53955078125  493.0
472.9372253417969  470.0
307.0835266113281  243.0
555.1331787109375  618.0
368.3345642089844  360.0
493.0639953613281  528.0
239.4436492919922  229.0
637.17333984375  543.0
444.843994140625  411.0
558.1522827148438  566.0
516.5735473632812  538.0
428.4100646972656  386.0
561.2550048828125  546.0
307.3213195800781  323.0
320.17315673828125  378.0
504.8624572753906  519.0
338.55206298828125  311.0
530.578125  533.0
413.5704650878906  403.0
547.2763061523438  557.0
196.00689697265625  206.0
376.6500549316406  416.0
222.76309204101562  220.0
462.3735656738281  449.0
646.1317138671875  654.0
276.52972412109375  283.0
325.2128601074219  333.0
554.25927734375  554.0
409.2691955566406  406.0
565.4447631835938  563.0
210.02471923828125  171.0
495.8201599121094  444.0
535.062744140625  561.0
668.2459106445312  623.0
265.23779296875  298.0
529.64111328125  503.0
500.1288757324219  488.0
356.0361022949219  420.0
316.7141418457031  318.0
211.63986206054688  194.0
411.6191711425781  459.0
614.459228515625  569.0
486.6160888671875  475.0
315.1095275878906  265.0
202.60107421875  192.0
562.6763916015625  566.0
196.97213745117188  196.0
329.57684326171875  199.0
551.051513671875  563.0
558.9462890625  563.0
543.6834716796875  541.0
467.86175537109375  505.0
395.16522216796875  401.0
361.6256408691406  374.0
382.7999572753906  467.0
227.41650390625  272.0
227.96157836914062  223.0
544.9976196289062  600.0
552.6849365234375  484.0
375.9960021972656  415.0
256.0001525878906  281.0
501.3598937988281  501.0
492.416015625  490.0
617.3655395507812  539.0
491.3043212890625  508.0
549.0401000976562  573.0
527.4598999023438  492.0
319.4344482421875  316.0
319.5224304199219  358.0
573.0244140625  552.0
557.3208618164062  520.0
525.4351196289062  508.0
219.77993774414062  199.0
358.3625793457031  424.0
338.9822998046875  378.0
565.472412109375  512.0
461.5356140136719  444.0
411.1620178222656  411.0
544.035400390625  545.0
441.4160461425781  503.0
649.374267578125  673.0
426.4538269042969  363.0
382.2583312988281  395.0
272.0037536621094  253.0
303.5947265625  272.0
417.7130126953125  433.0
302.8168029785156  284.0
633.52880859375  593.0
409.4461364746094  393.0
538.5853271484375  603.0
394.2688293457031  418.0
583.0863647460938  604.0
558.2418823242188  592.0
533.8681030273438  565.0
MSE : 1425.5754194353638
MAPE : 7.349027848136842
R2 Score : 0.9112254325141261
time : 3356.0559866579715
