330.4967346191406  265.0
226.80125427246094  216.0
509.686767578125  491.0
569.3483276367188  533.0
387.6771545410156  358.0
390.3758239746094  396.0
471.5439758300781  486.0
534.9589233398438  545.0
516.908203125  539.0
395.520751953125  385.0
496.6307373046875  484.0
557.6531372070312  551.0
316.0971374511719  330.0
537.3184814453125  537.0
655.0101928710938  685.0
483.3241271972656  493.0
220.36875915527344  195.0
558.0066528320312  549.0
251.37106323242188  266.0
444.2364196777344  430.0
284.8843688964844  378.0
610.524658203125  773.0
361.3041076660156  373.0
417.8791809082031  392.0
297.0205383300781  348.0
544.5799560546875  538.0
468.7962341308594  632.0
339.0077819824219  348.0
384.5368347167969  318.0
504.3739013671875  457.0
375.5643005371094  328.0
546.121826171875  563.0
365.9285583496094  333.0
648.0136108398438  673.0
402.1159973144531  360.0
462.99609375  475.0
556.83154296875  563.0
380.9737243652344  359.0
616.2841186523438  578.0
346.32293701171875  256.0
477.9453125  512.0
573.4676513671875  562.0
594.4100952148438  656.0
356.6966247558594  433.0
521.691162109375  522.0
611.7976684570312  649.0
528.1980590820312  458.0
205.8205108642578  192.0
453.7314758300781  401.0
659.3956909179688  670.0
628.8131713867188  593.0
336.4366149902344  343.0
346.6736145019531  313.0
580.442626953125  580.0
518.8549194335938  503.0
602.6620483398438  616.0
223.90794372558594  243.0
426.2770690917969  419.0
489.339111328125  502.0
565.9917602539062  566.0
591.5691528320312  603.0
480.77032470703125  507.0
422.8742370605469  419.0
369.9363708496094  467.0
541.4962768554688  544.0
515.93359375  508.0
464.0712585449219  473.0
410.7731628417969  363.0
493.3679504394531  505.0
548.3327026367188  525.0
580.2070922851562  569.0
619.8137817382812  669.0
405.52001953125  475.0
551.6138305664062  541.0
498.1606140136719  485.0
657.1340942382812  638.0
508.3876037597656  529.0
596.9607543945312  593.0
527.042724609375  529.0
398.822265625  363.0
579.3139038085938  565.0
370.94873046875  409.0
533.8861694335938  538.0
606.7199096679688  619.0
261.4963073730469  283.0
166.6417694091797  197.0
578.90966796875  630.0
465.6674499511719  503.0
342.1675109863281  377.0
239.02870178222656  213.0
510.8021545410156  523.0
419.2135925292969  393.0
519.4119262695312  599.0
246.2509765625  207.0
251.4363250732422  358.0
326.3851013183594  316.0
331.683837890625  393.0
677.0671997070312  763.0
604.8403930664062  590.0
338.3681335449219  321.0
MSE : 1864.8029434597283
MAPE : 7.226751942748773
R2 Score : 0.8937649741154662
time : 1162.4304766908754
