587.931396484375  533.0
551.156494140625  577.0
144.2592315673828  221.0
207.1229705810547  206.0
323.1626892089844  319.0
27.348827362060547  207.0
371.8158874511719  293.0
430.7310791015625  379.0
547.564697265625  503.0
614.307373046875  638.0
502.0758056640625  492.0
289.8439636230469  272.0
359.90887451171875  398.0
326.9336853027344  347.0
549.2445678710938  535.0
98.94933319091797  194.0
210.11178588867188  255.0
421.1987609863281  409.0
344.2847900390625  229.0
301.5775146484375  196.0
527.1573486328125  545.0
538.8428344726562  478.0
519.9781494140625  529.0
221.60581970214844  171.0
376.4830627441406  373.0
503.8056640625  523.0
549.400634765625  563.0
522.5712280273438  473.0
391.0300598144531  208.0
336.7409973144531  378.0
559.320556640625  569.0
499.7383117675781  520.0
385.4981384277344  387.0
255.33998107910156  365.0
297.53546142578125  304.0
324.0057373046875  239.0
519.4733276367188  633.0
466.3196716308594  523.0
437.37371826171875  396.0
625.1572265625  670.0
250.01559448242188  358.0
466.1721496582031  500.0
315.3503723144531  281.0
558.5565795898438  566.0
330.78411865234375  373.0
501.4624938964844  507.0
391.4624328613281  366.0
566.73974609375  621.0
508.1301574707031  538.0
341.7588195800781  278.0
381.7426452636719  363.0
536.9588012695312  458.0
544.1759643554688  512.0
482.8100891113281  475.0
212.3278045654297  203.0
454.2562561035156  423.0
490.0960388183594  411.0
332.2607116699219  209.0
614.8689575195312  584.0
571.032958984375  493.0
384.2131042480469  377.0
390.5696716308594  360.0
555.1073608398438  552.0
565.2342529296875  590.0
436.3497009277344  502.0
568.3475341796875  549.0
215.15525817871094  283.0
417.6020812988281  268.0
314.2475891113281  363.0
511.15814208984375  508.0
413.6981506347656  590.0
349.7142028808594  319.0
334.2714538574219  482.0
610.1732788085938  584.0
566.0447998046875  566.0
540.7747192382812  541.0
481.1314697265625  513.0
404.63409423828125  433.0
534.1267700195312  539.0
530.228759765625  449.0
548.9122924804688  587.0
194.1668243408203  228.0
216.24417114257812  376.0
235.36488342285156  194.0
600.740234375  568.0
325.0141906738281  410.0
440.3232116699219  419.0
517.215576171875  474.0
584.5577392578125  569.0
455.9368591308594  547.0
399.27947998046875  373.0
394.4059753417969  494.0
540.0489501953125  481.0
193.11065673828125  293.0
554.7466430664062  520.0
536.3634643554688  512.0
389.8949279785156  330.0
249.33128356933594  188.0
371.15032958984375  413.0
MSE : 4244.06484571324
MAPE : 14.615611206910335
R2 Score : 0.7473033907205806
time : 631.2831833830569
