512.7454223632812  593.0
585.4894409179688  542.0
320.53985595703125  314.0
265.8097839355469  319.0
656.2418823242188  763.0
201.40560913085938  152.0
596.125  557.0
390.326171875  279.0
566.2810668945312  582.0
527.7716064453125  495.0
532.195556640625  512.0
556.099609375  508.0
467.0508117675781  533.0
637.4737548828125  615.0
420.29144287109375  494.0
542.8646850585938  529.0
319.79931640625  363.0
433.4638366699219  520.0
221.62664794921875  218.0
557.0824584960938  607.0
349.0191345214844  329.0
217.997802734375  190.0
306.28607177734375  430.0
238.34417724609375  348.0
264.5556335449219  223.0
352.7991943359375  433.0
575.695068359375  521.0
652.05517578125  569.0
612.15283203125  578.0
512.2471313476562  773.0
187.01516723632812  293.0
615.0046997070312  525.0
460.54937744140625  255.0
316.9506530761719  270.0
578.3615112304688  581.0
414.36077880859375  457.0
565.8467407226562  523.0
274.56829833984375  240.0
520.1766967773438  494.0
571.1908569335938  530.0
592.3528442382812  603.0
220.79803466796875  211.0
395.6885681152344  384.0
588.1749267578125  569.0
499.4276428222656  519.0
464.281005859375  512.0
524.5457153320312  584.0
438.1766357421875  407.0
581.5957641601562  529.0
337.98577880859375  415.0
550.9708862304688  563.0
548.4893188476562  530.0
218.0109100341797  208.0
323.9355773925781  301.0
341.7138671875  368.0
588.2023315429688  589.0
531.6810913085938  513.0
419.40899658203125  396.0
583.8558959960938  497.0
644.9971923828125  618.0
513.9614868164062  557.0
316.91900634765625  239.0
567.68505859375  508.0
219.46229553222656  207.0
575.1332397460938  573.0
534.6182250976562  484.0
381.6169128417969  393.0
229.32691955566406  219.0
531.93701171875  518.0
409.8143310546875  600.0
365.8309326171875  475.0
337.4438171386719  377.0
558.3650512695312  551.0
533.8248901367188  478.0
585.6556396484375  616.0
499.3377685546875  493.0
549.6432495117188  484.0
612.4268188476562  537.0
368.77020263671875  386.0
533.122314453125  483.0
615.4681396484375  517.0
212.01060485839844  203.0
593.54541015625  547.0
325.78997802734375  330.0
606.0059204101562  562.0
331.03009033203125  387.0
494.72088623046875  562.0
377.55035400390625  278.0
231.8839569091797  207.0
248.93350219726562  235.0
516.1746215820312  478.0
434.6048889160156  538.0
410.4952392578125  418.0
316.9676513671875  310.0
411.05572509765625  403.0
220.14227294921875  213.0
560.7533569335938  550.0
364.2366943359375  413.0
579.5355224609375  551.0
533.4237060546875  559.0
MSE : 4094.9020427271003
MAPE : 11.247078738040047
R2 Score : 0.7802103584399599
time : 950.6330632099416
