443.2488708496094  411.0
450.9562683105469  419.0
468.3860778808594  500.0
509.9249572753906  529.0
226.2285614013672  204.0
473.4999084472656  493.0
602.4168090820312  552.0
501.3951721191406  501.0
314.3684997558594  393.0
307.4884948730469  359.0
518.4346923828125  535.0
562.2426147460938  656.0
296.1592102050781  330.0
466.8129577636719  467.0
490.9884338378906  522.0
511.3404235839844  563.0
531.378662109375  525.0
428.5854797363281  411.0
383.1680603027344  387.0
504.0041198730469  500.0
240.1833038330078  229.0
446.8205261230469  384.0
553.9551391601562  494.0
573.5977172851562  626.0
477.5573425292969  773.0
303.694091796875  415.0
273.1453552246094  348.0
399.6430969238281  406.0
300.0074157714844  321.0
349.14056396484375  380.0
310.7882385253906  333.0
333.1257019042969  360.0
542.8060302734375  562.0
294.7947692871094  379.0
276.6621398925781  378.0
344.9114685058594  360.0
405.19921875  403.0
234.3117218017578  335.0
264.1702575683594  308.0
577.18603515625  478.0
466.2127990722656  521.0
347.3241271972656  410.0
310.1108093261719  324.0
372.5614929199219  329.0
528.44091796875  562.0
566.14990234375  520.0
213.9794464111328  324.0
317.872802734375  298.0
244.5533905029297  239.0
572.6652221679688  618.0
621.34375  638.0
592.5281372070312  538.0
265.8858337402344  251.0
477.8341369628906  523.0
568.2596435546875  520.0
208.85072326660156  228.0
537.077880859375  557.0
572.3109130859375  649.0
424.6201477050781  392.0
392.0321350097656  360.0
524.5126953125  520.0
470.6349182128906  475.0
575.634765625  546.0
397.9758605957031  411.0
538.6389770507812  539.0
501.3949890136719  518.0
564.537841796875  401.0
362.6976013183594  416.0
572.7335815429688  580.0
541.6812744140625  580.0
446.97674560546875  315.0
278.4631042480469  348.0
317.4258728027344  355.0
543.0985717773438  673.0
590.1478271484375  606.0
183.47581481933594  217.0
520.3226928710938  565.0
492.97491455078125  565.0
523.0613403320312  561.0
510.4714050292969  554.0
518.5614624023438  520.0
563.8909301757812  542.0
362.66961669921875  402.0
521.0166015625  482.0
607.5180053710938  563.0
222.58843994140625  228.0
180.6744384765625  313.0
247.17413330078125  207.0
306.6346435546875  265.0
435.0042724609375  422.0
527.6929321289062  545.0
408.5128479003906  344.0
571.46728515625  579.0
335.0621032714844  319.0
579.7431640625  551.0
478.0874328613281  568.0
528.7040405273438  536.0
MSE : 3677.9843377965603
MAPE : 10.151477477484667
R2 Score : 0.7519393521139586
time : 1606.0517896839883
