382.7658386230469  298.0
355.7560729980469  284.0
424.658203125  459.0
358.36846923828125  324.0
536.33154296875  459.0
522.992919921875  501.0
513.1077270507812  541.0
566.43896484375  626.0
489.5576171875  538.0
529.5388793945312  549.0
383.5858154296875  378.0
413.9742431640625  390.0
504.1432189941406  505.0
258.8641662597656  323.0
587.675048828125  545.0
258.8621826171875  251.0
303.3615417480469  365.0
586.6243896484375  606.0
416.50640869140625  493.0
587.1016845703125  658.0
577.7003173828125  560.0
258.8677978515625  203.0
258.8639831542969  265.0
583.2324829101562  534.0
258.865234375  199.0
449.08795166015625  273.0
381.3420715332031  353.0
258.8632507324219  207.0
522.954345703125  537.0
493.2192077636719  478.0
359.7148132324219  363.0
532.3051147460938  765.0
367.42584228515625  295.0
414.7789306640625  325.0
560.689453125  556.0
537.680419921875  560.0
258.8341979980469  319.0
322.47723388671875  293.0
538.36279296875  561.0
327.83905029296875  373.0
581.2537841796875  593.0
258.8290100097656  304.0
570.3648681640625  604.0
542.7484130859375  538.0
258.8677062988281  269.0
258.865966796875  410.0
417.3074951171875  430.0
432.40771484375  392.0
258.8620910644531  253.0
522.19677734375  569.0
378.8065185546875  318.0
357.0933532714844  278.0
383.3443298339844  413.0
420.4566650390625  373.0
258.8726806640625  225.0
556.6084594726562  565.0
382.8093566894531  475.0
529.3512573242188  484.0
516.4820556640625  566.0
562.22265625  546.0
520.3477783203125  653.0
327.2972106933594  415.0
501.6929016113281  482.0
381.8135986328125  363.0
258.8721923828125  192.0
382.9454345703125  389.0
317.6683654785156  301.0
356.6811828613281  353.0
539.5299072265625  773.0
258.8673400878906  378.0
258.8731384277344  203.0
544.582275390625  589.0
379.70355224609375  300.0
577.2869873046875  493.0
556.5618896484375  508.0
543.4928588867188  515.0
537.5271606445312  584.0
586.1746826171875  574.0
258.8708190917969  228.0
566.4893798828125  527.0
583.9152221679688  670.0
550.082763671875  488.0
527.0877685546875  669.0
554.7275390625  550.0
303.8375549316406  229.0
590.2750244140625  599.0
258.8657531738281  130.0
382.58575439453125  394.0
584.1951904296875  547.0
559.8373413085938  563.0
576.4967041015625  542.0
381.827392578125  420.0
589.9110107421875  539.0
528.8499755859375  533.0
381.49078369140625  314.0
567.6185302734375  577.0
383.0400085449219  385.0
332.7049865722656  187.0
559.0599975585938  470.0
529.6143798828125  494.0
MSE : 4488.066718909778
MAPE : 13.514400491816039
R2 Score : 0.7747464795558905
time : 2227.372703660003
