613.8182983398438  616.0
485.87493896484375  484.0
589.03515625  632.0
589.9686889648438  765.0
618.3583374023438  678.0
412.203125  363.0
538.360595703125  528.0
571.7117309570312  649.0
271.8572692871094  251.0
560.4452514648438  564.0
574.0426025390625  546.0
601.2200927734375  650.0
318.1296691894531  330.0
605.1322631835938  593.0
328.70123291015625  360.0
175.07183837890625  130.0
354.15179443359375  333.0
216.39041137695312  195.0
418.9149475097656  378.0
557.4231567382812  557.0
198.59190368652344  190.0
260.10028076171875  373.0
351.90716552734375  425.0
530.7807006835938  508.0
587.3609619140625  616.0
262.46044921875  272.0
455.9225769042969  474.0
374.77117919921875  416.0
488.68194580078125  488.0
355.01409912109375  390.0
242.28146362304688  251.0
321.6593933105469  345.0
485.30108642578125  470.0
377.68804931640625  366.0
382.6468505859375  407.0
318.85107421875  379.0
372.9595947265625  389.0
397.6299743652344  368.0
506.076904296875  545.0
439.4713134765625  419.0
199.53269958496094  273.0
333.27587890625  279.0
561.4282836914062  580.0
597.9881591796875  546.0
467.18463134765625  493.0
508.6734313964844  490.0
332.1661376953125  403.0
528.8038940429688  561.0
324.9999084472656  321.0
344.2963562011719  373.0
459.0633850097656  411.0
473.69171142578125  493.0
605.4288330078125  566.0
216.7018280029297  228.0
521.3981323242188  513.0
483.14306640625  484.0
479.635498046875  501.0
313.59149169921875  315.0
220.82232666015625  221.0
195.61415100097656  194.0
371.6514892578125  384.0
286.3939208984375  331.0
567.2861328125  560.0
200.27828979492188  390.0
609.4672241210938  603.0
569.3435668945312  556.0
590.1172485351562  545.0
655.5736694335938  547.0
273.1952819824219  255.0
465.7408447265625  512.0
450.2727355957031  482.0
425.17852783203125  419.0
268.7060546875  253.0
563.9838256835938  563.0
324.3388671875  363.0
497.9646911621094  563.0
537.1897583007812  542.0
541.841064453125  563.0
574.1426391601562  584.0
501.20477294921875  473.0
554.088134765625  545.0
528.4085083007812  508.0
546.2267456054688  522.0
474.9851379394531  488.0
311.3363037109375  333.0
381.1946716308594  358.0
585.3260498046875  573.0
551.9580688476562  528.0
284.6837463378906  249.0
307.8121337890625  418.0
541.8338012695312  531.0
618.3782348632812  583.0
251.79798889160156  293.0
530.8380737304688  533.0
528.1174926757812  523.0
499.9418640136719  527.0
463.9869384765625  478.0
272.6343994140625  311.0
565.8297119140625  560.0
281.4266357421875  283.0
MSE : 1943.7650768209924
MAPE : 7.332837127859384
R2 Score : 0.8819743823811514
time : 3025.5511383020785
