272.8525085449219  355.0
325.4539794921875  373.0
547.4500122070312  539.0
413.85357666015625  337.0
552.2762451171875  584.0
526.4813232421875  523.0
390.94622802734375  493.0
633.7830200195312  470.0
325.39605712890625  243.0
647.84716796875  618.0
284.9254150390625  360.0
532.8094482421875  528.0
237.75173950195312  229.0
677.4744873046875  543.0
449.6392517089844  411.0
613.3187255859375  566.0
516.3583984375  538.0
380.44964599609375  386.0
548.8126831054688  546.0
273.7835693359375  323.0
353.44549560546875  378.0
529.4622802734375  519.0
392.46502685546875  311.0
510.79644775390625  533.0
417.23101806640625  403.0
615.2630615234375  557.0
197.50225830078125  206.0
370.8421630859375  416.0
211.9517822265625  220.0
394.4794616699219  449.0
511.82659912109375  654.0
247.10525512695312  283.0
243.735595703125  333.0
538.3638916015625  554.0
374.5741271972656  406.0
547.4108276367188  563.0
193.80181884765625  171.0
376.15045166015625  444.0
588.451904296875  561.0
615.6474609375  623.0
202.7923126220703  298.0
505.0928649902344  503.0
546.1503295898438  488.0
355.16943359375  420.0
246.52899169921875  318.0
198.6368408203125  194.0
435.95672607421875  459.0
553.1783447265625  569.0
479.0819091796875  475.0
352.86553955078125  265.0
198.14414978027344  192.0
553.6300659179688  566.0
198.7391357421875  196.0
285.14959716796875  199.0
545.4190673828125  563.0
695.1773071289062  563.0
537.8855590820312  541.0
402.9892883300781  505.0
377.7486572265625  401.0
394.864990234375  374.0
321.89691162109375  467.0
288.79534912109375  272.0
220.27862548828125  223.0
536.448974609375  600.0
657.55078125  484.0
349.0870361328125  415.0
265.0758972167969  281.0
491.5327453613281  501.0
536.9417114257812  490.0
432.81988525390625  539.0
524.5834350585938  508.0
586.8560180664062  573.0
534.9459228515625  492.0
233.98480224609375  316.0
239.7794647216797  358.0
544.3865966796875  552.0
548.4688720703125  520.0
526.2394409179688  508.0
265.35784912109375  199.0
391.24517822265625  424.0
403.08172607421875  378.0
618.3236694335938  512.0
398.09503173828125  444.0
405.5517578125  411.0
548.6362915039062  545.0
321.28729248046875  503.0
570.526123046875  673.0
361.7202453613281  363.0
388.1360168457031  395.0
248.83901977539062  253.0
245.12509155273438  272.0
325.49493408203125  433.0
282.5966796875  284.0
568.3363647460938  593.0
348.11859130859375  393.0
522.7864990234375  603.0
259.5906677246094  418.0
547.1558227539062  604.0
534.8843994140625  592.0
547.4305419921875  565.0
MSE : 4262.269470325334
MAPE : 11.595995761224918
R2 Score : 0.7345765621532365
time : 1347.4673278159462
