257.3706970214844  253.0
552.428955078125  568.0
603.44873046875  569.0
261.73895263671875  324.0
602.61767578125  565.0
554.2311401367188  559.0
562.8104858398438  670.0
532.1565551757812  529.0
592.5447387695312  541.0
491.2430114746094  444.0
503.37115478515625  549.0
547.6548461914062  649.0
220.01454162597656  215.0
420.87896728515625  407.0
471.08465576171875  618.0
276.11224365234375  323.0
577.2105102539062  590.0
341.3905029296875  330.0
517.9521484375  546.0
432.68438720703125  411.0
515.7610473632812  523.0
537.7445068359375  584.0
423.7816162109375  419.0
313.4090270996094  313.0
358.78466796875  328.0
283.79901123046875  257.0
499.3201904296875  538.0
446.0844421386719  493.0
374.0269775390625  347.0
294.6403503417969  293.0
519.7474365234375  569.0
423.92303466796875  449.0
514.7890625  512.0
232.2359161376953  216.0
379.375732421875  370.0
511.56121826171875  523.0
244.4513702392578  269.0
422.174072265625  420.0
492.38446044921875  485.0
581.5177612304688  563.0
161.28025817871094  484.0
471.2479248046875  624.0
549.75927734375  613.0
650.4019775390625  678.0
192.5943603515625  217.0
252.8094024658203  266.0
359.4063415527344  315.0
353.23004150390625  348.0
315.7179260253906  278.0
202.91368103027344  228.0
486.47955322265625  459.0
601.6373901367188  606.0
509.8472595214844  538.0
547.1544189453125  669.0
521.711181640625  515.0
350.229736328125  349.0
523.7966918945312  530.0
393.2548522949219  377.0
537.3216552734375  604.0
315.54071044921875  366.0
596.8636474609375  653.0
372.1123046875  415.0
549.037841796875  579.0
586.0106811523438  616.0
523.5079345703125  528.0
530.29833984375  545.0
579.8737182617188  550.0
534.8338623046875  534.0
622.0252685546875  763.0
598.2583618164062  603.0
561.3475341796875  574.0
521.4532470703125  508.0
353.70361328125  327.0
250.68833923339844  272.0
591.9114379882812  565.0
491.02099609375  529.0
550.549072265625  581.0
572.686279296875  593.0
404.73065185546875  345.0
222.83792114257812  195.0
509.8952941894531  483.0
322.80035400390625  324.0
583.7605590820312  604.0
336.8221740722656  304.0
349.14654541015625  393.0
207.90711975097656  195.0
287.14630126953125  331.0
611.23876953125  580.0
498.61285400390625  470.0
526.7644653320312  615.0
480.86224365234375  526.0
396.33038330078125  363.0
591.960205078125  643.0
592.5858154296875  561.0
376.30780029296875  481.0
376.36346435546875  380.0
242.9729766845703  304.0
522.7389526367188  401.0
273.10223388671875  272.0
320.8768615722656  293.0
MSE : 3247.5622892390493
MAPE : 8.007302529054142
R2 Score : 0.8242657780106387
time : 1655.7871097549796
