347.18084716796875  298.0
280.6259765625  284.0
450.2850341796875  459.0
308.2010192871094  324.0
476.888427734375  459.0
511.59735107421875  501.0
542.5432739257812  541.0
558.4252319335938  626.0
419.88970947265625  538.0
500.94683837890625  549.0
327.93865966796875  378.0
315.94146728515625  390.0
491.53436279296875  505.0
279.872802734375  323.0
505.0631103515625  545.0
272.3295593261719  251.0
345.2096252441406  365.0
587.161376953125  574.0
527.5960693359375  493.0
585.3449096679688  658.0
550.837646484375  560.0
173.9516143798828  203.0
353.55615234375  265.0
528.1371459960938  534.0
164.7310333251953  199.0
391.97760009765625  273.0
358.779052734375  353.0
203.12754821777344  207.0
516.032470703125  537.0
514.1220703125  478.0
368.89373779296875  363.0
648.323974609375  765.0
343.52447509765625  295.0
375.05511474609375  325.0
553.4136352539062  556.0
544.9010009765625  560.0
273.44549560546875  319.0
266.4715270996094  293.0
534.1516723632812  584.0
388.74932861328125  373.0
662.0189819335938  593.0
329.7330322265625  304.0
562.8120727539062  604.0
533.0053100585938  538.0
281.4067687988281  269.0
423.34307861328125  410.0
422.2255859375  430.0
351.79315185546875  392.0
222.25929260253906  253.0
527.4984130859375  569.0
349.071044921875  318.0
319.4423828125  278.0
364.3753662109375  413.0
396.4595031738281  373.0
257.48883056640625  225.0
585.4523315429688  565.0
426.4640808105469  475.0
475.9039306640625  484.0
565.260986328125  566.0
545.7501831054688  546.0
606.264404296875  653.0
340.354736328125  415.0
472.61260986328125  482.0
377.0059814453125  389.0
204.1474609375  192.0
297.4767761230469  301.0
371.24249267578125  353.0
582.0748291015625  773.0
235.16354370117188  378.0
197.10018920898438  203.0
580.228759765625  589.0
330.87225341796875  300.0
535.6285400390625  493.0
523.1336669921875  508.0
538.1679077148438  515.0
235.61453247070312  228.0
538.4093017578125  527.0
622.5379638671875  670.0
524.07958984375  488.0
692.3916015625  669.0
559.798828125  550.0
246.132568359375  229.0
540.6209716796875  599.0
197.87954711914062  130.0
391.90985107421875  394.0
651.9827270507812  547.0
514.5421142578125  563.0
539.8174438476562  542.0
361.0643310546875  420.0
585.72705078125  539.0
471.18927001953125  533.0
356.26904296875  314.0
565.5143432617188  577.0
395.3860168457031  385.0
322.0892333984375  187.0
505.89471435546875  470.0
473.94073486328125  494.0
MSE : 2485.958170527669
MAPE : 9.406005776136455
R2 Score : 0.8759040148579217
time : 2961.8692080080073
