549.4483032226562  531.0
547.1940307617188  501.0
321.8233642578125  378.0
339.7740783691406  358.0
240.762939453125  228.0
538.78173828125  478.0
492.6539001464844  403.0
343.6815490722656  363.0
551.7206420898438  589.0
551.0968627929688  581.0
352.4674377441406  324.0
560.012451171875  565.0
335.99798583984375  300.0
315.94744873046875  283.0
560.120361328125  493.0
539.1207275390625  493.0
556.4281616210938  550.0
350.5096740722656  433.0
411.1565246582031  392.0
551.7570190429688  482.0
353.67547607421875  331.0
559.590087890625  550.0
319.61383056640625  286.0
313.0817565917969  251.0
553.3865966796875  523.0
550.32958984375  541.0
340.8852844238281  482.0
312.84033203125  206.0
353.5646057128906  363.0
321.9542236328125  388.0
544.5599975585938  563.0
560.1994018554688  552.0
338.8673400878906  350.0
559.9036254882812  536.0
337.4247741699219  315.0
557.3966674804688  633.0
551.7655639648438  488.0
546.7247314453125  494.0
536.5118408203125  519.0
240.76296997070312  293.0
549.7648315429688  535.0
560.1599731445312  606.0
560.0504760742188  685.0
559.735595703125  584.0
551.4944458007812  565.0
340.4675598144531  362.0
535.4561767578125  505.0
313.5317687988281  284.0
559.8916015625  534.0
341.8140869140625  363.0
240.75778198242188  197.0
557.7849731445312  555.0
549.1831665039062  507.0
549.1481323242188  467.0
240.76034545898438  195.0
316.0589904785156  251.0
556.518310546875  458.0
240.76156616210938  194.0
350.79345703125  416.0
546.7788696289062  486.0
240.83181762695312  319.0
312.7359313964844  206.0
240.7598114013672  195.0
542.7659301757812  529.0
240.75640869140625  171.0
330.4827575683594  187.0
549.3848266601562  555.0
559.5786743164062  551.0
240.76333618164062  313.0
546.5481567382812  650.0
550.2957153320312  508.0
556.5982055664062  592.0
550.7921142578125  528.0
560.120849609375  638.0
560.175048828125  560.0
546.23388671875  499.0
339.4552001953125  432.0
559.8958129882812  538.0
550.6578369140625  599.0
353.76397705078125  360.0
559.8717651367188  563.0
240.7587432861328  152.0
556.682373046875  527.0
537.77783203125  500.0
313.9827575683594  235.0
556.63720703125  503.0
240.7635040283203  207.0
550.7428588867188  539.0
526.345703125  481.0
559.1790161132812  573.0
534.8224487304688  503.0
549.9623413085938  557.0
560.1597290039062  632.0
414.4808044433594  430.0
334.35302734375  333.0
554.9361572265625  603.0
240.76351928710938  348.0
341.7761535644531  385.0
314.0095520019531  205.0
559.2125244140625  630.0
MSE : 3071.4295360105275
MAPE : 12.76857460893931
R2 Score : 0.8345831232110829
time : 807.3819014620094
