618.4526977539062  539.0
281.6244201660156  251.0
528.7208251953125  584.0
494.9342041015625  484.0
557.4118041992188  580.0
319.5386047363281  333.0
332.87774658203125  345.0
406.3793640136719  444.0
663.3514404296875  685.0
374.5480041503906  378.0
226.25633239746094  203.0
306.55322265625  324.0
509.5199890136719  546.0
482.22381591796875  508.0
395.1894836425781  378.0
486.8829040527344  593.0
176.34764099121094  218.0
188.9501953125  390.0
493.7305908203125  520.0
531.97119140625  538.0
308.4183044433594  316.0
217.15469360351562  253.0
274.0575866699219  219.0
485.94775390625  501.0
369.994873046875  330.0
371.7809143066406  385.0
202.328857421875  221.0
379.3983154296875  315.0
478.5029602050781  603.0
491.1257629394531  495.0
259.3150634765625  331.0
560.7593383789062  523.0
510.9977111816406  508.0
509.64654541015625  519.0
282.9239501953125  283.0
542.9764404296875  584.0
424.2944641113281  459.0
406.0723571777344  368.0
504.0447082519531  526.0
518.209228515625  581.0
296.936767578125  241.0
659.0538940429688  621.0
487.5867614746094  493.0
335.21710205078125  330.0
205.1255645751953  418.0
339.0570373535156  327.0
501.0100402832031  478.0
509.63458251953125  545.0
549.3723754882812  773.0
555.466064453125  575.0
541.4654541015625  583.0
483.4627990722656  673.0
393.6543273925781  374.0
667.4102172851562  763.0
557.3489379882812  519.0
364.80352783203125  344.0
568.7622680664062  555.0
207.8679656982422  423.0
408.4637756347656  273.0
498.7976989746094  538.0
391.90972900390625  410.0
554.3070678710938  531.0
162.60256958007812  173.0
376.62921142578125  394.0
523.0292358398438  512.0
376.532958984375  409.0
524.0643920898438  568.0
227.78294372558594  240.0
618.7030029296875  589.0
419.37310791015625  503.0
505.9855651855469  580.0
536.2987670898438  613.0
291.4934997558594  349.0
615.5523681640625  563.0
452.5134582519531  498.0
558.5278930664062  538.0
493.8178405761719  522.0
329.7937316894531  403.0
349.4589538574219  315.0
292.7853088378906  260.0
222.76907348632812  220.0
311.2459411621094  310.0
382.129638671875  403.0
483.2514953613281  523.0
226.58154296875  266.0
567.6326904296875  559.0
263.3251037597656  253.0
567.17578125  513.0
354.0788269042969  359.0
473.5008850097656  467.0
395.3220520019531  363.0
505.7141418457031  569.0
553.6207885742188  600.0
493.4400939941406  503.0
286.4555358886719  418.0
520.5023803710938  563.0
MSE : 4206.856873602405
MAPE : 10.116456823462936
R2 Score : 0.7633120573127496
time : 2467.8240865440166
