312.5334777832031  298.0
285.86676025390625  284.0
467.3726501464844  459.0
329.5087585449219  324.0
471.9741516113281  459.0
503.6973876953125  501.0
564.8994750976562  541.0
580.5078125  626.0
516.70166015625  538.0
516.6527099609375  549.0
332.2611999511719  378.0
313.0334167480469  390.0
496.9903869628906  505.0
282.33660888671875  323.0
535.85498046875  545.0
288.08734130859375  251.0
338.3640441894531  365.0
616.9864501953125  574.0
611.393310546875  493.0
604.1310424804688  658.0
542.94580078125  560.0
194.7864227294922  203.0
316.67034912109375  265.0
503.90350341796875  534.0
282.5452575683594  199.0
317.9780578613281  273.0
344.6253967285156  353.0
227.56263732910156  207.0
533.2662963867188  537.0
508.2220764160156  478.0
382.6447448730469  363.0
668.8488159179688  765.0
340.3394470214844  295.0
351.4078063964844  325.0
560.03759765625  556.0
566.760986328125  560.0
262.26971435546875  319.0
273.7622375488281  293.0
561.6158447265625  584.0
385.7076721191406  373.0
615.7765502929688  593.0
316.9635009765625  304.0
572.199951171875  604.0
520.2786254882812  538.0
287.16522216796875  269.0
399.60882568359375  410.0
413.7969970703125  430.0
347.54608154296875  392.0
270.8924560546875  253.0
500.5138854980469  569.0
304.87261962890625  318.0
311.5960998535156  278.0
387.50164794921875  413.0
378.5019836425781  373.0
252.34446716308594  225.0
567.0263061523438  565.0
438.3221740722656  475.0
491.3356018066406  484.0
556.956787109375  566.0
512.5521850585938  546.0
676.8724365234375  653.0
387.61431884765625  415.0
477.8706970214844  482.0
382.14892578125  389.0
221.24147033691406  192.0
296.5469055175781  301.0
344.0785217285156  353.0
552.1557006835938  773.0
323.457275390625  378.0
207.44424438476562  203.0
552.777587890625  589.0
293.7781677246094  300.0
538.88525390625  493.0
521.2616577148438  508.0
534.5773315429688  515.0
217.0793914794922  228.0
514.17041015625  527.0
629.1636352539062  670.0
499.0354309082031  488.0
753.5614013671875  669.0
575.8175048828125  550.0
250.70774841308594  229.0
512.8086547851562  599.0
186.4597625732422  130.0
396.8293151855469  394.0
633.989990234375  547.0
485.2885437011719  563.0
517.113037109375  542.0
361.32025146484375  420.0
547.7091674804688  539.0
519.8767700195312  533.0
369.58685302734375  314.0
586.2744140625  577.0
401.0156555175781  385.0
317.09765625  187.0
493.0681457519531  470.0
486.3474426269531  494.0
MSE : 2055.2462246417304
MAPE : 8.20555386399233
R2 Score : 0.8974046273263253
time : 3282.877982291
