601.5418701171875  593.0
450.5505065917969  542.0
391.3904724121094  314.0
315.9852600097656  319.0
612.637451171875  763.0
195.32574462890625  152.0
570.856201171875  557.0
316.0697937011719  279.0
602.31298828125  582.0
503.58184814453125  495.0
560.722412109375  512.0
524.185546875  508.0
558.7276611328125  562.0
667.6588134765625  615.0
471.68359375  494.0
488.57403564453125  529.0
323.83514404296875  363.0
436.0930480957031  520.0
202.43077087402344  218.0
562.830322265625  607.0
319.3486328125  329.0
197.51393127441406  190.0
418.6523132324219  430.0
252.86346435546875  348.0
218.62353515625  223.0
392.0247497558594  433.0
484.8259582519531  521.0
639.632568359375  618.0
613.45947265625  578.0
535.6464233398438  773.0
206.72119140625  293.0
509.7763366699219  525.0
223.78111267089844  255.0
247.98193359375  270.0
510.0929260253906  581.0
514.699462890625  457.0
492.7566223144531  523.0
222.7819061279297  240.0
553.3016967773438  494.0
509.95849609375  530.0
604.0692138671875  603.0
189.93963623046875  211.0
387.9769592285156  384.0
621.7490234375  569.0
517.8582763671875  519.0
508.884033203125  512.0
642.2010498046875  584.0
429.6580505371094  407.0
516.4375  529.0
345.0891418457031  377.0
535.3330688476562  563.0
559.34033203125  530.0
217.02745056152344  208.0
274.0884704589844  301.0
344.34564208984375  368.0
599.2826538085938  589.0
512.4521484375  513.0
381.969482421875  396.0
520.8594360351562  497.0
500.3444519042969  557.0
261.0653076171875  239.0
518.590087890625  508.0
223.39747619628906  207.0
645.6412353515625  573.0
498.91766357421875  484.0
403.0310974121094  393.0
234.8304901123047  219.0
526.08935546875  518.0
544.2445678710938  600.0
436.6478576660156  475.0
520.986083984375  551.0
473.2207336425781  478.0
615.4375610351562  616.0
504.32586669921875  493.0
496.54327392578125  484.0
517.3448486328125  537.0
353.8335266113281  386.0
507.5893859863281  483.0
565.812255859375  517.0
210.3831024169922  203.0
628.65185546875  547.0
322.7062683105469  330.0
568.2112426757812  562.0
397.4225769042969  387.0
301.0213623046875  278.0
230.23956298828125  207.0
216.92420959472656  235.0
462.8635559082031  478.0
375.2948303222656  538.0
409.3753662109375  418.0
307.525390625  310.0
339.206298828125  403.0
215.9727783203125  213.0
530.521728515625  550.0
429.5596008300781  413.0
524.123291015625  551.0
520.1949462890625  559.0
MSE : 2337.725211713331
MAPE : 7.369559310648756
R2 Score : 0.8767531722236874
time : 2238.1189617069904
