565.9964599609375  763.0
335.1813659667969  272.0
565.6582641601562  523.0
401.2434997558594  318.0
407.07818603515625  374.0
575.8201904296875  626.0
505.85076904296875  512.0
564.8197631835938  564.0
367.4917907714844  362.0
235.2850341796875  171.0
367.1239318847656  344.0
415.2943420410156  523.0
313.5222473144531  390.0
303.2006530761719  315.0
301.07177734375  265.0
567.9759521484375  565.0
575.6099853515625  685.0
574.3054809570312  549.0
536.9359741210938  538.0
565.0406494140625  544.0
503.4819030761719  472.0
241.4678955078125  233.0
285.86767578125  323.0
267.7098693847656  229.0
386.6934509277344  377.0
575.4727783203125  533.0
393.22149658203125  373.0
350.9670104980469  318.0
423.38763427734375  498.0
575.818359375  654.0
575.67529296875  546.0
536.119384765625  519.0
210.40786743164062  152.0
575.8260498046875  569.0
336.72418212890625  378.0
358.29241943359375  416.0
229.79669189453125  221.0
351.4970397949219  295.0
519.6124267578125  478.0
575.8167114257812  668.0
230.15008544921875  240.0
575.7670288085938  582.0
421.9122619628906  363.0
510.5799865722656  507.0
554.119873046875  668.0
239.77415466308594  254.0
567.8028564453125  580.0
575.468017578125  573.0
575.7564086914062  557.0
564.0404663085938  536.0
356.873779296875  226.0
523.89990234375  505.0
310.0339660644531  324.0
416.4515686035156  475.0
575.7369384765625  618.0
544.2284545898438  527.0
390.32421875  393.0
286.47564697265625  333.0
391.8758239746094  378.0
210.7723846435547  197.0
321.53271484375  365.0
575.820068359375  619.0
559.1455078125  773.0
538.7188110351562  566.0
339.68212890625  373.0
306.8807067871094  316.0
575.5084838867188  561.0
537.3208618164062  493.0
368.32684326171875  380.0
536.53759765625  538.0
575.6865234375  562.0
553.5585327148438  568.0
569.45361328125  600.0
515.3583374023438  523.0
255.72303771972656  270.0
549.5537109375  527.0
297.7187194824219  191.0
511.5494079589844  557.0
218.65863037109375  220.0
575.763916015625  763.0
426.4583435058594  419.0
536.82080078125  508.0
270.1303405761719  283.0
573.622314453125  539.0
511.6754150390625  473.0
292.05133056640625  366.0
182.61322021484375  188.0
575.0919799804688  613.0
288.7938232421875  319.0
418.787353515625  410.0
563.0364990234375  765.0
575.8137817382812  566.0
265.81378173828125  293.0
423.5879211425781  595.0
563.9335327148438  543.0
304.8441467285156  301.0
421.0535583496094  520.0
379.0362243652344  359.0
MSE : 3831.922243331861
MAPE : 9.819705198479166
R2 Score : 0.8284187831788015
time : 1138.3626506468281
