545.6470947265625  555.0
491.71453857421875  501.0
354.49603271484375  378.0
375.727783203125  358.0
222.91360473632812  228.0
433.0254821777344  478.0
402.83251953125  403.0
388.5299072265625  363.0
596.5103149414062  589.0
590.38134765625  581.0
358.6238098144531  324.0
522.313232421875  550.0
341.98382568359375  300.0
306.77056884765625  283.0
473.97802734375  493.0
576.6915893554688  493.0
584.6304931640625  550.0
378.8594970703125  433.0
356.97711181640625  392.0
482.71978759765625  482.0
274.32861328125  331.0
247.4945526123047  286.0
267.0238952636719  251.0
493.2908630371094  488.0
531.9332885742188  528.0
385.9776916503906  482.0
211.9988555908203  206.0
499.1438293457031  363.0
355.3621826171875  388.0
624.0943603515625  563.0
603.2272338867188  552.0
344.8010559082031  350.0
527.3392944335938  536.0
359.3960876464844  315.0
761.6500854492188  633.0
495.7864685058594  486.0
524.438232421875  519.0
216.45257568359375  293.0
545.140869140625  535.0
596.2894287109375  606.0
642.4381713867188  685.0
551.7099609375  584.0
592.7149658203125  565.0
365.1587219238281  362.0
417.3944396972656  505.0
274.38311767578125  284.0
517.4652709960938  534.0
395.3262023925781  363.0
209.7866668701172  197.0
550.9124755859375  555.0
469.99200439453125  467.0
190.7908477783203  195.0
261.41094970703125  251.0
496.57965087890625  458.0
215.6243438720703  194.0
387.2640380859375  385.0
323.673583984375  319.0
195.0719757080078  206.0
205.88031005859375  195.0
515.79296875  529.0
195.61460876464844  171.0
287.96051025390625  187.0
524.6307983398438  551.0
336.91802978515625  313.0
542.6504516601562  650.0
503.4607849121094  508.0
611.4661865234375  592.0
603.260986328125  638.0
644.4904174804688  560.0
525.1210327148438  499.0
390.2370300292969  432.0
532.8157348632812  538.0
514.6864013671875  599.0
385.35809326171875  360.0
486.56982421875  563.0
185.4445037841797  152.0
532.0272216796875  503.0
491.4914855957031  503.0
217.8706817626953  235.0
218.4036102294922  207.0
583.4674072265625  539.0
511.642578125  481.0
611.6795654296875  573.0
505.9486083984375  557.0
605.16796875  632.0
417.9290771484375  430.0
359.88018798828125  333.0
596.58203125  603.0
338.5187072753906  348.0
227.68898010253906  205.0
578.7046508789062  630.0
MSE : 1803.593334267855
MAPE : 7.742698880383229
R2 Score : 0.9083964023184145
time : 1315.692943483009
