356.8731994628906  345.0
277.7350158691406  197.0
247.36834716796875  330.0
477.6581115722656  319.0
237.09814453125  324.0
486.58544921875  449.0
595.5673828125  658.0
590.4468383789062  685.0
394.94525146484375  315.0
223.52967834472656  207.0
556.8320922851562  529.0
554.6312866210938  527.0
419.2513122558594  545.0
538.0703125  484.0
537.9541625976562  580.0
515.2274169921875  440.0
407.4031677246094  548.0
594.71826171875  562.0
337.04302978515625  398.0
593.5673828125  584.0
591.7940063476562  533.0
434.5593566894531  390.0
572.8403930664062  615.0
589.9683227539062  539.0
595.2131958007812  604.0
384.6474914550781  344.0
546.490478515625  484.0
547.4093627929688  531.0
371.67718505859375  418.0
544.240478515625  668.0
539.9155883789062  523.0
553.4107666015625  520.0
526.7426147460938  521.0
583.3729858398438  520.0
407.70770263671875  228.0
208.27967834472656  251.0
311.4004211425781  265.0
593.9074096679688  550.0
376.4462890625  560.0
237.50430297851562  272.0
584.326416015625  545.0
595.011474609375  557.0
535.4682006835938  573.0
291.6197509765625  415.0
431.4421081542969  536.0
324.9660949707031  293.0
382.2133483886719  409.0
330.2436828613281  350.0
214.52394104003906  266.0
230.02847290039062  233.0
344.8735046386719  218.0
593.0875854492188  595.0
526.7266235351562  543.0
512.0926513671875  478.0
517.7813720703125  505.0
215.8445281982422  211.0
552.5698852539062  549.0
515.944091796875  503.0
501.3668518066406  551.0
526.7444458007812  508.0
497.7244873046875  458.0
455.3183898925781  509.0
550.721923828125  668.0
587.7391967773438  573.0
594.6945190429688  649.0
538.908935546875  584.0
413.3360595703125  366.0
338.2727966308594  191.0
555.6138305664062  555.0
343.9371032714844  363.0
595.1183471679688  670.0
523.5631713867188  616.0
548.9404907226562  522.0
400.19512939453125  379.0
478.572509765625  499.0
530.626953125  363.0
541.218994140625  493.0
521.8096313476562  501.0
374.5691833496094  355.0
594.8196411132812  616.0
334.4511413574219  498.0
509.0992126464844  554.0
591.1364135742188  580.0
379.39947509765625  433.0
458.90185546875  531.0
290.133056640625  330.0
393.6607971191406  187.0
545.779052734375  512.0
547.3870849609375  535.0
204.371337890625  259.0
393.7718200683594  386.0
556.2138061523438  495.0
529.5586547851562  583.0
533.1141967773438  528.0
594.6382446289062  568.0
511.581787109375  255.0
530.9124145507812  425.0
580.219482421875  549.0
MSE : 5646.384746814023
MAPE : 14.915395793513728
R2 Score : 0.6635580244679636
time : 636.8849142449981
