409.32275390625  410.0
522.0277709960938  508.0
516.0057983398438  568.0
467.4827575683594  507.0
522.10546875  536.0
350.25506591796875  378.0
339.0325012207031  318.0
449.1908264160156  520.0
510.17718505859375  556.0
416.1496276855469  377.0
533.4765625  563.0
656.7340087890625  668.0
346.3926696777344  314.0
399.904052734375  433.0
299.73162841796875  187.0
348.3177490234375  363.0
491.6432800292969  472.0
200.39022827148438  215.0
528.1505737304688  529.0
584.5556640625  541.0
533.566162109375  560.0
211.81402587890625  240.0
505.6613464355469  457.0
539.680419921875  590.0
448.35736083984375  503.0
272.9890441894531  311.0
419.15032958984375  390.0
263.1525573730469  284.0
590.7353515625  650.0
500.4447021484375  500.0
347.2080383300781  392.0
472.3683776855469  482.0
602.487548828125  621.0
428.3985595703125  390.0
702.2736206054688  563.0
242.79815673828125  233.0
494.59014892578125  419.0
658.9848022460938  656.0
331.9892883300781  330.0
281.78778076171875  330.0
520.1618041992188  541.0
563.4441528320312  589.0
324.15643310546875  324.0
384.70367431640625  191.0
371.5237121582031  366.0
274.48455810546875  348.0
567.4779052734375  555.0
192.30995178222656  293.0
296.4429931640625  226.0
228.92367553710938  239.0
484.3907470703125  459.0
375.1066589355469  626.0
407.4761657714844  421.0
199.33470153808594  190.0
509.2000732421875  531.0
304.6837158203125  397.0
485.1450500488281  478.0
545.802001953125  577.0
728.5238037109375  643.0
441.2864685058594  459.0
428.5752258300781  423.0
581.4122924804688  618.0
227.7760467529297  228.0
473.7603454589844  481.0
225.5100860595703  225.0
572.1970825195312  561.0
248.05001831054688  425.0
371.3342590332031  389.0
313.5453186035156  315.0
515.5292358398438  502.0
310.8345642089844  281.0
564.7291870117188  493.0
288.8566589355469  313.0
162.62095642089844  195.0
311.0423278808594  379.0
644.1906127929688  653.0
479.8835144042969  494.0
289.5694274902344  315.0
390.90118408203125  363.0
203.20269775390625  209.0
238.47470092773438  260.0
603.5194702148438  670.0
572.270263671875  565.0
565.6600952148438  546.0
533.9387817382812  530.0
520.2868041992188  555.0
331.6567687988281  267.0
588.7178344726562  623.0
305.0818786621094  241.0
495.3683166503906  473.0
636.5584716796875  551.0
268.15789794921875  333.0
217.14437866210938  203.0
600.3912353515625  557.0
192.9955291748047  315.0
MSE : 3299.4518553750836
MAPE : 10.403310624941419
R2 Score : 0.8244029137998187
time : 2296.399763044901
