539.4214477539062  493.0
603.6820678710938  569.0
320.605712890625  315.0
504.9843444824219  508.0
576.3449096679688  606.0
542.3905639648438  536.0
474.20440673828125  494.0
338.4151306152344  350.0
328.4474792480469  424.0
312.1365051269531  302.0
360.4841003417969  345.0
639.3429565429688  616.0
397.5425109863281  368.0
219.6770782470703  273.0
182.09588623046875  192.0
306.2572937011719  259.0
409.5323791503906  406.0
577.8651123046875  535.0
510.6334533691406  481.0
532.0269165039062  523.0
334.53094482421875  344.0
237.15647888183594  286.0
524.6675415039062  528.0
248.9468994140625  211.0
297.28656005859375  311.0
613.8582763671875  615.0
658.2743530273438  582.0
332.6590881347656  330.0
309.380615234375  343.0
573.3567504882812  630.0
619.575439453125  563.0
314.7488098144531  310.0
494.6007995605469  626.0
392.28851318359375  416.0
660.1618041992188  643.0
571.0882568359375  621.0
406.8468322753906  255.0
499.09857177734375  495.0
525.4876098632812  508.0
273.2676696777344  293.0
515.968994140625  560.0
616.8853759765625  668.0
485.8089904785156  479.0
518.7096557617188  517.0
389.5827331542969  393.0
498.3134460449219  493.0
363.9352722167969  327.0
556.25830078125  523.0
267.7944641113281  220.0
620.9362182617188  604.0
477.1909484863281  459.0
546.8003540039062  521.0
429.7742614746094  419.0
712.3848266601562  543.0
208.29995727539062  171.0
349.0307922363281  265.0
224.49581909179688  219.0
359.3426208496094  373.0
486.5554504394531  478.0
258.6588439941406  269.0
223.86468505859375  217.0
355.3440246582031  392.0
557.3977661132812  584.0
622.4189453125  604.0
502.2671813964844  473.0
427.0373229980469  363.0
170.98953247070312  191.0
677.1047973632812  654.0
358.3713684082031  373.0
205.57257080078125  206.0
313.6101989746094  319.0
533.8107299804688  526.0
394.4477233886719  360.0
507.0923767089844  529.0
343.3290100097656  344.0
396.6872253417969  389.0
326.5841979980469  359.0
333.3381652832031  330.0
273.8388977050781  283.0
568.3012084960938  557.0
264.1526184082031  253.0
608.4796142578125  668.0
433.5113220214844  423.0
562.1791381835938  633.0
418.6544494628906  503.0
348.2420349121094  321.0
194.68234252929688  188.0
171.54034423828125  130.0
268.5885925292969  298.0
330.4796447753906  306.0
525.9595947265625  503.0
194.8667755126953  204.0
519.9010620117188  509.0
344.8724670410156  418.0
472.8827209472656  444.0
507.7931213378906  260.0
406.80133056640625  398.0
628.5169677734375  547.0
668.4996948242188  765.0
MSE : 2523.283998386866
MAPE : 8.688516007766363
R2 Score : 0.8750751234304371
time : 2238.6040260849986
