571.2244262695312  566.0
533.1048583984375  527.0
546.2908935546875  485.0
353.6620788574219  402.0
545.5626220703125  533.0
250.05535888671875  228.0
686.5658569335938  685.0
508.1990661621094  517.0
340.9682312011719  344.0
690.4796142578125  630.0
482.6675109863281  512.0
366.7406921386719  360.0
324.5375061035156  324.0
375.14520263671875  420.0
481.5065002441406  467.0
525.8312377929688  529.0
499.5822448730469  499.0
315.86358642578125  349.0
534.9425659179688  550.0
339.3890686035156  327.0
544.0677490234375  527.0
579.9778442382812  616.0
538.2406005859375  560.0
560.0093994140625  545.0
338.5301208496094  387.0
405.0432434082031  475.0
517.304443359375  497.0
266.14312744140625  270.0
391.21533203125  363.0
610.6101684570312  618.0
497.96356201171875  474.0
205.19415283203125  190.0
555.103759765625  530.0
441.6578369140625  503.0
569.4838256835938  603.0
346.06134033203125  328.0
549.934326171875  544.0
574.5269775390625  616.0
504.34442138671875  495.0
500.5419616699219  490.0
564.6854858398438  520.0
589.2540283203125  685.0
518.90576171875  528.0
204.67520141601562  207.0
546.9925537109375  580.0
387.4083557128906  433.0
240.07321166992188  251.0
406.30352783203125  363.0
508.11968994140625  520.0
230.98101806640625  218.0
346.8091125488281  304.0
548.2615966796875  562.0
676.5258178710938  649.0
528.0414428710938  531.0
230.47250366210938  228.0
199.669921875  171.0
428.7265930175781  459.0
558.3421020507812  580.0
638.9301147460938  578.0
548.5543823242188  508.0
604.432861328125  618.0
291.56768798828125  278.0
276.4974365234375  293.0
196.76319885253906  188.0
343.7125549316406  380.0
640.5702514648438  613.0
408.87548828125  421.0
378.2698059082031  267.0
306.60821533203125  319.0
485.1299743652344  518.0
548.5615844726562  560.0
360.4557189941406  350.0
521.2214965820312  519.0
567.048828125  563.0
276.6512756347656  251.0
547.3869018554688  494.0
389.6003723144531  325.0
303.1465759277344  313.0
534.5111083984375  493.0
409.738037109375  397.0
263.39117431640625  259.0
185.18138122558594  130.0
323.62139892578125  265.0
542.26123046875  486.0
393.8831481933594  373.0
509.39990234375  493.0
570.2138061523438  560.0
367.0417175292969  368.0
392.5290832519531  378.0
395.1907043457031  379.0
347.361083984375  347.0
279.1465759277344  273.0
541.8881225585938  541.0
553.3575439453125  563.0
513.4695434570312  503.0
197.9463653564453  213.0
338.8998718261719  329.0
380.7225646972656  348.0
381.7191162109375  363.0
558.9219970703125  565.0
MSE : 1011.1435195154953
MAPE : 6.110859018846131
R2 Score : 0.9423130202178888
time : 2130.461637778004
