530.8381958007812  537.0
204.80821228027344  204.0
567.9635620117188  545.0
399.45263671875  318.0
501.4998779296875  526.0
345.94317626953125  349.0
521.0453491210938  509.0
313.04296875  316.0
390.1105041503906  363.0
287.8267822265625  226.0
560.6220092773438  545.0
241.32444763183594  253.0
213.9818572998047  203.0
735.7297973632812  619.0
294.99053955078125  270.0
202.21017456054688  215.0
403.2467041015625  401.0
236.4833526611328  235.0
534.6647338867188  549.0
415.8428955078125  407.0
350.12353515625  380.0
332.002197265625  199.0
415.57568359375  353.0
508.1366882324219  528.0
555.5559692382812  593.0
363.5653076171875  344.0
579.4367065429688  545.0
422.8558654785156  392.0
536.1092529296875  584.0
645.9973754882812  595.0
340.18280029296875  387.0
577.2089233398438  569.0
548.3199462890625  520.0
528.8482055664062  533.0
625.0513305664062  630.0
532.5910034179688  529.0
521.1815185546875  538.0
334.1500549316406  329.0
457.0585021972656  403.0
263.8037109375  348.0
637.4375  632.0
546.4485473632812  500.0
661.0374145507812  618.0
537.7128295898438  560.0
251.1868896484375  304.0
364.23297119140625  366.0
533.1655883789062  520.0
558.6812744140625  603.0
560.1632080078125  590.0
387.0971374511719  379.0
495.253662109375  498.0
194.5452423095703  197.0
587.5957641601562  538.0
558.7020263671875  590.0
494.653564453125  474.0
272.14544677734375  300.0
544.4859619140625  548.0
619.3530883789062  678.0
374.0374755859375  328.0
231.5980682373047  278.0
553.7228393554688  513.0
502.60089111328125  503.0
373.9352722167969  187.0
260.3053283691406  257.0
384.086181640625  362.0
534.8629760742188  527.0
405.65216064453125  409.0
362.4065246582031  313.0
406.96893310546875  360.0
309.01763916015625  323.0
516.5621948242188  531.0
288.1806640625  249.0
481.526611328125  490.0
391.765869140625  385.0
502.77825927734375  521.0
578.8311767578125  626.0
260.44451904296875  272.0
573.369873046875  606.0
382.9725646972656  360.0
428.62060546875  396.0
199.35159301757812  206.0
541.2843627929688  492.0
375.2510070800781  359.0
539.8951416015625  536.0
572.8850708007812  621.0
183.2719268798828  213.0
298.7967529296875  191.0
571.6771850585938  606.0
535.8154907226562  604.0
640.9628295898438  673.0
213.49734497070312  216.0
395.84454345703125  393.0
495.427734375  411.0
598.7554931640625  604.0
534.6307983398438  493.0
500.892822265625  527.0
422.2377624511719  388.0
497.87738037109375  541.0
650.2024536132812  668.0
563.0385131835938  500.0
MSE : 1862.3251608425262
MAPE : 8.518246523269037
R2 Score : 0.9029530068339313
time : 4184.018016211994
