318.0841064453125  390.0
434.50445556640625  444.0
528.7849731445312  491.0
379.41326904296875  359.0
377.4315490722656  420.0
309.3128967285156  330.0
511.5718994140625  474.0
611.7230834960938  685.0
498.35076904296875  577.0
300.0466613769531  316.0
384.89996337890625  384.0
406.02276611328125  418.0
405.60797119140625  410.0
522.2059936523438  538.0
582.5717163085938  607.0
538.9277954101562  528.0
202.38839721679688  203.0
567.6693725585938  527.0
503.13323974609375  545.0
266.6858215332031  253.0
217.7047576904297  171.0
394.9896240234375  390.0
503.47515869140625  473.0
217.9428253173828  221.0
222.37026977539062  272.0
535.7203979492188  538.0
386.4495544433594  363.0
532.114990234375  529.0
510.53863525390625  559.0
549.14599609375  565.0
504.92425537109375  534.0
246.47654724121094  228.0
581.177001953125  551.0
528.606689453125  604.0
582.0337524414062  547.0
577.6456909179688  593.0
399.6418151855469  393.0
291.63446044921875  278.0
312.22808837890625  253.0
344.694580078125  298.0
256.13153076171875  226.0
524.1865844726562  526.0
381.9064636230469  392.0
511.73248291015625  532.0
295.6234130859375  315.0
261.775634765625  358.0
333.3988037109375  313.0
615.9561157226562  624.0
559.9205932617188  562.0
360.4417724609375  421.0
504.81951904296875  474.0
362.52972412109375  373.0
590.451416015625  589.0
498.1142883300781  488.0
613.4859619140625  633.0
547.2906494140625  493.0
558.0202026367188  562.0
313.3861389160156  333.0
206.2653045654297  221.0
550.0232543945312  535.0
373.4749450683594  376.0
346.7396240234375  349.0
579.2291259765625  584.0
523.5455932617188  478.0
508.32989501953125  501.0
508.0252685546875  484.0
396.56915283203125  394.0
564.3871459960938  559.0
609.7620849609375  763.0
239.0536651611328  207.0
523.6106567382812  555.0
576.89453125  560.0
349.9948425292969  378.0
418.6871337890625  457.0
606.6280517578125  615.0
401.8749084472656  467.0
210.1551513671875  243.0
274.93701171875  293.0
299.88433837890625  260.0
279.23199462890625  257.0
368.79815673828125  333.0
548.3479614257812  552.0
513.4002685546875  542.0
211.19862365722656  205.0
325.4346618652344  279.0
233.4058837890625  225.0
375.4593505859375  333.0
518.4960327148438  508.0
347.1852111816406  398.0
604.7007446289062  649.0
520.1315307617188  615.0
304.4897766113281  324.0
250.94284057617188  323.0
308.8524169921875  418.0
533.0384521484375  557.0
490.0843200683594  475.0
550.27001953125  541.0
333.3916931152344  199.0
553.9303588867188  575.0
245.3490447998047  253.0
MSE : 1671.5474757550262
MAPE : 7.657170152568031
R2 Score : 0.9080867017433725
time : 1224.4829362679739
