290.7032470703125  270.0
324.2120361328125  378.0
519.2924194335938  541.0
585.24169921875  565.0
530.07177734375  484.0
619.1038208007812  763.0
450.5212097167969  411.0
304.3534240722656  329.0
550.8189697265625  520.0
517.7574462890625  474.0
392.0106506347656  401.0
617.0020751953125  621.0
421.5068664550781  363.0
400.8453674316406  353.0
523.027099609375  533.0
617.77978515625  589.0
455.3052062988281  505.0
248.1465606689453  233.0
203.4191131591797  194.0
395.36309814453125  337.0
380.1923522949219  363.0
544.5879516601562  494.0
619.7562255859375  649.0
522.1253051757812  517.0
522.92333984375  508.0
542.3928833007812  538.0
550.3944702148438  603.0
557.5902709960938  490.0
551.618408203125  565.0
292.5929870605469  283.0
557.0927734375  522.0
392.2271423339844  328.0
543.3788452148438  569.0
528.7907104492188  493.0
620.6021118164062  539.0
571.940185546875  536.0
591.84765625  643.0
419.0507507324219  373.0
592.1204833984375  527.0
522.4248657226562  528.0
551.3358154296875  539.0
405.1932067871094  520.0
555.4654541015625  568.0
579.2431640625  550.0
195.83343505859375  173.0
593.1954345703125  607.0
544.16162109375  584.0
406.0748596191406  387.0
605.5411376953125  593.0
610.8904418945312  606.0
592.0899047851562  567.0
278.40850830078125  229.0
404.9827575683594  360.0
619.3682861328125  669.0
405.1911926269531  386.0
281.52752685546875  345.0
572.7962646484375  519.0
598.853271484375  593.0
342.6996154785156  343.0
557.2176513671875  493.0
411.6794128417969  409.0
518.6747436523438  522.0
546.76953125  561.0
548.8163452148438  549.0
234.1999969482422  225.0
572.9060668945312  549.0
489.8207702636719  523.0
542.0389404296875  552.0
271.7840881347656  228.0
562.40234375  668.0
593.8467407226562  563.0
457.2835388183594  449.0
509.3301086425781  481.0
536.151611328125  520.0
340.0634765625  319.0
526.9058837890625  493.0
525.1802368164062  536.0
266.8462219238281  272.0
220.85133361816406  390.0
526.4559936523438  523.0
520.8738403320312  500.0
522.6122436523438  535.0
399.8446960449219  433.0
383.8296813964844  467.0
420.6538391113281  433.0
507.44915771484375  458.0
562.6775512695312  538.0
519.512451171875  478.0
531.3309936523438  685.0
337.8308410644531  316.0
435.1176452636719  417.0
372.4978942871094  378.0
540.0617065429688  562.0
614.8021850585938  573.0
291.7733459472656  331.0
579.55615234375  559.0
589.4232788085938  550.0
413.5364074707031  374.0
601.870849609375  569.0
407.0467224121094  378.0
MSE : 2118.358042736063
MAPE : 7.550393162592162
R2 Score : 0.8501491776843243
time : 1967.6577483410947
