430.3473815917969  422.0
556.9834594726562  551.0
554.3925170898438  503.0
572.6751708984375  626.0
406.7511901855469  401.0
638.8859252929688  678.0
239.71609497070312  226.0
350.1410217285156  359.0
186.0508270263672  203.0
339.0574951171875  318.0
332.6839599609375  378.0
513.0144653320312  494.0
524.5187377929688  522.0
222.83154296875  331.0
211.7489013671875  203.0
517.38134765625  515.0
510.0101013183594  512.0
216.681884765625  228.0
350.97796630859375  355.0
613.3509521484375  658.0
313.49652099609375  279.0
636.156494140625  543.0
568.0687866210938  562.0
552.7615966796875  561.0
511.6754455566406  488.0
215.3967742919922  273.0
607.107666015625  616.0
342.8148498535156  328.0
387.22674560546875  415.0
528.7059936523438  526.0
489.73980712890625  449.0
282.2196350097656  267.0
538.8341064453125  529.0
537.4256591796875  523.0
597.179931640625  603.0
512.040771484375  518.0
482.4209899902344  482.0
384.7242126464844  433.0
495.12750244140625  478.0
527.2455444335938  508.0
263.58270263671875  249.0
420.2685852050781  420.0
351.6397705078125  373.0
271.90863037109375  293.0
622.3500366210938  643.0
199.19500732421875  206.0
580.6603393554688  517.0
512.0652465820312  505.0
618.10009765625  616.0
643.3433227539062  519.0
203.54434204101562  194.0
317.94683837890625  373.0
565.9132690429688  555.0
421.20660400390625  403.0
523.7237548828125  458.0
400.4307861328125  395.0
238.69497680664062  241.0
230.19659423828125  255.0
632.8479614257812  616.0
409.2756652832031  394.0
527.9080810546875  503.0
396.4281005859375  409.0
321.71221923828125  365.0
372.1316833496094  386.0
557.3418579101562  528.0
556.5834350585938  535.0
569.09521484375  566.0
563.6629638671875  533.0
573.7905883789062  549.0
341.50506591796875  343.0
217.19161987304688  223.0
505.5783386230469  520.0
235.65182495117188  220.0
562.8711547851562  552.0
564.3321533203125  568.0
637.0079345703125  618.0
244.76766967773438  239.0
610.361083984375  623.0
237.24952697753906  390.0
536.6762084960938  563.0
559.7672729492188  527.0
575.611083984375  574.0
297.709716796875  331.0
535.2493896484375  491.0
223.45298767089844  221.0
354.9606628417969  409.0
351.0832824707031  355.0
557.9580078125  563.0
482.9141540527344  444.0
696.9876098632812  668.0
318.2546691894531  324.0
687.1944580078125  658.0
318.1962585449219  379.0
202.29681396484375  171.0
334.1883544921875  392.0
554.146484375  580.0
418.7132568359375  407.0
236.7998046875  218.0
264.8115234375  348.0
313.0227966308594  315.0
MSE : 1322.870983154904
MAPE : 6.149882804238644
R2 Score : 0.925640169572749
time : 1301.4696509549976
