511.33935546875  475.0
332.3666687011719  226.0
233.07162475585938  229.0
337.2533264160156  333.0
223.08934020996094  220.0
503.0157165527344  411.0
511.6728515625  508.0
496.9668884277344  505.0
518.7608642578125  530.0
428.6065979003906  422.0
568.5060424804688  584.0
613.6511840820312  593.0
569.5154418945312  563.0
304.3196716308594  467.0
213.4268798828125  206.0
524.216064453125  564.0
572.1044311523438  580.0
405.02984619140625  360.0
205.83901977539062  203.0
314.7782897949219  330.0
502.7196960449219  493.0
497.9717102050781  479.0
560.40576171875  538.0
560.0360107421875  566.0
279.05987548828125  323.0
204.5966033935547  130.0
8.64134693145752  260.0
532.4927368164062  546.0
402.0445251464844  482.0
407.9248352050781  420.0
209.24502563476562  173.0
380.021728515625  363.0
527.2583618164062  527.0
404.4219970703125  191.0
218.07913208007812  211.0
549.7506713867188  549.0
634.1626586914062  615.0
582.6409301757812  584.0
470.3851318359375  360.0
589.0227661132812  546.0
381.0304870605469  360.0
406.6907653808594  393.0
366.4450988769531  374.0
559.3673706054688  551.0
214.41671752929688  194.0
644.7078857421875  565.0
619.5686645507812  670.0
497.9674987792969  500.0
226.77915954589844  257.0
515.8944702148438  541.0
601.231689453125  568.0
498.95916748046875  498.0
412.9732360839844  457.0
386.0929260253906  325.0
213.4422149658203  188.0
216.9945068359375  213.0
315.3217468261719  272.0
310.3480529785156  187.0
614.0932006835938  517.0
399.6125793457031  433.0
359.1919250488281  390.0
517.5367431640625  550.0
585.8378295898438  520.0
319.3866271972656  324.0
413.7291564941406  410.0
238.05349731445312  302.0
516.8896484375  526.0
571.3727416992188  494.0
596.0004272460938  624.0
363.6148986816406  267.0
602.7615966796875  550.0
242.77806091308594  259.0
286.6460266113281  313.0
579.7601318359375  566.0
582.8202514648438  562.0
340.9322509765625  345.0
208.04443359375  218.0
541.8165283203125  525.0
243.1292266845703  251.0
206.15585327148438  152.0
309.320068359375  348.0
500.3837890625  599.0
505.3648376464844  563.0
374.38006591796875  378.0
515.2172241210938  554.0
560.8366088867188  508.0
331.0224304199219  333.0
355.68060302734375  359.0
372.1491394042969  386.0
515.6528930664062  470.0
389.1714782714844  377.0
535.4251708984375  519.0
595.6327514648438  618.0
201.91404724121094  207.0
384.357421875  421.0
523.2044067382812  522.0
583.2817993164062  535.0
359.135498046875  319.0
MSE : 3071.4699193354713
MAPE : 10.857672028923266
R2 Score : 0.8399279974085709
time : 1378.0169506659731
