518.115234375  475.0
244.32138061523438  226.0
292.0479736328125  229.0
371.3983459472656  333.0
218.47930908203125  220.0
493.3358154296875  411.0
560.5823974609375  497.0
523.5339965820312  505.0
523.3610229492188  530.0
374.4872741699219  422.0
540.57666015625  561.0
561.5227661132812  593.0
561.245849609375  563.0
533.03564453125  584.0
378.39239501953125  467.0
214.6979522705078  206.0
561.4491577148438  564.0
551.37646484375  580.0
323.6137390136719  360.0
286.4259033203125  203.0
339.5907897949219  330.0
520.6173706054688  493.0
520.2813110351562  479.0
521.5557861328125  538.0
526.174072265625  566.0
213.15496826171875  323.0
277.1396484375  130.0
558.9655151367188  260.0
574.8128662109375  546.0
384.0908203125  482.0
490.23486328125  420.0
254.37522888183594  173.0
371.311279296875  363.0
525.8232421875  527.0
222.5327911376953  191.0
297.640380859375  211.0
558.8433837890625  549.0
534.0570068359375  615.0
532.7323608398438  584.0
371.31866455078125  360.0
520.355712890625  546.0
389.2671813964844  360.0
373.5965576171875  393.0
386.4877624511719  374.0
559.3914794921875  551.0
213.12545776367188  194.0
629.5274047851562  565.0
562.0321044921875  670.0
525.0621948242188  500.0
214.15943908691406  257.0
530.5706176757812  541.0
560.4307861328125  568.0
507.734619140625  498.0
545.3262329101562  457.0
474.51019287109375  325.0
212.89735412597656  188.0
213.05030822753906  213.0
344.4471435546875  272.0
371.5837097167969  187.0
558.4698486328125  517.0
357.8972473144531  433.0
371.444091796875  390.0
554.746826171875  550.0
546.1860961914062  520.0
327.37139892578125  324.0
372.301513671875  410.0
212.9623260498047  302.0
540.799072265625  526.0
529.1080322265625  494.0
518.5084228515625  624.0
372.22314453125  267.0
560.03662109375  508.0
560.9253540039062  550.0
212.88668823242188  259.0
213.54148864746094  313.0
561.4896240234375  566.0
620.992919921875  562.0
217.9446258544922  345.0
279.0157775878906  218.0
535.2290649414062  525.0
213.430908203125  251.0
280.6066589355469  152.0
388.9346923828125  348.0
521.7534790039062  599.0
561.1990966796875  563.0
213.77520751953125  378.0
520.5400390625  554.0
535.8616333007812  508.0
371.30938720703125  333.0
373.2611999511719  359.0
371.5036926269531  386.0
520.1387939453125  470.0
371.44073486328125  377.0
540.9050903320312  519.0
520.3053588867188  618.0
212.88604736328125  207.0
371.46246337890625  421.0
561.0927734375  522.0
520.7886352539062  535.0
383.8770751953125  319.0
MSE : 4578.22407649779
MAPE : 15.181547795290069
R2 Score : 0.7599186513050551
time : 1094.9806897309609
