537.9885864257812  493.0
623.2216796875  569.0
239.5063018798828  315.0
538.5512084960938  508.0
579.090087890625  606.0
546.5398559570312  536.0
488.433349609375  494.0
357.2269287109375  350.0
307.52667236328125  424.0
234.87548828125  302.0
284.5970458984375  345.0
587.9087524414062  616.0
355.2806396484375  368.0
253.55032348632812  273.0
206.09515380859375  192.0
238.62855529785156  259.0
402.42816162109375  406.0
548.8595581054688  535.0
559.2399291992188  481.0
513.8816528320312  523.0
344.87518310546875  344.0
240.7407989501953  286.0
543.8638305664062  528.0
307.46234130859375  211.0
245.12445068359375  311.0
664.0659790039062  615.0
606.1300659179688  582.0
241.856689453125  330.0
357.922119140625  343.0
572.1521606445312  630.0
522.0364990234375  563.0
243.93215942382812  310.0
444.3403015136719  626.0
325.14739990234375  416.0
567.2202758789062  643.0
619.8831176757812  621.0
207.7559814453125  255.0
535.9520874023438  495.0
519.5653686523438  508.0
282.22637939453125  293.0
561.2896118164062  560.0
625.0987548828125  668.0
521.1109008789062  479.0
561.6509399414062  517.0
360.1007995605469  393.0
535.4650268554688  493.0
361.2496337890625  327.0
500.0221252441406  523.0
226.25338745117188  220.0
581.5200805664062  604.0
496.4722900390625  459.0
524.4204711914062  521.0
438.71539306640625  419.0
572.0091552734375  543.0
197.31317138671875  171.0
349.02313232421875  265.0
239.02389526367188  219.0
414.8220520019531  373.0
507.6190185546875  478.0
241.8455810546875  269.0
238.97354125976562  217.0
355.57293701171875  392.0
571.3482055664062  584.0
622.8995971679688  604.0
504.0303039550781  473.0
359.89141845703125  363.0
367.93450927734375  191.0
651.8948364257812  654.0
368.635009765625  373.0
258.53021240234375  206.0
226.87423706054688  319.0
533.5444946289062  526.0
428.4140625  360.0
530.4505004882812  529.0
275.50811767578125  344.0
365.04901123046875  389.0
358.55694580078125  359.0
354.644287109375  330.0
249.58319091796875  283.0
571.8998413085938  557.0
276.8819274902344  253.0
602.0181274414062  668.0
437.57586669921875  423.0
511.76513671875  633.0
390.00714111328125  503.0
335.6925354003906  321.0
221.15089416503906  188.0
187.71511840820312  130.0
331.19549560546875  298.0
388.6595458984375  306.0
511.6427917480469  503.0
197.74078369140625  204.0
498.61395263671875  509.0
362.47869873046875  418.0
447.0625305175781  444.0
259.705810546875  260.0
342.92572021484375  398.0
578.98291015625  547.0
638.9076538085938  765.0
MSE : 2840.8269864404388
MAPE : 10.915142715180284
R2 Score : 0.859353936828579
time : 826.9462912479939
