559.5062255859375  566.0
543.7243041992188  493.0
492.6765441894531  486.0
356.9102478027344  402.0
591.316650390625  533.0
222.7815704345703  228.0
603.2847290039062  685.0
522.8865966796875  517.0
350.6900329589844  344.0
555.4215698242188  630.0
494.2336120605469  512.0
342.6783447265625  360.0
311.8106994628906  324.0
378.3611755371094  420.0
486.2974853515625  467.0
541.8104248046875  529.0
506.703857421875  499.0
317.4148254394531  349.0
342.93206787109375  327.0
578.322265625  527.0
599.365966796875  616.0
547.6307983398438  544.0
524.0631713867188  545.0
389.5995788574219  387.0
376.01806640625  475.0
502.8186950683594  497.0
284.7980651855469  251.0
415.8396301269531  363.0
562.849365234375  618.0
482.0459289550781  474.0
193.43492126464844  190.0
539.3056640625  530.0
441.4214172363281  503.0
609.0418090820312  603.0
343.2065734863281  328.0
545.926513671875  616.0
517.22314453125  495.0
491.1983337402344  490.0
441.03851318359375  520.0
585.591064453125  685.0
544.3659057617188  528.0
215.5563201904297  207.0
545.4459228515625  580.0
367.7147216796875  433.0
419.2882995605469  363.0
568.90478515625  520.0
266.3101806640625  218.0
345.6902160644531  304.0
563.6535034179688  562.0
652.6271362304688  649.0
542.8798217773438  531.0
242.57237243652344  228.0
195.7911834716797  171.0
419.99676513671875  459.0
568.781005859375  580.0
608.8505249023438  578.0
525.4876708984375  508.0
544.087158203125  618.0
295.1641540527344  278.0
292.54730224609375  293.0
192.49365234375  188.0
354.4564208984375  380.0
565.919921875  613.0
398.60552978515625  421.0
366.45391845703125  267.0
319.2455749511719  319.0
509.1590881347656  518.0
545.7117919921875  560.0
322.4306945800781  350.0
465.56524658203125  519.0
444.9551696777344  563.0
249.16043090820312  251.0
350.8628234863281  325.0
335.9607849121094  313.0
343.430908203125  397.0
289.08526611328125  259.0
213.2540740966797  130.0
329.6357116699219  265.0
417.2962341308594  373.0
532.1034545898438  493.0
640.7689208984375  560.0
363.7889099121094  368.0
371.9275207519531  379.0
382.5324401855469  347.0
330.8011779785156  273.0
535.9708251953125  541.0
543.1015625  563.0
515.620361328125  503.0
194.58670043945312  213.0
356.40460205078125  329.0
308.31060791015625  348.0
392.66046142578125  363.0
588.1829833984375  565.0
MSE : 1745.47153809568
MAPE : 8.094888213532933
R2 Score : 0.9033320856316719
time : 1791.1780312679766
