564.736328125  537.0
205.96009826660156  204.0
565.1900024414062  545.0
408.3236083984375  318.0
548.2153930664062  526.0
348.1253356933594  349.0
518.1824951171875  509.0
326.13580322265625  316.0
390.6705627441406  363.0
303.6117858886719  226.0
637.831787109375  545.0
253.27392578125  253.0
228.9863739013672  203.0
574.7125854492188  619.0
264.0268249511719  270.0
188.65196228027344  215.0
409.093994140625  393.0
241.79371643066406  235.0
550.2733154296875  531.0
413.918212890625  407.0
385.24578857421875  380.0
308.86541748046875  199.0
374.3387451171875  353.0
529.0188598632812  541.0
680.1138305664062  678.0
326.0981140136719  344.0
599.9884643554688  545.0
372.438720703125  392.0
532.8397827148438  584.0
685.1364135742188  595.0
394.8984375  387.0
580.5033569335938  604.0
498.20361328125  520.0
569.9365844726562  603.0
560.6760864257812  630.0
556.0128784179688  513.0
553.0087280273438  538.0
402.6524353027344  329.0
384.93609619140625  403.0
288.4443664550781  348.0
683.7227172851562  632.0
490.65728759765625  500.0
682.6964721679688  618.0
574.8523559570312  560.0
279.73321533203125  304.0
346.3636169433594  366.0
550.730224609375  520.0
657.9650268554688  590.0
376.2190246582031  379.0
502.46295166015625  498.0
186.7741241455078  197.0
498.5940246582031  538.0
570.1201782226562  590.0
515.4725341796875  474.0
317.36480712890625  300.0
465.213623046875  548.0
347.4276123046875  328.0
249.18869018554688  278.0
550.2369995117188  527.0
330.5698547363281  187.0
233.8116455078125  257.0
376.04718017578125  362.0
575.2073364257812  527.0
372.283935546875  409.0
326.505126953125  313.0
416.873291015625  360.0
318.0220947265625  323.0
299.39202880859375  249.0
509.51116943359375  490.0
395.74658203125  385.0
498.3554382324219  521.0
580.4014282226562  626.0
223.08413696289062  272.0
558.76611328125  606.0
407.436279296875  360.0
405.51312255859375  396.0
260.135009765625  206.0
485.3625183105469  492.0
359.95947265625  359.0
541.98681640625  536.0
588.2432861328125  621.0
215.6461181640625  213.0
412.52569580078125  191.0
563.5855712890625  606.0
594.1537475585938  604.0
681.7191772460938  673.0
213.84820556640625  216.0
553.6997680664062  411.0
537.9546508789062  493.0
411.3421630859375  388.0
683.1439819335938  668.0
501.50360107421875  500.0
MSE : 2400.168152454109
MAPE : 9.682622440507858
R2 Score : 0.8793014910947116
time : 1857.3983531520062
