610.66015625  593.0
578.1669921875  542.0
355.44793701171875  314.0
350.755859375  319.0
625.8331298828125  763.0
207.45782470703125  152.0
611.381591796875  557.0
346.9879455566406  279.0
608.24560546875  582.0
515.7911376953125  495.0
579.9487915039062  512.0
513.6005249023438  508.0
551.6610107421875  533.0
623.1461791992188  615.0
512.0611572265625  494.0
514.1771240234375  529.0
351.3049621582031  363.0
538.02392578125  520.0
227.181640625  218.0
580.4208984375  607.0
352.6088562011719  329.0
214.64967346191406  190.0
215.7993927001953  430.0
283.47900390625  348.0
234.0086212158203  223.0
349.7381896972656  433.0
516.7339477539062  521.0
612.36572265625  569.0
586.4511108398438  578.0
587.326904296875  773.0
206.34613037109375  293.0
538.4794921875  525.0
313.2264709472656  255.0
275.2467956542969  270.0
613.072265625  581.0
539.5770874023438  457.0
531.507080078125  523.0
253.7724609375  240.0
542.2117919921875  494.0
520.8602294921875  530.0
592.9013671875  603.0
234.7841033935547  211.0
389.42926025390625  384.0
608.1688232421875  569.0
524.7433471679688  519.0
511.872802734375  512.0
558.6380615234375  584.0
411.778564453125  407.0
567.2430419921875  529.0
358.9109191894531  415.0
592.97265625  563.0
570.3375244140625  530.0
220.45553588867188  208.0
291.0348205566406  301.0
393.59765625  368.0
611.3480834960938  589.0
508.31982421875  513.0
398.54425048828125  396.0
530.57763671875  497.0
613.3724975585938  618.0
555.0087890625  557.0
249.5120086669922  239.0
583.7071533203125  508.0
216.7940673828125  207.0
613.5125732421875  573.0
509.0755310058594  484.0
391.6092529296875  393.0
246.38284301757812  219.0
505.94500732421875  518.0
512.29931640625  600.0
397.0646667480469  475.0
357.35003662109375  377.0
568.3916015625  551.0
508.9324035644531  478.0
575.8544311523438  616.0
559.9287109375  493.0
530.0836181640625  484.0
524.7216186523438  537.0
390.31817626953125  386.0
511.4854736328125  483.0
558.3110961914062  517.0
207.97267150878906  203.0
613.9485473632812  547.0
349.36077880859375  330.0
564.6427612304688  562.0
389.92669677734375  387.0
505.07415771484375  562.0
330.96063232421875  278.0
219.2523193359375  207.0
246.3414306640625  235.0
473.6330261230469  478.0
531.6686401367188  538.0
390.2060546875  418.0
297.122802734375  310.0
412.0238037109375  403.0
226.77178955078125  213.0
569.0869140625  550.0
382.6850280761719  413.0
536.3770141601562  551.0
570.578369140625  559.0
MSE : 2203.269891159465
MAPE : 7.51115788226027
R2 Score : 0.8817417621752277
time : 2282.9645523319487
