595.7022094726562  411.0
423.9401550292969  419.0
521.2784423828125  500.0
521.6452026367188  529.0
202.39669799804688  204.0
578.8575439453125  493.0
573.7987060546875  552.0
498.26470947265625  501.0
291.71234130859375  393.0
367.92401123046875  359.0
566.9410400390625  535.0
605.5767822265625  656.0
345.1863098144531  330.0
477.59185791015625  467.0
530.806640625  522.0
565.0698852539062  563.0
520.2584228515625  525.0
425.75042724609375  411.0
368.258056640625  387.0
477.68756103515625  500.0
255.79257202148438  229.0
379.32843017578125  384.0
583.8346557617188  494.0
579.7655029296875  589.0
598.3699951171875  773.0
357.36334228515625  415.0
351.94915771484375  348.0
426.19769287109375  393.0
334.13494873046875  321.0
322.4268798828125  380.0
361.5205078125  333.0
352.3769836425781  360.0
563.7332763671875  562.0
292.0215148925781  379.0
456.3304443359375  378.0
377.59271240234375  360.0
435.96746826171875  403.0
348.04669189453125  335.0
293.57025146484375  308.0
581.6204223632812  478.0
530.96533203125  521.0
346.8583068847656  410.0
293.115234375  324.0
335.2836608886719  329.0
580.3577880859375  626.0
576.8513793945312  584.0
521.7423095703125  520.0
325.792724609375  324.0
356.7479248046875  298.0
243.3663330078125  239.0
545.500732421875  618.0
526.8070678710938  562.0
591.7467651367188  638.0
499.088134765625  538.0
285.2991027832031  251.0
522.1409912109375  523.0
528.9258422851562  520.0
207.97325134277344  228.0
599.7378540039062  557.0
658.590576171875  649.0
419.04840087890625  392.0
370.59613037109375  360.0
534.5543212890625  520.0
514.6441040039062  475.0
572.7633666992188  546.0
426.66424560546875  411.0
578.0792236328125  539.0
505.2509765625  518.0
514.5167236328125  401.0
379.5007019042969  416.0
576.3370971679688  580.0
574.3779296875  580.0
304.353515625  315.0
344.09381103515625  348.0
381.0508728027344  355.0
384.97808837890625  406.0
635.662109375  673.0
574.1749877929688  606.0
297.62060546875  217.0
563.744384765625  565.0
542.7645874023438  565.0
591.665283203125  561.0
502.51806640625  554.0
512.2578125  520.0
541.0028686523438  542.0
392.8594970703125  402.0
520.640625  482.0
585.881591796875  563.0
264.4004821777344  228.0
316.05352783203125  313.0
210.05911254882812  207.0
340.0273742675781  265.0
421.4530029296875  422.0
572.7924194335938  545.0
346.89013671875  344.0
576.356689453125  579.0
420.853759765625  319.0
591.97705078125  551.0
552.8711547851562  568.0
549.0809326171875  536.0
MSE : 2128.983684577851
MAPE : 7.364525332744054
R2 Score : 0.8560623877192427
time : 2421.0233210430015
