555.137939453125  555.0
559.1478271484375  501.0
263.84063720703125  378.0
350.5148620605469  358.0
316.16473388671875  228.0
461.44744873046875  478.0
450.3097229003906  403.0
391.7781982421875  363.0
559.0587158203125  589.0
558.8548583984375  581.0
389.9422302246094  324.0
558.42431640625  550.0
393.5650634765625  300.0
284.8052673339844  283.0
557.3587036132812  493.0
557.3004760742188  493.0
558.4808349609375  550.0
406.9526672363281  433.0
350.1725158691406  392.0
559.5252685546875  482.0
414.4797668457031  331.0
280.3332824707031  286.0
247.43646240234375  251.0
559.1920776367188  488.0
559.3658447265625  528.0
355.5527038574219  482.0
213.0032501220703  206.0
493.7544250488281  363.0
308.1513977050781  388.0
557.23779296875  563.0
555.5068359375  552.0
385.2629089355469  350.0
558.664794921875  536.0
373.9805603027344  315.0
558.225830078125  633.0
559.4918212890625  486.0
521.9811401367188  519.0
264.75750732421875  293.0
558.224853515625  535.0
555.0300903320312  606.0
558.2147827148438  685.0
559.4222412109375  584.0
558.5745849609375  565.0
399.3995056152344  362.0
494.4278869628906  505.0
296.6092224121094  284.0
558.4620971679688  534.0
383.3036193847656  363.0
249.2733917236328  197.0
552.6468505859375  555.0
559.5706787109375  467.0
213.66311645507812  195.0
277.66253662109375  251.0
523.58056640625  458.0
220.39439392089844  194.0
388.4835510253906  385.0
313.8612976074219  319.0
312.7894592285156  206.0
380.4357604980469  195.0
559.0352783203125  529.0
236.61402893066406  171.0
324.2235412597656  187.0
559.2918701171875  551.0
332.64276123046875  313.0
557.5299072265625  650.0
558.3554077148438  508.0
547.6226806640625  592.0
534.53271484375  638.0
558.266357421875  560.0
505.3954162597656  499.0
399.79425048828125  432.0
559.413330078125  538.0
558.86865234375  599.0
408.5019836425781  360.0
559.4771118164062  563.0
202.8529815673828  152.0
554.9388427734375  503.0
559.5518188476562  503.0
271.77960205078125  235.0
314.17974853515625  207.0
559.0460815429688  539.0
558.869140625  481.0
557.5572509765625  573.0
559.3062133789062  557.0
553.38916015625  632.0
432.6699523925781  430.0
399.14129638671875  333.0
559.4781494140625  603.0
381.2565002441406  348.0
261.4217834472656  205.0
559.24755859375  630.0
MSE : 3493.0871587425067
MAPE : 13.019301473931224
R2 Score : 0.8225878613118446
time : 401.1329499059939
