592.4523315429688  616.0
511.94561767578125  484.0
642.7460327148438  632.0
615.3373413085938  765.0
665.0379028320312  678.0
430.30804443359375  363.0
512.3704833984375  528.0
674.2658081054688  649.0
238.59512329101562  251.0
559.43408203125  564.0
556.791015625  546.0
546.1334838867188  650.0
369.57861328125  330.0
658.3843383789062  593.0
371.9766845703125  360.0
192.12176513671875  130.0
334.5498352050781  333.0
278.8210144042969  195.0
429.3861999511719  378.0
523.5377197265625  557.0
221.63873291015625  190.0
358.41290283203125  373.0
303.8616638183594  425.0
525.029296875  508.0
631.078369140625  616.0
244.92088317871094  272.0
511.5369873046875  474.0
355.2023010253906  416.0
513.0103149414062  488.0
256.3863525390625  390.0
279.1922607421875  251.0
348.12701416015625  345.0
517.4371337890625  470.0
388.64483642578125  366.0
420.74029541015625  407.0
312.6664733886719  379.0
409.48748779296875  389.0
377.6328125  368.0
513.69091796875  545.0
470.7220458984375  419.0
208.37892150878906  273.0
340.1831970214844  279.0
598.4862670898438  580.0
622.2421875  546.0
476.8240966796875  493.0
518.2976684570312  490.0
407.779541015625  403.0
552.9536743164062  561.0
319.0462951660156  321.0
326.26275634765625  373.0
433.8543395996094  411.0
493.8643493652344  493.0
557.7346801757812  566.0
248.9634552001953  228.0
522.4885864257812  513.0
515.6122436523438  484.0
510.59716796875  501.0
334.97271728515625  315.0
198.54457092285156  221.0
213.75399780273438  194.0
436.0205383300781  384.0
267.9103088378906  331.0
559.7556762695312  560.0
228.6468963623047  390.0
648.3060913085938  603.0
571.2349243164062  556.0
589.7849731445312  545.0
625.2525024414062  547.0
218.3436737060547  255.0
526.2674560546875  512.0
513.6873168945312  482.0
444.41461181640625  419.0
309.3438720703125  253.0
543.1734619140625  563.0
412.087158203125  363.0
490.35162353515625  563.0
529.806640625  542.0
524.2106323242188  563.0
565.1808471679688  584.0
507.51171875  473.0
526.301025390625  545.0
509.31414794921875  508.0
528.3428955078125  522.0
508.5150146484375  488.0
326.1993713378906  333.0
408.1790466308594  358.0
417.4681396484375  573.0
547.9773559570312  528.0
260.79595947265625  249.0
297.625732421875  418.0
546.3684692382812  531.0
509.2739562988281  583.0
298.35870361328125  293.0
543.5015869140625  533.0
537.3211059570312  523.0
518.62060546875  527.0
515.9306030273438  478.0
304.2735290527344  311.0
551.2116088867188  560.0
288.33740234375  283.0
MSE : 2461.645854304782
MAPE : 8.973370688504344
R2 Score : 0.8505286077120129
time : 977.3575081459712
