354.7399597167969  373.0
325.9313049316406  330.0
340.0620422363281  345.0
483.9267272949219  500.0
559.0278930664062  538.0
328.5422668457031  344.0
219.35536193847656  213.0
319.9624328613281  318.0
197.76698303222656  171.0
397.55157470703125  384.0
214.0846710205078  208.0
559.110595703125  603.0
518.1287841796875  541.0
534.1134033203125  549.0
591.314453125  552.0
669.8043212890625  658.0
215.8670196533203  197.0
542.3685302734375  528.0
370.6502990722656  413.0
475.97344970703125  538.0
244.32235717773438  272.0
605.3425903320312  590.0
391.2637634277344  420.0
564.2476806640625  551.0
563.8399658203125  563.0
237.30616760253906  205.0
562.1229248046875  544.0
599.2440795898438  619.0
368.9140930175781  315.0
354.8992919921875  363.0
304.2322082519531  333.0
622.0762939453125  547.0
537.7040405273438  551.0
212.6001434326172  192.0
563.9292602539062  561.0
357.8078918457031  355.0
509.7606506347656  513.0
576.7916870117188  550.0
268.738037109375  260.0
279.5855712890625  207.0
362.0819091796875  378.0
566.2767333984375  564.0
179.8233184814453  331.0
516.147705078125  531.0
554.8125610351562  517.0
267.8267822265625  249.0
426.3840637207031  419.0
404.56842041015625  410.0
607.9804077148438  606.0
360.23040771484375  433.0
504.6105041503906  523.0
386.0480041503906  393.0
302.14630126953125  253.0
316.72906494140625  348.0
516.0272827148438  668.0
374.9352722167969  256.0
658.2518920898438  765.0
425.7796325683594  505.0
594.3059692382812  550.0
314.6163024902344  324.0
203.6859893798828  209.0
373.58111572265625  378.0
357.2565002441406  374.0
367.4784240722656  384.0
407.8425598144531  422.0
502.6296691894531  521.0
493.4711608886719  503.0
372.29595947265625  366.0
659.1992797851562  560.0
336.10284423828125  298.0
300.9219665527344  313.0
397.2911682128906  374.0
511.7842102050781  624.0
499.7100524902344  519.0
474.1172790527344  520.0
557.08349609375  613.0
437.8387451171875  493.0
383.8469543457031  411.0
259.3609924316406  226.0
269.42724609375  253.0
420.5597229003906  411.0
610.6656494140625  668.0
503.7913513183594  520.0
293.0734558105469  281.0
465.50372314453125  459.0
455.0525817871094  363.0
262.3135681152344  257.0
629.011474609375  656.0
141.86068725585938  199.0
275.13092041015625  319.0
643.5157470703125  670.0
378.1954040527344  380.0
610.7140502929688  643.0
345.7801818847656  328.0
486.2263488769531  618.0
521.5994873046875  508.0
326.00537109375  327.0
464.0476379394531  449.0
464.6133728027344  482.0
383.1868896484375  376.0
MSE : 1990.4402655037306
MAPE : 7.623850512030746
R2 Score : 0.8970290019779441
time : 1414.3271487189922
