580.1226806640625  537.0
243.03677368164062  204.0
574.6410522460938  545.0
416.0321960449219  318.0
536.0426025390625  526.0
332.449951171875  349.0
580.6476440429688  509.0
277.96875  316.0
380.98382568359375  363.0
381.88616943359375  226.0
533.3931274414062  545.0
217.14825439453125  253.0
236.45806884765625  203.0
594.6491088867188  619.0
294.096435546875  270.0
199.8282928466797  215.0
402.9786376953125  393.0
236.1031951904297  235.0
597.2337646484375  531.0
415.3480224609375  407.0
371.8972473144531  380.0
327.75201416015625  199.0
382.6404724121094  353.0
556.966796875  541.0
622.5033569335938  678.0
333.703857421875  344.0
604.4356079101562  545.0
409.0132141113281  392.0
622.7156372070312  584.0
385.2469787597656  595.0
391.0597839355469  387.0
619.0040283203125  604.0
506.8094177246094  520.0
514.0018310546875  603.0
620.169921875  630.0
602.3724975585938  513.0
550.8489990234375  538.0
363.7545471191406  329.0
395.5321960449219  403.0
324.8519592285156  348.0
571.4203491210938  632.0
502.9313659667969  500.0
621.3501586914062  618.0
570.0636596679688  560.0
296.595458984375  304.0
373.0231628417969  366.0
615.8466796875  520.0
621.8828735351562  590.0
309.8565979003906  379.0
406.7387390136719  498.0
205.37831115722656  197.0
470.8672180175781  538.0
605.47998046875  590.0
502.64288330078125  474.0
297.95196533203125  300.0
567.2421264648438  548.0
375.3642883300781  328.0
249.51927185058594  278.0
562.11376953125  527.0
384.3619079589844  187.0
221.90208435058594  257.0
358.3512268066406  362.0
598.3032836914062  527.0
349.3733825683594  409.0
258.8947448730469  313.0
380.4240417480469  360.0
322.5748596191406  323.0
317.0469055175781  249.0
553.6272583007812  490.0
380.8312683105469  385.0
506.60992431640625  521.0
609.2476806640625  626.0
278.5767517089844  272.0
622.529052734375  606.0
380.6623840332031  360.0
403.6067810058594  396.0
343.361083984375  206.0
562.2241821289062  492.0
373.8548278808594  359.0
575.6708984375  536.0
606.2119140625  621.0
238.00167846679688  213.0
403.69561767578125  191.0
622.221923828125  606.0
560.2716064453125  604.0
615.2576904296875  673.0
216.60939025878906  216.0
607.8046264648438  411.0
554.4251098632812  493.0
590.6118774414062  388.0
622.559814453125  668.0
466.55792236328125  500.0
MSE : 4415.386737583079
MAPE : 12.827924705882884
R2 Score : 0.7779611420468369
time : 852.2169959480088
