517.6851806640625  539.0
293.2821350097656  251.0
535.1555786132812  584.0
518.8422241210938  484.0
529.6885986328125  580.0
340.8714599609375  333.0
350.33807373046875  345.0
553.4664916992188  444.0
637.9671630859375  685.0
335.8632507324219  378.0
165.46945190429688  203.0
332.6908264160156  324.0
545.2652587890625  546.0
523.0202026367188  531.0
323.2481384277344  378.0
524.4016723632812  593.0
207.11497497558594  218.0
264.4479675292969  390.0
538.0056762695312  520.0
538.8597412109375  538.0
333.0749206542969  316.0
211.1119842529297  253.0
269.9504699707031  219.0
538.2529296875  501.0
306.7855529785156  330.0
399.9190368652344  385.0
208.32809448242188  221.0
355.16943359375  315.0
537.0731811523438  603.0
518.4678344726562  495.0
345.4493103027344  331.0
573.6041259765625  523.0
530.90087890625  520.0
588.6396484375  519.0
273.82586669921875  283.0
535.0049438476562  533.0
425.8413391113281  459.0
368.6689453125  368.0
517.3305053710938  526.0
526.7152709960938  581.0
356.4149475097656  241.0
581.109130859375  621.0
405.039794921875  493.0
354.5971984863281  330.0
542.5277709960938  584.0
404.1562194824219  418.0
382.4965515136719  327.0
516.2171020507812  478.0
537.5844116210938  545.0
519.5355224609375  773.0
590.7317504882812  575.0
551.6068115234375  583.0
553.9248657226562  673.0
331.0721740722656  374.0
520.6036376953125  508.0
636.5098266601562  763.0
574.0191650390625  519.0
381.4713439941406  337.0
538.2778930664062  555.0
360.023193359375  423.0
349.19451904296875  273.0
515.7957763671875  538.0
398.04791259765625  410.0
520.848388671875  531.0
161.57559204101562  173.0
403.6507873535156  394.0
380.0910339355469  344.0
530.8058471679688  512.0
337.4825744628906  409.0
545.652099609375  568.0
260.36328125  240.0
519.9609985351562  589.0
471.7320251464844  503.0
550.2772827148438  580.0
637.7161254882812  613.0
365.745361328125  349.0
582.1375122070312  563.0
550.4194946289062  498.0
551.7999877929688  538.0
515.7977905273438  522.0
416.4888000488281  403.0
367.9321594238281  315.0
241.22869873046875  260.0
320.0990905761719  220.0
333.87689208984375  310.0
531.8519897460938  508.0
392.6042785644531  403.0
520.2180786132812  523.0
213.16307067871094  266.0
548.25830078125  559.0
255.1693572998047  253.0
528.69140625  513.0
385.9914855957031  359.0
520.952880859375  467.0
277.2392883300781  363.0
517.8108520507812  569.0
424.7349853515625  600.0
570.2412109375  503.0
307.7022705078125  418.0
579.3407592773438  563.0
MSE : 3163.4273260645846
MAPE : 9.54975292126314
R2 Score : 0.8179969034388948
time : 1789.0873314469936
