466.2075500488281  420.0
489.62286376953125  475.0
530.075439453125  568.0
236.30130004882812  203.0
378.2376403808594  376.0
529.9423217773438  563.0
529.923583984375  668.0
374.1785583496094  423.0
224.07237243652344  293.0
288.36346435546875  331.0
529.0512084960938  538.0
529.5053100585938  528.0
329.3677062988281  365.0
530.0941772460938  561.0
528.7830200195312  388.0
310.3147888183594  358.0
402.7690734863281  397.0
456.569580078125  600.0
270.6171875  318.0
309.8450012207031  343.0
239.6266632080078  213.0
529.8678588867188  532.0
411.9974365234375  355.0
382.1032409667969  418.0
399.86126708984375  233.0
529.8225708007812  519.0
528.7568359375  658.0
529.5343017578125  500.0
529.3726196289062  569.0
529.2091674804688  499.0
528.425537109375  444.0
410.7628479003906  255.0
288.8601379394531  233.0
529.874755859375  523.0
529.9384765625  508.0
529.9976196289062  493.0
262.7569885253906  239.0
529.7855224609375  458.0
237.87892150878906  249.0
527.2890625  581.0
437.4847717285156  315.0
530.0709838867188  562.0
283.3888854980469  266.0
530.07177734375  493.0
528.7527465820312  618.0
365.4443359375  327.0
529.5767822265625  580.0
302.32855224609375  257.0
398.3620300292969  393.0
529.80908203125  525.0
362.0013122558594  199.0
423.7590637207031  503.0
294.70263671875  205.0
529.866455078125  533.0
529.971435546875  573.0
530.1281127929688  607.0
529.7946166992188  503.0
507.2374572753906  407.0
529.8665771484375  536.0
529.983154296875  459.0
228.94674682617188  211.0
273.4384765625  301.0
529.6412353515625  560.0
342.4012756347656  398.0
291.38604736328125  321.0
393.9784240722656  387.0
530.1963500976562  773.0
530.1507568359375  568.0
530.1483764648438  763.0
317.56671142578125  251.0
370.78424072265625  315.0
320.7583923339844  393.0
529.9278564453125  529.0
245.1813201904297  254.0
530.0570678710938  592.0
529.6680908203125  563.0
457.2488098144531  410.0
528.2882080078125  478.0
251.00022888183594  272.0
529.990478515625  493.0
438.9672546386719  358.0
442.7403564453125  318.0
379.8280334472656  392.0
530.012451171875  545.0
529.8942260742188  549.0
529.6123657226562  541.0
529.9876098632812  544.0
529.7450561523438  503.0
280.0845947265625  203.0
529.829345703125  467.0
270.4701232910156  194.0
529.7561645507812  527.0
279.21636962890625  286.0
529.4495239257812  578.0
290.44073486328125  330.0
529.8170776367188  508.0
529.615966796875  658.0
375.7688293457031  324.0
529.7621459960938  449.0
365.458251953125  272.0
MSE : 5005.525463235157
MAPE : 13.815385951098333
R2 Score : 0.7305563749614741
time : 501.1219482391607
