498.3901672363281  526.0
491.2019958496094  488.0
605.3023681640625  623.0
569.5904541015625  580.0
168.94638061523438  152.0
414.7446594238281  256.0
328.6518249511719  324.0
296.9821472167969  253.0
492.3813171386719  501.0
448.9823913574219  419.0
310.6217346191406  373.0
387.8725891113281  355.0
568.1087036132812  550.0
382.4074401855469  384.0
529.6137084960938  497.0
203.39208984375  197.0
531.39990234375  534.0
185.6409149169922  194.0
228.35696411132812  206.0
528.8197021484375  513.0
515.6143188476562  444.0
356.1382751464844  392.0
232.3933563232422  219.0
306.52081298828125  363.0
471.5899353027344  482.0
285.3745422363281  251.0
647.624755859375  685.0
380.56988525390625  384.0
212.72543334960938  194.0
557.288330078125  545.0
570.152587890625  603.0
392.132568359375  626.0
161.68975830078125  199.0
320.6355895996094  365.0
433.9041748046875  419.0
293.8847961425781  373.0
371.1372985839844  218.0
734.2977294921875  633.0
216.305908203125  243.0
391.85186767578125  418.0
535.6178588867188  632.0
550.4026489257812  539.0
315.6239929199219  330.0
349.3520812988281  306.0
483.7083435058594  488.0
574.2913208007812  618.0
492.0384826660156  378.0
196.48838806152344  255.0
210.1775360107422  197.0
374.4154052734375  362.0
470.3400573730469  473.0
511.7406311035156  411.0
374.3353576660156  394.0
387.2391357421875  538.0
508.4885559082031  520.0
656.9442138671875  547.0
374.3199768066406  325.0
617.0142211914062  530.0
483.4749755859375  481.0
348.4507751464844  314.0
467.7179260253906  422.0
377.2842712402344  409.0
717.6099853515625  763.0
481.3905334472656  517.0
546.636474609375  603.0
534.5308227539062  562.0
359.47271728515625  420.0
576.5174560546875  573.0
559.4876708984375  581.0
338.7333984375  199.0
544.8807373046875  440.0
525.0947875976562  478.0
540.2020263671875  541.0
526.2490234375  600.0
370.3614196777344  378.0
408.0091857910156  406.0
223.6703338623047  203.0
390.2195739746094  413.0
321.5018310546875  313.0
491.6643371582031  532.0
549.0909423828125  494.0
524.1424560546875  537.0
264.5288391113281  270.0
201.58447265625  204.0
462.6710510253906  519.0
362.98516845703125  265.0
563.5831298828125  562.0
553.616455078125  658.0
528.1000366210938  603.0
329.4102478027344  316.0
225.8231964111328  195.0
531.745849609375  559.0
508.3514709472656  500.0
394.8487854003906  363.0
381.6062927246094  187.0
247.66485595703125  205.0
545.1912231445312  567.0
250.83448791503906  286.0
MSE : 3772.3996927701482
MAPE : 11.857145686567042
R2 Score : 0.8186477828827186
time : 2338.124401732988
