485.55194091796875  401.0
537.4638671875  503.0
535.06787109375  547.0
304.07073974609375  390.0
396.3922424316406  393.0
509.59124755859375  485.0
543.1644287109375  523.0
337.6932373046875  343.0
540.2321166992188  565.0
422.08526611328125  385.0
557.8723754882812  531.0
489.73486328125  407.0
282.02740478515625  467.0
261.2298583984375  226.0
310.97381591796875  324.0
293.3880920410156  423.0
236.42709350585938  272.0
481.65191650390625  457.0
619.0410766601562  618.0
467.8726806640625  191.0
516.1590576171875  502.0
557.9623413085938  603.0
421.5340576171875  359.0
521.8947143554688  531.0
556.6148071289062  533.0
540.1566772460938  495.0
598.3963623046875  520.0
246.56912231445312  206.0
312.30999755859375  378.0
539.8869018554688  520.0
233.4896240234375  190.0
313.42291259765625  241.0
342.98089599609375  380.0
441.2934875488281  392.0
517.5604858398438  503.0
405.22601318359375  482.0
381.73199462890625  333.0
529.6444091796875  564.0
545.2181396484375  520.0
471.0183410644531  672.0
220.25711059570312  209.0
276.6388244628906  348.0
379.0858154296875  359.0
326.0782165527344  330.0
292.8330078125  283.0
329.351318359375  319.0
362.11492919921875  377.0
294.8373107910156  378.0
269.75714111328125  302.0
547.8488159179688  581.0
242.05224609375  253.0
316.2329406738281  363.0
597.0823364257812  595.0
584.2904663085938  536.0
286.5578308105469  152.0
638.2329711914062  668.0
492.50933837890625  423.0
555.0322875976562  567.0
504.43548583984375  533.0
534.324951171875  519.0
270.69671630859375  378.0
541.777099609375  503.0
604.2904663085938  654.0
415.5176696777344  406.0
405.44140625  395.0
498.63031005859375  568.0
515.314453125  482.0
418.75946044921875  418.0
401.99688720703125  421.0
262.2515869140625  260.0
336.82415771484375  420.0
209.6397705078125  208.0
538.2402954101562  523.0
374.29681396484375  330.0
221.0227813720703  194.0
576.3173828125  552.0
325.68719482421875  324.0
635.4281005859375  581.0
302.63665771484375  355.0
290.81298828125  203.0
551.294189453125  503.0
297.9241027832031  256.0
313.60028076171875  327.0
297.50457763671875  319.0
535.3994750976562  499.0
367.47271728515625  243.0
308.38433837890625  315.0
384.9154052734375  350.0
654.6096801757812  765.0
605.4020385742188  649.0
277.0147399902344  323.0
407.0017395019531  373.0
597.693359375  653.0
524.2662353515625  411.0
410.05377197265625  353.0
480.3208312988281  430.0
534.2388305664062  519.0
MSE : 4052.2255009045925
MAPE : 12.868723040523044
R2 Score : 0.7639302119158299
time : 411.43804205999186
