456.4572448730469  411.0
430.8294677734375  419.0
558.2191162109375  500.0
535.0671997070312  529.0
188.49871826171875  204.0
438.59368896484375  493.0
624.1061401367188  552.0
513.564208984375  501.0
422.24749755859375  393.0
325.08709716796875  359.0
542.3344116210938  535.0
565.7388305664062  656.0
333.6583251953125  330.0
507.2100524902344  467.0
516.1032104492188  522.0
521.2401123046875  563.0
539.2435913085938  525.0
478.5849914550781  411.0
402.2375793457031  387.0
509.2493896484375  500.0
267.3621826171875  229.0
378.3265075683594  384.0
554.6138916015625  494.0
563.8972778320312  626.0
626.2551879882812  773.0
383.1185302734375  415.0
350.17132568359375  348.0
390.27288818359375  406.0
315.09857177734375  321.0
362.098876953125  380.0
340.989501953125  333.0
343.67218017578125  360.0
588.4801025390625  562.0
303.15283203125  379.0
401.06439208984375  378.0
381.1388244628906  360.0
411.67059326171875  403.0
344.0849609375  335.0
300.4061584472656  308.0
501.77777099609375  478.0
492.3020935058594  521.0
370.0326843261719  410.0
354.87213134765625  324.0
369.14501953125  329.0
570.853759765625  562.0
514.7750854492188  520.0
321.91827392578125  324.0
332.72198486328125  298.0
276.986328125  239.0
631.3681640625  618.0
671.3013916015625  638.0
544.1781616210938  538.0
289.6417236328125  251.0
493.017578125  523.0
575.2664794921875  520.0
252.93231201171875  228.0
557.6820678710938  557.0
634.9644775390625  649.0
347.79705810546875  392.0
341.8844299316406  360.0
553.8369750976562  520.0
532.9508056640625  475.0
624.5151977539062  546.0
411.28277587890625  411.0
572.6554565429688  539.0
515.01953125  518.0
366.45928955078125  401.0
380.66680908203125  416.0
551.2450561523438  580.0
620.0996704101562  580.0
374.2785339355469  315.0
328.0338439941406  348.0
366.7440490722656  355.0
624.2476196289062  673.0
580.298828125  606.0
266.5842590332031  217.0
592.5614624023438  565.0
539.24658203125  565.0
593.6737060546875  561.0
559.9041137695312  554.0
534.4465942382812  520.0
555.342529296875  542.0
353.37542724609375  402.0
512.497314453125  482.0
514.8436279296875  563.0
255.28317260742188  228.0
321.74658203125  313.0
242.38858032226562  207.0
364.55364990234375  265.0
554.3370971679688  422.0
590.2952270507812  545.0
345.991943359375  344.0
587.5361328125  579.0
309.15557861328125  319.0
624.1350708007812  551.0
580.3255004882812  568.0
561.1304321289062  536.0
MSE : 1689.2843415338123
MAPE : 7.441339802075736
R2 Score : 0.8860666795346748
time : 2512.901511270087
