525.851318359375  546.0
503.8863525390625  473.0
169.0557403564453  206.0
400.4681396484375  403.0
542.2865600585938  552.0
602.3812866210938  649.0
299.85357666015625  329.0
281.7257995605469  228.0
511.79541015625  519.0
597.3927612304688  653.0
527.8656616210938  490.0
586.3102416992188  678.0
573.2672119140625  621.0
552.0089721679688  530.0
563.2664794921875  566.0
180.7283477783203  204.0
383.32025146484375  384.0
565.3335571289062  581.0
516.6642456054688  518.0
524.4876098632812  491.0
584.6922607421875  563.0
568.0602416992188  551.0
397.28607177734375  418.0
268.32330322265625  308.0
267.16387939453125  251.0
680.3358764648438  563.0
419.3953857421875  419.0
192.21226501464844  152.0
524.025146484375  488.0
524.855224609375  517.0
592.5701293945312  668.0
598.4276123046875  615.0
217.90782165527344  221.0
322.77642822265625  387.0
426.83148193359375  355.0
377.4139709472656  256.0
396.86712646484375  482.0
522.4581909179688  673.0
362.68927001953125  233.0
323.424560546875  315.0
566.5869750976562  573.0
511.9423828125  493.0
262.8838195800781  249.0
549.8475952148438  530.0
298.9178466796875  324.0
514.6958618164062  495.0
518.9059448242188  658.0
581.89013671875  587.0
560.031494140625  569.0
197.86940002441406  194.0
578.3430786132812  615.0
375.767333984375  409.0
393.3241882324219  397.0
547.3912353515625  539.0
515.0947265625  508.0
565.748779296875  590.0
382.90081787109375  373.0
440.39447021484375  401.0
550.9452514648438  545.0
404.7974853515625  419.0
572.4464721679688  590.0
568.6770629882812  569.0
258.25018310546875  283.0
539.3677978515625  583.0
395.83648681640625  379.0
314.7630615234375  331.0
568.7343139648438  589.0
400.83709716796875  475.0
509.24127197265625  485.0
219.80128479003906  235.0
526.1942749023438  537.0
559.1845092773438  626.0
481.8808898925781  503.0
428.7476806640625  388.0
252.3206329345703  253.0
529.2354125976562  503.0
533.7957763671875  532.0
520.1336059570312  470.0
516.4537963867188  529.0
392.7654724121094  344.0
269.97833251953125  358.0
204.1441192626953  209.0
513.78271484375  488.0
563.3099975585938  550.0
343.91680908203125  378.0
302.1294860839844  270.0
419.5930480957031  473.0
379.762939453125  378.0
586.8158569335938  658.0
368.231201171875  418.0
316.514892578125  301.0
378.1741943359375  363.0
563.7051391601562  603.0
547.677734375  568.0
478.9957580566406  449.0
207.5982208251953  216.0
414.80975341796875  378.0
362.08990478515625  359.0
393.1715393066406  384.0
555.1004028320312  556.0
MSE : 1980.8558817286998
MAPE : 7.638421074022739
R2 Score : 0.8903557439086925
time : 2057.551693649031
