416.8531494140625  311.0
635.7236938476562  673.0
736.037841796875  643.0
544.1908569335938  493.0
179.0022735595703  203.0
526.1044311523438  618.0
296.52838134765625  308.0
262.5228271484375  213.0
379.8084716796875  377.0
515.0302124023438  551.0
186.4649200439453  196.0
440.41412353515625  503.0
565.0199584960938  556.0
382.9967346191406  384.0
587.0933837890625  569.0
572.19189453125  592.0
489.7528076171875  478.0
305.6612548828125  379.0
385.5044250488281  333.0
339.7869873046875  335.0
384.95068359375  415.0
323.18853759765625  284.0
525.4955444335938  672.0
515.0238647460938  606.0
399.7157897949219  420.0
576.1325073242188  685.0
530.3104858398438  567.0
634.1143188476562  615.0
503.23883056640625  520.0
482.9215087890625  600.0
217.86395263671875  228.0
642.7936401367188  773.0
557.0774536132812  566.0
585.9540405273438  484.0
517.3569946289062  616.0
202.97186279296875  366.0
525.4052734375  522.0
395.3020324707031  350.0
661.0748901367188  619.0
568.8515014648438  584.0
277.1319274902344  243.0
526.9588623046875  500.0
561.7234497070312  513.0
482.3250732421875  481.0
357.9023132324219  315.0
320.1835021972656  421.0
608.6769409179688  569.0
390.10650634765625  416.0
508.6907043457031  508.0
427.23748779296875  411.0
574.0050659179688  624.0
465.6758728027344  467.0
400.5693359375  387.0
528.0466918945312  565.0
560.6500854492188  568.0
736.7947387695312  563.0
358.0220642089844  365.0
224.23336791992188  240.0
506.8719787597656  527.0
648.8182373046875  616.0
352.39007568359375  306.0
654.5032958984375  595.0
630.6522216796875  589.0
201.80953979492188  216.0
349.80029296875  199.0
222.88172912597656  205.0
315.80401611328125  353.0
188.4093780517578  197.0
376.5574645996094  374.0
640.971435546875  589.0
434.87994384765625  505.0
552.6580200195312  545.0
255.85630798339844  265.0
492.58880615234375  523.0
526.0310668945312  526.0
526.9163208007812  549.0
178.7989959716797  173.0
405.9626159667969  418.0
338.0895080566406  315.0
324.16375732421875  295.0
430.6505432128906  430.0
563.351806640625  539.0
622.8956909179688  630.0
504.02099609375  529.0
532.2156372070312  530.0
543.4347534179688  559.0
420.9853210449219  422.0
562.0075073242188  587.0
559.63134765625  555.0
418.4656982421875  423.0
502.9226989746094  503.0
261.2956237792969  278.0
408.3251647949219  417.0
563.106689453125  580.0
371.58551025390625  384.0
284.1441345214844  278.0
493.51873779296875  493.0
398.31915283203125  433.0
575.22314453125  593.0
566.7633056640625  551.0
MSE : 2804.68881047904
MAPE : 8.30951503426229
R2 Score : 0.8530404332574657
time : 4772.101938320004
