184.1960906982422  199.0
300.4244079589844  270.0
501.626220703125  488.0
525.5040893554688  541.0
268.2695007324219  220.0
400.853759765625  394.0
525.2512817382812  525.0
224.21119689941406  240.0
184.40924072265625  203.0
526.6284790039062  474.0
563.4675903320312  517.0
428.13128662109375  331.0
262.70965576171875  363.0
582.7451782226562  554.0
418.11285400390625  363.0
197.1073760986328  268.0
564.5224609375  593.0
559.9779052734375  565.0
267.4085388183594  266.0
242.4958953857422  265.0
610.149658203125  519.0
388.02764892578125  328.0
566.608154296875  538.0
191.15516662597656  191.0
560.9617309570312  449.0
223.73301696777344  209.0
560.0175170898438  515.0
520.80615234375  430.0
365.26953125  348.0
308.65679931640625  199.0
574.0  672.0
200.37599182128906  213.0
416.6261901855469  318.0
635.8946533203125  632.0
391.05084228515625  387.0
367.86029052734375  243.0
417.3311462402344  373.0
486.0159606933594  403.0
244.6789093017578  220.0
353.6548767089844  378.0
582.9220581054688  581.0
627.69970703125  547.0
561.0546264648438  559.0
418.5680236816406  393.0
598.7554931640625  656.0
582.7015991210938  567.0
420.5576477050781  363.0
418.381591796875  385.0
293.6524963378906  319.0
535.1295776367188  600.0
562.6326904296875  668.0
266.20550537109375  213.0
564.4423217773438  552.0
268.6807861328125  228.0
285.415771484375  329.0
240.4625701904297  300.0
360.3892822265625  314.0
252.5812225341797  190.0
255.7740020751953  223.0
623.267822265625  654.0
525.1902465820312  505.0
567.3923950195312  539.0
586.8700561523438  538.0
362.5834655761719  410.0
419.04974365234375  353.0
555.63525390625  551.0
414.437744140625  370.0
551.9085693359375  563.0
208.91598510742188  330.0
418.60565185546875  358.0
506.64739990234375  507.0
386.06170654296875  360.0
235.88722229003906  207.0
523.1276245117188  440.0
576.2854614257812  539.0
617.1340942382812  575.0
412.25213623046875  416.0
610.3118286132812  519.0
608.0332641601562  565.0
398.790771484375  333.0
618.5342407226562  563.0
587.3171997070312  560.0
186.52525329589844  253.0
502.38128662109375  481.0
450.0169677734375  419.0
530.4249877929688  527.0
344.6881103515625  373.0
305.5519714355469  323.0
569.6393432617188  773.0
431.9756774902344  386.0
582.2658081054688  584.0
569.3671264648438  621.0
551.396728515625  503.0
607.45458984375  519.0
533.4398803710938  528.0
203.68739318847656  192.0
250.16941833496094  324.0
566.6159057617188  564.0
516.4829711914062  523.0
498.26373291015625  473.0
MSE : 3118.8004066551453
MAPE : 11.523975266696874
R2 Score : 0.842590765951217
time : 1070.132337165065
