413.91314697265625  390.0
647.6708374023438  444.0
566.91064453125  491.0
412.2015686035156  359.0
335.2732238769531  420.0
230.76864624023438  330.0
480.5535888671875  474.0
677.605712890625  685.0
502.3523254394531  577.0
284.682861328125  316.0
389.43377685546875  384.0
413.5167541503906  418.0
385.09906005859375  410.0
249.5495147705078  538.0
589.765869140625  607.0
534.7750244140625  528.0
325.33428955078125  203.0
601.8989868164062  527.0
424.51513671875  545.0
233.2552947998047  253.0
297.712890625  171.0
371.86212158203125  390.0
492.6292419433594  473.0
220.3236083984375  221.0
230.21182250976562  272.0
523.0487670898438  538.0
398.8940734863281  363.0
182.7859649658203  529.0
507.4302062988281  559.0
468.012939453125  565.0
495.1294860839844  534.0
228.7242889404297  228.0
623.815185546875  551.0
500.1344909667969  604.0
668.3660278320312  547.0
573.3389282226562  593.0
386.79364013671875  393.0
256.7862243652344  278.0
313.09771728515625  253.0
324.8099670410156  298.0
271.7496337890625  226.0
573.0387573242188  526.0
289.339111328125  392.0
502.94415283203125  532.0
280.30694580078125  315.0
271.4673156738281  358.0
410.8026428222656  313.0
605.9986572265625  624.0
608.9060668945312  562.0
359.7226867675781  421.0
480.3059997558594  474.0
168.8177947998047  373.0
546.6398315429688  589.0
505.8626708984375  488.0
528.3619384765625  633.0
481.26190185546875  493.0
557.3033447265625  562.0
319.1841125488281  333.0
322.6002197265625  221.0
555.9239501953125  535.0
221.047607421875  376.0
362.48193359375  349.0
590.6798095703125  584.0
540.2904663085938  478.0
92.57889556884766  501.0
495.94024658203125  484.0
409.5813293457031  394.0
573.8826904296875  559.0
452.4942321777344  763.0
221.24081420898438  207.0
542.7653198242188  555.0
633.2000122070312  560.0
350.7333984375  378.0
542.7235717773438  457.0
528.5423583984375  615.0
410.9190979003906  467.0
227.70074462890625  243.0
254.90579223632812  293.0
91.61102294921875  260.0
279.276123046875  257.0
392.0061340332031  333.0
544.43798828125  552.0
537.5911254882812  542.0
235.1456756591797  205.0
290.8832092285156  279.0
286.8109130859375  225.0
378.307861328125  333.0
192.2337646484375  508.0
374.92767333984375  398.0
600.8921508789062  649.0
502.0729064941406  615.0
261.2483215332031  324.0
329.0498962402344  323.0
340.1839599609375  418.0
482.48809814453125  557.0
482.6289978027344  475.0
550.2470703125  541.0
323.83233642578125  199.0
609.64990234375  575.0
224.07054138183594  253.0
MSE : 9956.855426200518
MAPE : 15.987172122071264
R2 Score : 0.45250288384832527
time : 1043.2104678410105
