549.3150024414062  530.0
604.9996337890625  589.0
530.1723022460938  536.0
508.1423034667969  499.0
249.46392822265625  366.0
514.2861328125  599.0
356.5610046386719  392.0
529.5670776367188  600.0
611.1016235351562  577.0
199.9655303955078  221.0
340.3718566894531  313.0
379.656982421875  363.0
498.2945251464844  493.0
179.84156799316406  195.0
338.2708740234375  350.0
243.56517028808594  253.0
378.7285461425781  413.0
522.7315063476562  550.0
525.8114013671875  520.0
510.0574951171875  482.0
342.7828063964844  323.0
584.6469116210938  560.0
307.1958923339844  199.0
447.5465087890625  363.0
272.87799072265625  284.0
500.4519958496094  503.0
510.4831237792969  505.0
555.7130126953125  498.0
538.0953369140625  568.0
526.9901733398438  541.0
511.7832946777344  521.0
489.0138244628906  457.0
589.3934326171875  678.0
349.2732849121094  256.0
225.5878143310547  195.0
572.0045166015625  544.0
476.1380310058594  486.0
385.7294616699219  377.0
341.66961669921875  344.0
380.44720458984375  379.0
154.07098388671875  199.0
648.2077026367188  519.0
511.5539855957031  549.0
517.2139892578125  508.0
389.7701416015625  432.0
343.9559326171875  327.0
289.70050048828125  249.0
257.36712646484375  269.0
632.9598388671875  565.0
488.3296813964844  467.0
564.0504760742188  411.0
481.4364929199219  484.0
515.95068359375  563.0
586.149658203125  545.0
194.41845703125  243.0
277.7718811035156  300.0
595.033447265625  569.0
530.4342041015625  537.0
218.7234649658203  194.0
643.0879516601562  765.0
596.0833129882812  606.0
392.88623046875  401.0
515.1692504882812  554.0
225.8914337158203  228.0
590.9923706054688  527.0
610.64453125  621.0
490.9770812988281  538.0
214.9579315185547  213.0
400.16424560546875  377.0
610.0656127929688  580.0
652.2379760742188  615.0
542.5228881835938  584.0
250.77377319335938  207.0
326.8441162109375  241.0
337.5010986328125  409.0
404.2384338378906  415.0
521.6514282226562  519.0
348.4324951171875  331.0
604.8953247070312  658.0
543.7796020507812  545.0
581.2659301757812  555.0
439.7936706542969  423.0
595.9630737304688  567.0
356.4247741699219  314.0
386.1480407714844  418.0
515.6140747070312  531.0
314.7959899902344  293.0
519.6409301757812  515.0
392.7919616699219  393.0
504.209716796875  481.0
526.0388793945312  520.0
384.9840393066406  388.0
499.4135437011719  488.0
554.3424072265625  508.0
551.9060668945312  581.0
MSE : 2025.791331517341
MAPE : 8.23577437210461
R2 Score : 0.8846942235266593
time : 1160.1735724529717
