447.2359619140625  410.0
546.4903564453125  520.0
546.752197265625  568.0
546.7069702148438  507.0
546.801513671875  536.0
217.43881225585938  378.0
356.3440246582031  318.0
462.5778503417969  520.0
546.7781982421875  556.0
354.5041198730469  377.0
546.69384765625  563.0
507.1566162109375  668.0
356.1288757324219  314.0
380.1936950683594  413.0
321.5119323730469  187.0
353.06268310546875  363.0
546.724365234375  472.0
217.93724060058594  215.0
546.2964477539062  529.0
546.1942749023438  541.0
546.6768798828125  560.0
239.2825469970703  240.0
458.97564697265625  457.0
546.69091796875  590.0
454.906982421875  503.0
423.0078125  311.0
419.964111328125  390.0
314.1027526855469  284.0
546.560302734375  650.0
545.9540405273438  500.0
453.05682373046875  392.0
546.7425537109375  482.0
524.82958984375  621.0
311.99664306640625  390.0
545.463134765625  563.0
220.6286163330078  233.0
452.03839111328125  419.0
533.8690185546875  656.0
276.045166015625  330.0
385.59967041015625  330.0
546.8067016601562  551.0
546.8053588867188  589.0
289.12255859375  324.0
214.0300750732422  191.0
323.2328186035156  366.0
214.1946258544922  348.0
546.662353515625  555.0
295.4396057128906  293.0
213.9976348876953  226.0
215.2422637939453  239.0
546.7089233398438  459.0
464.02569580078125  626.0
448.55462646484375  421.0
213.92066955566406  190.0
546.8084716796875  497.0
440.09613037109375  397.0
546.8062744140625  531.0
546.723388671875  478.0
546.7109375  577.0
546.8005981445312  643.0
452.6446533203125  459.0
407.3037109375  423.0
546.7720947265625  618.0
213.98919677734375  228.0
546.800537109375  541.0
546.7264404296875  481.0
228.9212188720703  225.0
546.8058471679688  561.0
358.5663146972656  425.0
379.0660400390625  389.0
321.6129150390625  315.0
546.6341552734375  502.0
239.3232879638672  301.0
546.7459106445312  493.0
394.3018493652344  313.0
213.54739379882812  195.0
271.5008544921875  379.0
546.246337890625  653.0
546.5498657226562  494.0
254.9686737060547  281.0
350.5888671875  315.0
388.29547119140625  363.0
214.4481201171875  209.0
546.4990234375  260.0
546.0364379882812  670.0
546.802001953125  565.0
546.76953125  546.0
546.21044921875  530.0
546.7081909179688  555.0
394.2573547363281  267.0
532.8660278320312  623.0
214.71836853027344  241.0
456.2479248046875  473.0
528.3553466796875  551.0
357.14385986328125  333.0
217.66921997070312  203.0
379.38397216796875  433.0
546.7548828125  557.0
546.5103149414062  508.0
339.85858154296875  315.0
MSE : 4329.720903719813
MAPE : 11.832437351411293
R2 Score : 0.7632711527185488
time : 972.8121886849403
