416.39599609375  409.0
557.9012451171875  550.0
557.8870239257812  528.0
557.8670043945312  550.0
411.3121337890625  377.0
326.3013916015625  359.0
423.7111511230469  401.0
557.8488159179688  509.0
225.94497680664062  221.0
557.296875  363.0
557.8784790039062  517.0
419.8282470703125  363.0
557.8984375  513.0
358.1278076171875  425.0
557.9019775390625  523.0
415.40234375  595.0
420.48797607421875  410.0
424.6956481933594  420.0
557.8828735351562  478.0
222.6186981201172  219.0
412.1197814941406  366.0
414.5781555175781  416.0
315.4677734375  349.0
557.8594360351562  618.0
351.1416015625  206.0
403.1914978027344  218.0
557.9014282226562  485.0
557.8951416015625  538.0
557.8441162109375  763.0
294.2194519042969  330.0
557.6852416992188  618.0
557.8807983398438  520.0
557.9011840820312  566.0
557.7889404296875  656.0
557.7818603515625  478.0
418.35748291015625  402.0
419.6205749511719  473.0
557.9013671875  501.0
557.7431030273438  538.0
416.8175048828125  256.0
557.90576171875  482.0
180.5603790283203  215.0
409.6239929199219  152.0
557.8615112304688  401.0
416.7507629394531  403.0
557.8358154296875  685.0
386.4435119628906  278.0
557.8715209960938  584.0
557.8521118164062  493.0
557.9097900390625  603.0
557.6640625  678.0
557.5553588867188  519.0
557.8668823242188  493.0
420.1612548828125  368.0
373.19989013671875  345.0
557.865234375  493.0
557.8563842773438  543.0
557.8287963867188  411.0
510.0821533203125  547.0
226.19752502441406  257.0
557.8642578125  624.0
557.8113403320312  440.0
349.2967529296875  378.0
557.8930053710938  584.0
557.8526000976562  494.0
557.8958129882812  508.0
557.7681884765625  420.0
255.22962951660156  194.0
557.8926391601562  555.0
557.8350830078125  673.0
557.87109375  561.0
410.49444580078125  265.0
417.4276428222656  344.0
354.70794677734375  327.0
557.8667602539062  549.0
557.8770751953125  568.0
557.8365478515625  539.0
557.8386840820312  615.0
557.8670043945312  557.0
362.6798095703125  323.0
275.2556457519531  283.0
420.36767578125  392.0
406.85845947265625  272.0
557.8683471679688  560.0
557.908935546875  493.0
557.875  531.0
418.7420654296875  311.0
557.8801879882812  559.0
557.3096923828125  623.0
229.33106994628906  223.0
557.9046630859375  522.0
557.9076538085938  470.0
557.9027099609375  472.0
557.88818359375  638.0
223.10250854492188  235.0
557.899658203125  621.0
MSE : 6326.48881880946
MAPE : 15.80775245869841
R2 Score : 0.6421753197728449
time : 431.48542370600626
