398.9520263671875  410.0
558.2670288085938  508.0
569.489990234375  568.0
473.3551025390625  507.0
516.3462524414062  536.0
356.0020446777344  378.0
338.64398193359375  318.0
433.7420654296875  520.0
561.644775390625  556.0
315.5435485839844  377.0
562.1580810546875  563.0
532.0150756835938  668.0
353.67205810546875  314.0
376.6324768066406  433.0
360.3924255371094  187.0
366.1850891113281  363.0
481.8512268066406  472.0
198.94859313964844  215.0
515.9896850585938  529.0
526.15869140625  541.0
566.2399291992188  560.0
222.12249755859375  240.0
443.2115478515625  457.0
574.4188232421875  590.0
464.3606872558594  503.0
336.91705322265625  311.0
322.9815673828125  390.0
269.7793273925781  284.0
521.6026611328125  650.0
478.8815612792969  500.0
362.6733703613281  392.0
512.4327392578125  482.0
613.9043579101562  621.0
373.4136962890625  390.0
617.8463134765625  563.0
299.8072509765625  233.0
454.36224365234375  419.0
570.697509765625  656.0
336.1330871582031  330.0
283.6322937011719  330.0
521.5630493164062  541.0
570.5126342773438  589.0
333.8585510253906  324.0
363.4194641113281  191.0
364.9775390625  366.0
317.0958251953125  348.0
590.4149169921875  555.0
283.6461181640625  293.0
269.1471862792969  226.0
249.5984344482422  239.0
471.2925720214844  459.0
437.6608581542969  626.0
391.2254943847656  421.0
195.54893493652344  190.0
515.2395629882812  531.0
355.4645690917969  397.0
474.65374755859375  478.0
554.9502563476562  577.0
701.7526245117188  643.0
440.9732971191406  459.0
355.39794921875  423.0
662.5210571289062  618.0
227.19668579101562  228.0
480.5583190917969  481.0
269.4381408691406  225.0
541.63037109375  561.0
376.4921875  425.0
377.7662353515625  389.0
328.60565185546875  315.0
488.8587646484375  502.0
312.09967041015625  281.0
556.0699462890625  493.0
347.23297119140625  313.0
212.07923889160156  195.0
319.0174865722656  379.0
684.9099731445312  653.0
477.84521484375  494.0
347.92822265625  315.0
389.2781677246094  363.0
223.51866149902344  209.0
371.3749084472656  260.0
619.7885131835938  670.0
564.9844970703125  565.0
543.6741333007812  546.0
538.4528198242188  530.0
546.99951171875  555.0
389.6665344238281  267.0
565.8941650390625  623.0
292.9878234863281  241.0
449.3191223144531  473.0
625.5137939453125  551.0
335.5159606933594  333.0
230.0030975341797  203.0
580.9182739257812  557.0
359.3588562011719  315.0
MSE : 2772.134905657491
MAPE : 10.031774387859864
R2 Score : 0.8524667631702926
time : 1211.147810569033
