305.9167175292969  311.0
539.976806640625  673.0
750.8010864257812  643.0
544.4384765625  493.0
188.55169677734375  203.0
565.2640380859375  618.0
324.93475341796875  308.0
202.73135375976562  213.0
401.89013671875  377.0
534.9743041992188  551.0
201.9687042236328  196.0
452.4692077636719  503.0
552.4029541015625  513.0
416.29986572265625  384.0
647.7179565429688  569.0
621.8961791992188  592.0
507.1722412109375  478.0
324.5944519042969  379.0
349.6282043457031  333.0
322.7869873046875  335.0
381.5708312988281  415.0
279.4334716796875  284.0
545.8426513671875  672.0
521.798583984375  606.0
366.4512023925781  420.0
593.7532348632812  685.0
567.6705322265625  567.0
614.7944946289062  615.0
518.05712890625  520.0
534.3159790039062  600.0
239.06321716308594  228.0
572.2620849609375  773.0
541.2922973632812  566.0
518.3087158203125  484.0
535.82470703125  616.0
230.351806640625  366.0
521.257080078125  522.0
342.3721008300781  350.0
604.2990112304688  619.0
574.31689453125  584.0
214.90457153320312  243.0
522.2952270507812  500.0
511.82366943359375  481.0
369.5462951660156  315.0
403.4408874511719  421.0
623.8715209960938  569.0
390.6919860839844  384.0
541.1840209960938  508.0
413.85675048828125  411.0
606.5776977539062  624.0
499.10015869140625  467.0
396.26080322265625  418.0
535.3154907226562  565.0
557.7548828125  568.0
657.0218505859375  563.0
345.5521545410156  365.0
223.29869079589844  240.0
541.4945068359375  527.0
640.7338256835938  616.0
409.0351257324219  306.0
708.1197509765625  595.0
606.5901489257812  589.0
210.15721130371094  216.0
256.1753845214844  199.0
235.7096710205078  205.0
367.43878173828125  353.0
219.61256408691406  197.0
446.4233093261719  374.0
551.7025756835938  589.0
439.76531982421875  505.0
499.2742919921875  545.0
310.90576171875  265.0
444.4176025390625  523.0
536.7931518554688  526.0
548.1347045898438  549.0
190.2315673828125  173.0
359.50872802734375  315.0
335.8140563964844  295.0
414.3117980957031  430.0
576.12548828125  539.0
562.9468994140625  630.0
530.8587036132812  529.0
537.7421875  530.0
553.1940307617188  559.0
410.9887390136719  422.0
557.098876953125  587.0
540.6822509765625  555.0
420.05572509765625  423.0
522.03515625  503.0
263.7472229003906  278.0
365.97454833984375  417.0
592.7672729492188  580.0
312.083740234375  278.0
480.978515625  493.0
391.725341796875  433.0
593.3759765625  593.0
542.6578369140625  551.0
MSE : 2582.3316238245006
MAPE : 8.055084395898865
R2 Score : 0.8676083643650139
time : 2306.9983148969914
