245.7830352783203  253.0
599.5437622070312  573.0
334.2846374511719  319.0
305.7483825683594  343.0
360.5695495605469  362.0
452.45440673828125  493.0
385.5378723144531  378.0
375.9542236328125  413.0
402.3155517578125  420.0
259.4493408203125  268.0
392.6705627441406  390.0
518.552978515625  508.0
569.9138793945312  545.0
321.7888488769531  398.0
561.3030395507812  560.0
314.46917724609375  300.0
552.3973999023438  580.0
607.5110473632812  763.0
595.5576782226562  613.0
342.7716979980469  368.0
235.27479553222656  251.0
232.92092895507812  207.0
250.0103302001953  269.0
409.169677734375  545.0
541.3656005859375  533.0
219.2050018310547  171.0
499.1421203613281  459.0
385.319091796875  318.0
553.3053588867188  503.0
404.782958984375  325.0
263.681640625  257.0
400.6890563964844  418.0
513.0613403320312  481.0
223.71804809570312  223.0
405.19000244140625  433.0
500.93377685546875  458.0
599.1235961914062  520.0
398.0464172363281  433.0
525.7424926757812  475.0
238.62644958496094  207.0
406.3689880371094  411.0
285.246337890625  320.0
662.9644775390625  568.0
650.4826049804688  653.0
405.8731384277344  347.0
405.7515563964844  417.0
221.54762268066406  197.0
541.052978515625  557.0
547.4134521484375  554.0
554.809814453125  531.0
465.4937744140625  500.0
252.2291259765625  228.0
657.0767211914062  493.0
314.291748046875  304.0
526.5809326171875  520.0
607.2069702148438  649.0
512.7968139648438  523.0
606.3202514648438  685.0
564.1659545898438  623.0
547.0509643554688  563.0
411.4410095214844  401.0
549.2789306640625  527.0
570.0224609375  582.0
251.24839782714844  253.0
495.57763671875  467.0
504.1371154785156  484.0
538.3113403320312  538.0
225.18666076660156  272.0
570.048583984375  538.0
555.7615356445312  551.0
483.4071044921875  482.0
293.84783935546875  239.0
594.7529296875  600.0
306.72637939453125  319.0
601.560546875  685.0
249.43426513671875  251.0
313.0340576171875  331.0
517.4992065429688  523.0
396.9347839355469  359.0
307.9142150878906  324.0
523.1682739257812  521.0
419.5121765136719  444.0
592.6483154296875  566.0
572.1337280273438  525.0
574.0950927734375  584.0
507.5393981933594  501.0
338.10919189453125  378.0
240.15933227539062  278.0
628.6028442382812  670.0
581.2682495117188  581.0
288.69012451171875  284.0
654.8436279296875  618.0
605.5303344726562  603.0
526.9647216796875  672.0
566.46533203125  668.0
542.4365844726562  517.0
187.94676208496094  188.0
580.842529296875  577.0
409.107421875  390.0
388.5835876464844  353.0
MSE : 2074.6170383818007
MAPE : 7.227805916444109
R2 Score : 0.8920018158297925
time : 720.2137831349974
