386.7380065917969  418.0
522.7142944335938  519.0
364.68951416015625  413.0
369.05841064453125  387.0
533.7557983398438  559.0
213.27574157714844  209.0
326.11767578125  195.0
558.1679077148438  581.0
576.8207397460938  566.0
387.4595642089844  393.0
563.0924072265625  472.0
508.36395263671875  518.0
383.2345886230469  355.0
509.79351806640625  532.0
313.20166015625  281.0
317.9768371582031  295.0
495.3731689453125  624.0
567.6101684570312  616.0
486.6498107910156  501.0
250.1621551513672  268.0
342.4579162597656  344.0
600.19287109375  656.0
376.1693115234375  348.0
536.9923706054688  573.0
527.2269897460938  549.0
195.24728393554688  190.0
310.06585693359375  284.0
378.2525329589844  373.0
496.3381652832031  538.0
545.4115600585938  615.0
558.5595703125  508.0
507.29736328125  491.0
566.8095703125  533.0
306.3543395996094  267.0
606.819580078125  587.0
215.4002685546875  203.0
510.898193359375  557.0
371.1792907714844  363.0
325.5166931152344  315.0
545.3170776367188  517.0
338.478515625  318.0
403.2149658203125  396.0
491.8427429199219  481.0
218.99343872070312  254.0
506.99542236328125  539.0
220.1929931640625  226.0
393.96563720703125  406.0
568.0850219726562  583.0
521.2984619140625  536.0
559.87109375  613.0
566.3295288085938  603.0
501.6251525878906  523.0
359.5365295410156  298.0
319.0838623046875  324.0
615.04443359375  649.0
356.9994201660156  256.0
388.4879150390625  353.0
545.4063720703125  604.0
193.9988555908203  171.0
377.9593200683594  467.0
359.9569091796875  379.0
546.140869140625  595.0
377.99261474609375  424.0
584.9719848632812  650.0
386.71539306640625  389.0
520.1458129882812  493.0
540.1263427734375  603.0
713.4293823242188  685.0
571.9039916992188  538.0
402.4254150390625  410.0
401.4456481933594  449.0
507.35919189453125  474.0
504.21856689453125  530.0
373.7613220214844  385.0
560.7958984375  607.0
526.1185913085938  582.0
562.2359008789062  545.0
395.2945251464844  363.0
392.5291748046875  378.0
582.1067504882812  658.0
288.28314208984375  199.0
287.297119140625  233.0
539.0217895507812  565.0
548.8355712890625  567.0
555.786865234375  568.0
397.2515563964844  418.0
579.23291015625  618.0
415.8036193847656  600.0
355.99481201171875  359.0
478.7890319824219  467.0
352.6439514160156  363.0
576.7412109375  592.0
315.2803039550781  319.0
209.5598907470703  195.0
363.90301513671875  432.0
546.54296875  574.0
183.6284637451172  199.0
515.6024780273438  520.0
519.3840942382812  519.0
397.1561279296875  363.0
MSE : 1993.752661533833
MAPE : 8.070823236616604
R2 Score : 0.8929368968074788
time : 2094.6658424490015
