305.88983154296875  390.0
424.1723327636719  444.0
523.794189453125  491.0
377.281982421875  359.0
383.1853942871094  420.0
309.478515625  330.0
498.0544128417969  474.0
648.370849609375  685.0
493.0880432128906  577.0
307.8146667480469  316.0
408.3122253417969  384.0
387.3974914550781  418.0
395.7874450683594  410.0
464.4081115722656  538.0
594.0641479492188  607.0
524.6852416992188  528.0
192.9050750732422  203.0
562.986083984375  527.0
468.91949462890625  545.0
280.8907165527344  253.0
218.24549865722656  171.0
385.0937805175781  390.0
484.9689636230469  473.0
227.9141082763672  221.0
244.771484375  272.0
567.0254516601562  538.0
497.8451843261719  363.0
525.079345703125  529.0
495.9752502441406  559.0
535.9915771484375  565.0
496.9883728027344  534.0
212.25498962402344  228.0
544.0674438476562  551.0
510.0642395019531  604.0
619.98046875  547.0
579.7941284179688  593.0
413.2568359375  393.0
293.47259521484375  278.0
310.3065185546875  253.0
335.5617370605469  298.0
209.4403839111328  226.0
542.3751831054688  526.0
346.9728698730469  392.0
505.2633972167969  532.0
306.3702697753906  315.0
284.9673767089844  358.0
355.5204162597656  313.0
596.671875  624.0
578.5184326171875  562.0
359.0387878417969  421.0
491.61810302734375  474.0
344.7457580566406  373.0
580.8421630859375  589.0
491.6237487792969  488.0
650.146484375  633.0
571.0452270507812  493.0
600.1504516601562  562.0
319.1964111328125  333.0
229.7667694091797  221.0
545.119873046875  535.0
378.4520568847656  376.0
328.3608703613281  349.0
582.3212890625  584.0
510.7987976074219  478.0
494.29931640625  501.0
498.3376159667969  484.0
389.7843322753906  394.0
568.7931518554688  559.0
646.71875  763.0
252.1947784423828  207.0
530.9572143554688  555.0
621.6512451171875  560.0
342.59698486328125  378.0
454.13385009765625  457.0
649.7996826171875  615.0
477.7477111816406  467.0
212.38710021972656  243.0
310.750244140625  293.0
330.6582336425781  260.0
292.6298828125  257.0
338.7952575683594  333.0
543.7874145507812  552.0
514.6845703125  542.0
212.92091369628906  205.0
338.19683837890625  279.0
228.41893005371094  225.0
352.3149108886719  333.0
506.599853515625  508.0
338.0436096191406  398.0
647.80224609375  649.0
551.927001953125  615.0
313.284912109375  324.0
287.4562683105469  323.0
317.5411682128906  418.0
524.6284790039062  557.0
468.9101867675781  475.0
544.2557983398438  541.0
318.7294921875  199.0
579.4830322265625  575.0
236.77413940429688  253.0
MSE : 1795.8532541060774
MAPE : 8.123379733707313
R2 Score : 0.9012515060661204
time : 1603.932164782891
