618.16064453125  539.0
294.7965393066406  251.0
501.49200439453125  584.0
498.99896240234375  484.0
599.1346435546875  580.0
371.4981689453125  333.0
468.68212890625  345.0
423.4399719238281  444.0
591.0860595703125  685.0
383.43109130859375  378.0
132.15533447265625  203.0
287.6047668457031  324.0
560.55078125  546.0
509.76287841796875  531.0
309.6804504394531  378.0
624.3612060546875  593.0
319.01287841796875  218.0
400.89849853515625  390.0
542.8671875  520.0
546.9608764648438  538.0
285.18389892578125  316.0
261.210205078125  253.0
238.35240173339844  219.0
625.06591796875  501.0
352.6424560546875  330.0
372.57928466796875  385.0
209.06365966796875  221.0
303.541259765625  315.0
573.5416870117188  603.0
495.1343688964844  495.0
377.96820068359375  331.0
359.8866882324219  523.0
509.3250732421875  520.0
528.3604125976562  519.0
283.466552734375  283.0
618.2648315429688  533.0
401.7215576171875  459.0
435.51373291015625  368.0
518.2482299804688  526.0
523.3302001953125  581.0
329.6361083984375  241.0
634.3577270507812  621.0
399.249267578125  493.0
333.5587158203125  330.0
656.5562744140625  584.0
408.960205078125  418.0
350.34844970703125  327.0
661.6797485351562  478.0
550.7452392578125  545.0
625.279541015625  773.0
573.855712890625  575.0
588.296142578125  583.0
485.18243408203125  673.0
376.1321716308594  374.0
508.5964050292969  508.0
590.0088500976562  763.0
548.8284301757812  519.0
436.544189453125  337.0
571.5877685546875  555.0
445.7598876953125  423.0
495.484375  273.0
661.0921020507812  538.0
391.5960998535156  410.0
542.947509765625  531.0
129.15208435058594  173.0
411.9289245605469  394.0
428.67181396484375  344.0
625.2888793945312  512.0
347.2978515625  409.0
544.2919921875  568.0
281.98150634765625  240.0
630.5540771484375  589.0
459.94903564453125  503.0
567.016357421875  580.0
566.3140869140625  613.0
352.8725280761719  349.0
601.4488525390625  563.0
431.22296142578125  498.0
563.806396484375  538.0
490.03143310546875  522.0
443.22796630859375  403.0
364.8192138671875  315.0
520.3067016601562  260.0
210.4757080078125  220.0
300.9083557128906  310.0
515.2044677734375  508.0
411.3117980957031  403.0
525.4466552734375  523.0
291.947021484375  266.0
564.1939086914062  559.0
277.71453857421875  253.0
612.7108154296875  513.0
339.6407470703125  359.0
495.49188232421875  467.0
441.84942626953125  363.0
545.7557983398438  569.0
522.539794921875  600.0
509.629150390625  503.0
285.9870910644531  418.0
569.117431640625  563.0
MSE : 5084.1382535154235
MAPE : 12.08284677934069
R2 Score : 0.7074916506345925
time : 4391.400626106013
