488.0947570800781  565.0
515.5360717773438  522.0
499.7878112792969  493.0
351.0770263671875  333.0
510.5003967285156  526.0
587.1416625976562  563.0
576.63427734375  560.0
415.1397705078125  403.0
222.90834045410156  241.0
515.778076171875  494.0
289.63287353515625  324.0
211.28941345214844  207.0
517.100341796875  525.0
443.54168701171875  600.0
344.4719543457031  410.0
569.736572265625  658.0
498.6946716308594  482.0
348.700927734375  385.0
215.03591918945312  228.0
587.0020141601562  615.0
293.1382141113281  321.0
522.5111083984375  549.0
341.1442565917969  393.0
299.95599365234375  378.0
317.2037048339844  315.0
250.47462463378906  379.0
581.5706787109375  561.0
195.194091796875  197.0
586.3140869140625  584.0
582.3897094726562  388.0
558.6583251953125  499.0
520.3591918945312  536.0
505.4739990234375  486.0
323.1452941894531  344.0
344.8884582519531  398.0
243.6844482421875  324.0
495.178466796875  467.0
586.8652954101562  604.0
581.824462890625  600.0
476.1100769042969  457.0
573.8848266601562  618.0
456.229248046875  430.0
400.560302734375  411.0
309.95263671875  373.0
404.2655334472656  407.0
193.39273071289062  199.0
213.97218322753906  203.0
491.76800537109375  484.0
498.2196044921875  484.0
282.378662109375  313.0
211.64646911621094  229.0
205.5467529296875  272.0
583.5065307617188  569.0
308.43585205078125  327.0
507.7386169433594  518.0
338.4466247558594  373.0
270.3772888183594  415.0
371.71832275390625  475.0
586.5611572265625  584.0
315.4215393066406  328.0
586.3983764648438  554.0
193.7552490234375  197.0
582.935791015625  444.0
204.19564819335938  208.0
582.3301391601562  513.0
574.150634765625  517.0
205.18374633789062  206.0
298.8966369628906  374.0
586.5560302734375  615.0
400.71380615234375  401.0
239.1566619873047  259.0
200.530517578125  203.0
303.6416015625  272.0
586.253662109375  552.0
515.5147705078125  529.0
583.9814453125  549.0
200.6202392578125  221.0
200.94241333007812  195.0
576.7150268554688  582.0
347.2828674316406  345.0
586.6643676757812  590.0
584.9805908203125  551.0
586.0703735351562  545.0
385.6163330078125  358.0
587.15234375  616.0
201.15765380859375  213.0
385.17333984375  418.0
235.05029296875  324.0
289.2334289550781  319.0
538.3965454101562  548.0
488.59503173828125  500.0
542.5884399414062  528.0
586.036865234375  587.0
540.4029541015625  539.0
394.1356506347656  255.0
285.8379211425781  324.0
527.2647094726562  493.0
585.0997314453125  606.0
288.76727294921875  343.0
215.7882080078125  293.0
MSE : 2614.16184690149
MAPE : 8.66841902741242
R2 Score : 0.8490114729562508
time : 853.9123515121173
