786.6504516601562  763.0
241.15335083007812  272.0
532.4846801757812  523.0
435.5866394042969  318.0
373.439697265625  374.0
566.579345703125  626.0
514.9016723632812  512.0
560.4046020507812  564.0
369.7987365722656  362.0
207.04139709472656  171.0
344.80126953125  344.0
611.3106689453125  523.0
223.41290283203125  390.0
255.83070373535156  315.0
328.9490661621094  265.0
583.0305786132812  565.0
629.6058349609375  685.0
566.9794921875  549.0
542.4248657226562  538.0
551.1883544921875  544.0
483.56512451171875  472.0
242.73406982421875  233.0
301.0769958496094  323.0
246.8550262451172  229.0
400.2901916503906  377.0
544.575439453125  533.0
391.42486572265625  373.0
311.5352478027344  318.0
503.07232666015625  498.0
624.2456665039062  654.0
567.3292846679688  546.0
514.37451171875  519.0
185.94679260253906  152.0
569.3385620117188  569.0
336.37896728515625  378.0
369.3563537597656  416.0
220.6294708251953  221.0
323.1322021484375  295.0
483.16986083984375  478.0
584.0396728515625  668.0
212.32403564453125  240.0
574.6786499023438  582.0
409.8240966796875  363.0
510.072265625  507.0
532.2012939453125  668.0
273.3745422363281  254.0
575.9202880859375  580.0
585.3154907226562  573.0
563.7994995117188  557.0
529.7514038085938  536.0
229.17373657226562  226.0
513.171875  505.0
324.5622253417969  324.0
421.8763122558594  475.0
619.8602905273438  618.0
527.2003784179688  527.0
395.3106384277344  393.0
268.557373046875  333.0
413.6462097167969  378.0
202.99737548828125  197.0
315.1702575683594  365.0
573.9287109375  619.0
590.1517333984375  773.0
584.627685546875  566.0
263.4619140625  373.0
321.4114990234375  316.0
566.9962768554688  561.0
518.912841796875  493.0
397.65283203125  380.0
494.34149169921875  538.0
569.1182861328125  562.0
612.2921752929688  568.0
658.1837158203125  600.0
511.34893798828125  523.0
254.49813842773438  270.0
531.36376953125  527.0
181.17044067382812  191.0
547.3837890625  557.0
212.99708557128906  220.0
742.8790283203125  763.0
441.289306640625  419.0
531.4652099609375  508.0
299.59466552734375  283.0
554.5712890625  539.0
488.5627136230469  473.0
215.1604766845703  366.0
194.85797119140625  188.0
578.1239013671875  613.0
311.8265380859375  319.0
430.58184814453125  410.0
620.8192138671875  765.0
563.2517700195312  566.0
302.549560546875  293.0
670.888671875  595.0
576.9379272460938  543.0
312.5232849121094  301.0
429.5264587402344  520.0
387.4928283691406  359.0
MSE : 2418.770534662727
MAPE : 7.317401976022939
R2 Score : 0.891695194945335
time : 2120.303934043972
