512.4019165039062  502.0
515.2559814453125  520.0
529.5822143554688  555.0
232.5485076904297  207.0
244.37799072265625  194.0
363.12353515625  386.0
516.4279174804688  473.0
360.9834899902344  347.0
508.67193603515625  484.0
647.6736450195312  565.0
238.17587280273438  257.0
525.6491088867188  523.0
642.5155029296875  763.0
441.77294921875  457.0
423.00006103515625  420.0
348.24029541015625  267.0
379.6227111816406  379.0
507.83148193359375  488.0
238.8802490234375  240.0
509.76751708984375  520.0
522.0630493164062  600.0
515.4749145507812  583.0
394.1009521484375  378.0
229.01136779785156  188.0
615.8832397460938  560.0
346.59649658203125  318.0
585.1285400390625  551.0
244.80596923828125  228.0
211.83609008789062  192.0
356.4016418457031  420.0
395.6763610839844  433.0
676.4185791015625  618.0
529.0263671875  523.0
536.3082275390625  545.0
318.9170837402344  273.0
334.49249267578125  315.0
328.38201904296875  366.0
321.7100524902344  295.0
578.7713623046875  672.0
522.6852416992188  668.0
292.66351318359375  323.0
395.68060302734375  318.0
592.476318359375  568.0
518.983154296875  474.0
390.82806396484375  393.0
257.5466613769531  206.0
509.7611083984375  484.0
361.952392578125  392.0
386.84381103515625  394.0
391.55438232421875  409.0
513.40185546875  599.0
541.4158935546875  537.0
340.64166259765625  344.0
383.9798889160156  377.0
241.62564086914062  272.0
383.91497802734375  329.0
331.8160400390625  415.0
520.5199584960938  557.0
672.6597900390625  765.0
219.139404296875  213.0
329.1551513671875  293.0
412.58447265625  395.0
215.69863891601562  194.0
438.604736328125  520.0
212.9578857421875  293.0
220.76409912109375  213.0
659.2273559570312  621.0
509.05035400390625  503.0
511.6087951660156  500.0
523.5753173828125  584.0
608.1295776367188  538.0
611.8643188476562  643.0
382.72210693359375  315.0
345.5189514160156  233.0
215.3245849609375  190.0
403.53955078125  419.0
359.720458984375  378.0
357.485107421875  355.0
675.2625732421875  678.0
512.1842041015625  505.0
545.0059814453125  559.0
557.7609252929688  517.0
529.7083129882812  542.0
327.9564208984375  324.0
203.39010620117188  217.0
297.376953125  187.0
599.4859619140625  567.0
568.4500122070312  575.0
672.9024047851562  563.0
513.423095703125  470.0
511.5389099121094  500.0
433.8377990722656  505.0
548.5565185546875  536.0
522.501708984375  600.0
396.3702392578125  353.0
530.0553588867188  624.0
MSE : 2465.6039425627823
MAPE : 9.552317133420914
R2 Score : 0.882315062116668
time : 659.3838305099925
