500.9955749511719  539.0
552.5110473632812  668.0
342.3844909667969  415.0
304.0771789550781  330.0
319.717041015625  259.0
519.437744140625  411.0
333.1982421875  324.0
551.3554077148438  493.0
330.21307373046875  152.0
552.936279296875  551.0
553.3889770507812  493.0
117.57437133789062  403.0
550.9697875976562  505.0
289.652587890625  216.0
553.8532104492188  503.0
549.75634765625  494.0
555.6007690429688  539.0
484.5930480957031  410.0
330.0085754394531  195.0
336.3238220214844  432.0
338.8912353515625  360.0
315.85467529296875  221.0
552.3365478515625  560.0
538.6293334960938  578.0
321.6995849609375  321.0
334.64581298828125  387.0
320.3082275390625  270.0
374.84588623046875  374.0
341.6601257324219  392.0
551.5834350585938  623.0
335.4292297363281  416.0
545.3053588867188  517.0
184.1250457763672  240.0
478.1285095214844  531.0
338.6089172363281  378.0
552.013916015625  532.0
207.67019653320312  253.0
319.9302062988281  249.0
484.43902587890625  543.0
541.5883178710938  440.0
297.74468994140625  219.0
126.01797485351562  363.0
554.5333862304688  685.0
371.56842041015625  406.0
2.838810920715332  330.0
341.9442443847656  390.0
326.4959716796875  378.0
313.6574401855469  204.0
334.6777648925781  366.0
532.9266967773438  520.0
344.59912109375  363.0
549.6254272460938  484.0
554.981689453125  537.0
454.789306640625  545.0
503.38763427734375  583.0
330.8414001464844  199.0
335.59002685546875  348.0
334.22564697265625  423.0
326.219482421875  380.0
537.4072875976562  599.0
188.5453338623047  218.0
322.45294189453125  293.0
537.251708984375  528.0
301.33544921875  335.0
553.0968017578125  656.0
554.9866333007812  459.0
555.169921875  545.0
347.28436279296875  314.0
552.0333251953125  507.0
493.3284912109375  419.0
328.6459655761719  386.0
404.57098388671875  273.0
509.0740966796875  547.0
554.2633056640625  482.0
548.1832885742188  501.0
441.6470642089844  419.0
330.63116455078125  433.0
554.3279418945312  533.0
545.2185668945312  678.0
545.1823120117188  562.0
553.7493896484375  549.0
434.9505615234375  673.0
555.4609985351562  522.0
522.4720458984375  550.0
294.2913513183594  257.0
323.1800842285156  343.0
552.715087890625  497.0
554.7818603515625  589.0
541.4766845703125  505.0
324.531005859375  225.0
440.01092529296875  473.0
320.6026611328125  213.0
395.0135498046875  395.0
331.6528015136719  344.0
292.15020751953125  268.0
554.8328857421875  669.0
552.4432373046875  518.0
MSE : 7361.763768469482
MAPE : 17.89603357418386
R2 Score : 0.5708677461918867
time : 634.9640874310862
