295.5600891113281  270.0
363.59991455078125  378.0
549.6397094726562  541.0
631.0324096679688  565.0
501.2831115722656  484.0
676.6478271484375  669.0
407.3429870605469  411.0
386.693359375  329.0
555.347900390625  559.0
493.5041198730469  474.0
389.7424011230469  401.0
639.2449951171875  621.0
415.6827087402344  363.0
381.2029724121094  353.0
532.0355834960938  533.0
608.7897338867188  589.0
430.6622619628906  505.0
244.38375854492188  233.0
212.5156707763672  194.0
390.2089538574219  337.0
374.97210693359375  363.0
544.3040161132812  494.0
669.5645751953125  649.0
627.4593505859375  517.0
533.0195922851562  508.0
598.1797485351562  538.0
591.1397094726562  603.0
525.2521362304688  490.0
574.3619384765625  565.0
319.6402282714844  283.0
545.5462036132812  522.0
372.7441101074219  328.0
510.6790466308594  569.0
376.68878173828125  493.0
563.2473754882812  539.0
544.26708984375  536.0
669.4497680664062  643.0
373.29052734375  373.0
561.0374145507812  527.0
538.1057739257812  528.0
549.5518188476562  539.0
456.4969482421875  520.0
551.3262329101562  568.0
594.7844848632812  550.0
195.64352416992188  173.0
580.5078125  607.0
554.8760986328125  552.0
382.99456787109375  387.0
649.3665161132812  593.0
613.3245239257812  606.0
559.3267211914062  567.0
270.9649658203125  229.0
381.7274475097656  360.0
372.75439453125  386.0
366.963134765625  345.0
635.7053833007812  519.0
625.843994140625  685.0
361.1888427734375  343.0
552.7047729492188  493.0
366.78955078125  409.0
519.2083129882812  522.0
567.8745727539062  561.0
550.7498168945312  549.0
275.080322265625  225.0
559.17578125  549.0
564.16455078125  523.0
256.8606872558594  228.0
685.5352783203125  668.0
472.5809020996094  563.0
411.797119140625  449.0
495.898193359375  481.0
520.331787109375  520.0
300.00042724609375  319.0
401.37744140625  493.0
522.7107543945312  536.0
244.95880126953125  272.0
278.43731689453125  390.0
509.76055908203125  523.0
497.2525634765625  500.0
542.3052978515625  535.0
377.1429443359375  433.0
505.3414001464844  467.0
385.6540832519531  433.0
416.87359619140625  458.0
542.8739013671875  538.0
489.92413330078125  478.0
336.26385498046875  316.0
372.8020935058594  417.0
348.2008361816406  378.0
561.4080810546875  562.0
619.908447265625  573.0
287.2007751464844  331.0
574.7623291015625  550.0
377.66302490234375  374.0
643.2091674804688  569.0
386.5719299316406  378.0
MSE : 1704.6525694417967
MAPE : 7.161740703289922
R2 Score : 0.8739990860770396
time : 1519.5346204629168
