346.95782470703125  393.0
320.23931884765625  377.0
521.0455932617188  550.0
107.42214965820312  319.0
552.1029663085938  508.0
584.9232788085938  493.0
280.7980041503906  259.0
519.0238647460938  668.0
329.24591064453125  413.0
545.1383056640625  537.0
551.6041870117188  604.0
537.9328002929688  534.0
319.52386474609375  304.0
547.8306274414062  550.0
385.95013427734375  403.0
568.53173828125  604.0
580.9027099609375  543.0
415.6583251953125  409.0
199.4336700439453  188.0
581.8610229492188  569.0
487.9906005859375  503.0
594.9273071289062  520.0
568.4159545898438  573.0
347.7451477050781  420.0
485.57867431640625  508.0
533.2041625976562  538.0
593.6852416992188  541.0
308.187744140625  397.0
273.914794921875  223.0
203.66705322265625  197.0
485.16912841796875  493.0
576.2096557617188  538.0
313.5301513671875  281.0
290.6261901855469  295.0
595.7459106445312  630.0
549.5755615234375  531.0
552.3374633789062  616.0
198.5233612060547  194.0
533.4791870117188  472.0
596.1654663085938  541.0
596.5317993164062  529.0
595.0031127929688  549.0
369.033203125  256.0
283.49237060546875  226.0
364.431396484375  402.0
586.5239868164062  580.0
554.1452026367188  478.0
510.23040771484375  500.0
273.24853515625  218.0
219.03387451171875  197.0
582.3556518554688  584.0
439.08038330078125  503.0
299.3755187988281  335.0
526.4405517578125  484.0
323.659423828125  363.0
271.9764099121094  253.0
266.9982604980469  316.0
365.3880310058594  345.0
531.5535888671875  523.0
558.398681640625  526.0
276.47149658203125  239.0
337.22698974609375  358.0
572.2401123046875  569.0
340.3843688964844  318.0
361.6137390136719  410.0
536.6357421875  554.0
596.5587768554688  549.0
351.33984375  267.0
311.7889404296875  266.0
290.4024963378906  330.0
554.3526000976562  522.0
273.5720520019531  235.0
283.12652587890625  324.0
540.1898193359375  618.0
593.884521484375  587.0
525.11181640625  519.0
277.8018798828125  251.0
559.9729614257812  551.0
594.5658569335938  541.0
548.6422729492188  619.0
463.5252685546875  473.0
248.3975067138672  240.0
310.1412353515625  337.0
374.21221923828125  333.0
595.3707885742188  577.0
521.9503173828125  467.0
222.9646759033203  171.0
513.1834716796875  488.0
279.03643798828125  283.0
596.098876953125  530.0
560.997802734375  616.0
353.0530700683594  311.0
333.9577941894531  329.0
309.8332824707031  304.0
529.9747314453125  563.0
317.37554931640625  243.0
459.68182373046875  459.0
315.52374267578125  195.0
223.79396057128906  209.0
393.09051513671875  420.0
MSE : 2615.9510764388765
MAPE : 10.466639658135145
R2 Score : 0.8581733814456131
time : 709.7710362500002
