375.30743408203125  265.0
273.921142578125  216.0
488.9758605957031  491.0
508.0412292480469  533.0
477.30169677734375  358.0
438.8832092285156  396.0
471.01446533203125  486.0
557.7589721679688  545.0
506.093505859375  539.0
351.99822998046875  385.0
486.3551025390625  484.0
540.4078979492188  551.0
298.7308349609375  330.0
523.864990234375  537.0
624.047607421875  685.0
509.4764709472656  493.0
367.4651184082031  195.0
524.4078979492188  549.0
317.619140625  266.0
428.5065002441406  430.0
335.2102966308594  378.0
483.4925537109375  773.0
341.4752502441406  373.0
420.505126953125  392.0
359.6862487792969  348.0
536.7963256835938  538.0
695.6339111328125  632.0
288.5742492675781  348.0
658.7784423828125  318.0
560.3482055664062  457.0
351.572509765625  328.0
521.6204223632812  563.0
365.08355712890625  333.0
729.3098754882812  673.0
514.63818359375  360.0
467.9104919433594  475.0
545.029296875  563.0
337.1298828125  359.0
559.1307983398438  578.0
369.1835021972656  256.0
486.6667175292969  512.0
586.3123168945312  562.0
697.741455078125  656.0
318.55230712890625  433.0
510.95172119140625  522.0
579.0435791015625  649.0
510.4991455078125  458.0
200.0806884765625  192.0
510.13739013671875  401.0
648.5914306640625  670.0
609.1239624023438  593.0
363.0921630859375  343.0
291.6448669433594  313.0
554.2164306640625  580.0
497.8973083496094  503.0
578.0958862304688  616.0
225.42434692382812  243.0
413.11102294921875  419.0
504.5043029785156  502.0
548.9535522460938  566.0
498.71331787109375  603.0
479.4123229980469  507.0
425.4328918457031  419.0
410.9037170410156  467.0
533.8126220703125  544.0
495.42462158203125  508.0
387.6176452636719  473.0
656.5654907226562  363.0
512.6312255859375  505.0
516.8040161132812  525.0
549.04931640625  569.0
621.1832275390625  669.0
376.43914794921875  475.0
535.7559204101562  541.0
470.9756774902344  485.0
695.1560668945312  638.0
514.0962524414062  529.0
598.3057250976562  593.0
534.3822021484375  529.0
373.9219055175781  363.0
567.3721923828125  565.0
347.84478759765625  409.0
548.094970703125  538.0
576.224609375  619.0
297.6690368652344  283.0
314.8095397949219  197.0
646.6653442382812  630.0
471.6697082519531  503.0
329.0530700683594  377.0
270.09295654296875  213.0
493.6797790527344  523.0
358.6169128417969  393.0
587.2669067382812  599.0
320.71636962890625  207.0
360.0399169921875  358.0
318.1817932128906  316.0
333.4527587890625  393.0
588.1190185546875  763.0
548.9258422851562  590.0
268.6810607910156  321.0
MSE : 5848.338480417645
MAPE : 12.41963929417697
R2 Score : 0.6668289311598777
time : 1113.3664204659872
