397.97637939453125  311.0
459.3719787597656  673.0
380.7073059082031  643.0
513.4887084960938  493.0
224.77928161621094  203.0
522.5718383789062  618.0
181.81924438476562  308.0
192.75537109375  213.0
280.94677734375  377.0
523.2891845703125  551.0
177.0286865234375  196.0
408.0523986816406  503.0
567.0054321289062  513.0
373.70037841796875  384.0
552.7216186523438  569.0
557.0939331054688  592.0
478.9262390136719  478.0
256.5433349609375  379.0
391.7372741699219  333.0
249.1573028564453  335.0
351.8495178222656  415.0
205.41371154785156  284.0
440.77618408203125  672.0
569.2213134765625  606.0
358.28472900390625  420.0
428.6269836425781  685.0
535.9219360351562  567.0
409.3326721191406  615.0
524.7154541015625  520.0
483.8105163574219  600.0
182.20352172851562  228.0
515.4273681640625  773.0
539.0548706054688  566.0
517.0126953125  484.0
571.02587890625  616.0
351.539306640625  366.0
524.94189453125  522.0
354.5751647949219  350.0
549.6006469726562  619.0
520.1351318359375  584.0
336.6360778808594  243.0
480.43743896484375  500.0
479.650146484375  481.0
356.7518615722656  315.0
267.2308654785156  421.0
571.3196411132812  569.0
358.49871826171875  384.0
551.6337280273438  508.0
407.83050537109375  411.0
570.97021484375  624.0
479.54302978515625  467.0
347.49774169921875  418.0
571.0440673828125  565.0
557.2335815429688  568.0
518.0086059570312  563.0
230.93946838378906  365.0
274.7927551269531  240.0
570.975341796875  527.0
569.9114379882812  616.0
299.2381286621094  306.0
294.2161865234375  595.0
570.844482421875  589.0
174.4697723388672  216.0
252.63893127441406  199.0
269.4173278808594  205.0
350.8777160644531  353.0
204.40679931640625  197.0
390.8630676269531  374.0
539.359375  589.0
439.1060791015625  505.0
521.6438598632812  545.0
212.63902282714844  265.0
362.33221435546875  523.0
476.79638671875  526.0
570.0648193359375  549.0
261.9608154296875  173.0
268.6859130859375  315.0
291.6756896972656  295.0
370.06842041015625  430.0
498.1307678222656  539.0
570.7874145507812  630.0
483.5206604003906  529.0
524.9574584960938  530.0
569.9854736328125  559.0
565.2451171875  422.0
549.1268310546875  587.0
569.4166870117188  555.0
393.2649841308594  423.0
496.17864990234375  503.0
180.85426330566406  278.0
332.4282531738281  417.0
512.3834228515625  580.0
207.30364990234375  278.0
484.37762451171875  493.0
296.0581359863281  433.0
482.8676452636719  593.0
570.442626953125  551.0
MSE : 8057.314423819687
MAPE : 14.315635463891535
R2 Score : 0.5869155512199429
time : 612.5192293619912
