524.082275390625  668.0
317.017333984375  379.0
423.6170349121094  378.0
564.2264404296875  563.0
564.3157958984375  580.0
367.92681884765625  320.0
546.3734130859375  589.0
515.252685546875  552.0
406.1309814453125  374.0
332.95343017578125  390.0
313.95257568359375  219.0
207.3994598388672  199.0
335.55438232421875  321.0
226.4595947265625  203.0
418.732666015625  384.0
551.3652954101562  658.0
446.3666687011719  656.0
346.1928405761719  249.0
449.6100158691406  494.0
408.0570068359375  389.0
517.6770629882812  650.0
519.01220703125  541.0
563.1536865234375  563.0
558.5261840820312  630.0
563.8822021484375  543.0
375.91876220703125  318.0
469.693115234375  493.0
564.26611328125  557.0
236.05003356933594  233.0
514.6737060546875  539.0
215.0547637939453  213.0
563.501220703125  539.0
518.9620361328125  508.0
399.7656555175781  398.0
253.695068359375  228.0
564.2071533203125  653.0
297.6209716796875  324.0
518.6063842773438  490.0
564.3526611328125  584.0
513.8405151367188  615.0
401.73028564453125  385.0
384.48162841796875  363.0
513.1341552734375  522.0
563.5520629882812  515.0
306.1413269042969  368.0
563.4951782226562  765.0
512.8666381835938  255.0
319.888671875  253.0
564.30517578125  567.0
212.9781951904297  215.0
564.1640625  560.0
520.6612548828125  481.0
508.0936279296875  548.0
542.8118896484375  566.0
272.922607421875  205.0
303.3620910644531  421.0
237.4208526611328  253.0
422.0761413574219  430.0
563.8942260742188  616.0
525.8717041015625  495.0
231.59170532226562  344.0
563.2689208984375  474.0
495.345703125  360.0
537.2453002929688  563.0
516.7893676757812  763.0
327.187744140625  302.0
398.0333251953125  330.0
232.20095825195312  192.0
548.7279052734375  484.0
401.4195556640625  376.0
227.19525146484375  243.0
314.6316223144531  283.0
342.2740173339844  378.0
357.7198181152344  311.0
410.4696960449219  386.0
231.06153869628906  265.0
562.384033203125  618.0
407.58489990234375  300.0
213.45468139648438  213.0
312.2686767578125  217.0
560.6533813476562  773.0
352.718017578125  423.0
329.6866455078125  355.0
514.1871337890625  512.0
515.4378662109375  563.0
517.5512084960938  512.0
563.8078002929688  669.0
441.1488037109375  505.0
433.73260498046875  260.0
404.41033935546875  401.0
381.00347900390625  424.0
507.52239990234375  457.0
368.7933349609375  396.0
288.33233642578125  319.0
512.425048828125  670.0
564.1416015625  562.0
514.2171630859375  559.0
518.6961669921875  526.0
MSE : 5943.080580239094
MAPE : 13.136310962023709
R2 Score : 0.7321460537114265
time : 475.14877716399496
