309.28668212890625  270.0
362.6937255859375  378.0
520.9865112304688  541.0
566.2582397460938  565.0
539.5060424804688  484.0
560.9937133789062  763.0
420.4332275390625  411.0
327.733642578125  329.0
538.2562866210938  520.0
496.455810546875  474.0
395.5942687988281  401.0
657.9528198242188  621.0
405.042236328125  363.0
385.12872314453125  353.0
500.544921875  533.0
605.3580932617188  589.0
412.38665771484375  505.0
253.20579528808594  233.0
199.30799865722656  194.0
424.9966125488281  337.0
361.5660400390625  363.0
574.5140991210938  494.0
549.4449462890625  649.0
522.9811401367188  517.0
536.224365234375  508.0
486.853271484375  538.0
568.7279663085938  603.0
560.2301635742188  490.0
538.9470825195312  565.0
271.83258056640625  283.0
554.9376220703125  522.0
378.55364990234375  328.0
582.2838134765625  569.0
608.5126953125  493.0
578.962890625  539.0
544.8381958007812  536.0
582.3775024414062  643.0
377.62078857421875  373.0
563.1149291992188  527.0
512.829345703125  528.0
544.112060546875  539.0
417.2248229980469  520.0
558.2453002929688  568.0
440.717529296875  550.0
128.10658264160156  173.0
563.7564086914062  607.0
558.6165161132812  584.0
368.36279296875  387.0
580.1080322265625  593.0
660.716064453125  606.0
587.7546997070312  567.0
272.3121032714844  229.0
384.7552490234375  360.0
556.9232177734375  669.0
380.18829345703125  386.0
300.2242126464844  345.0
557.3718872070312  519.0
653.0494995117188  593.0
325.95758056640625  343.0
555.6470336914062  493.0
352.96630859375  409.0
501.89276123046875  522.0
502.93670654296875  561.0
540.7195434570312  549.0
209.9703826904297  225.0
569.9049072265625  549.0
459.1053466796875  523.0
547.866455078125  552.0
227.60464477539062  228.0
664.3803100585938  668.0
600.372314453125  563.0
436.484619140625  449.0
496.44775390625  481.0
493.93487548828125  520.0
257.02447509765625  319.0
433.59002685546875  493.0
503.55511474609375  536.0
242.1098175048828  272.0
186.73300170898438  390.0
494.9236145019531  523.0
504.48065185546875  500.0
535.429443359375  535.0
393.6223449707031  433.0
426.7050476074219  467.0
441.53240966796875  433.0
573.57666015625  458.0
490.76910400390625  538.0
497.393310546875  478.0
624.6550903320312  685.0
326.762451171875  316.0
364.7029113769531  417.0
333.6627502441406  378.0
534.8192749023438  562.0
584.6769409179688  573.0
334.0525817871094  331.0
555.1052856445312  559.0
601.6295776367188  550.0
370.137451171875  374.0
570.1616821289062  569.0
402.4888916015625  378.0
MSE : 2750.9030327734563
MAPE : 8.075547501489567
R2 Score : 0.805403490224268
time : 2772.953915671911
