562.1021118164062  593.0
570.111572265625  542.0
334.6013488769531  314.0
359.42425537109375  319.0
756.2296142578125  763.0
173.10353088378906  152.0
604.0809936523438  557.0
277.5338134765625  279.0
601.2589721679688  582.0
517.7889404296875  495.0
548.6551513671875  512.0
513.0802001953125  508.0
522.5882568359375  533.0
610.8754272460938  615.0
574.83642578125  494.0
562.9750366210938  529.0
334.0295104980469  363.0
327.8664855957031  520.0
224.91265869140625  218.0
570.5433349609375  607.0
253.034423828125  329.0
198.62611389160156  190.0
337.5260925292969  430.0
280.42535400390625  348.0
200.62974548339844  223.0
387.869384765625  433.0
542.0830688476562  521.0
572.1204833984375  569.0
627.05126953125  578.0
549.0538940429688  773.0
198.06643676757812  293.0
506.156982421875  525.0
608.4536743164062  255.0
271.1975402832031  270.0
545.6869506835938  581.0
426.9940185546875  457.0
532.3297729492188  523.0
211.6769256591797  240.0
598.22998046875  494.0
542.870361328125  530.0
576.3793334960938  603.0
210.90232849121094  211.0
406.6040954589844  384.0
584.884521484375  569.0
524.5570678710938  519.0
491.4949951171875  512.0
577.7687377929688  584.0
400.64727783203125  407.0
543.4814453125  529.0
390.994384765625  415.0
583.9412231445312  563.0
563.7552490234375  530.0
208.77969360351562  208.0
277.2395324707031  301.0
330.6099853515625  368.0
609.7996826171875  589.0
549.4043579101562  513.0
430.9097900390625  396.0
522.884033203125  497.0
683.781982421875  618.0
567.771728515625  557.0
225.43341064453125  239.0
571.1029663085938  508.0
199.7995147705078  207.0
547.7655029296875  573.0
504.24517822265625  484.0
383.43927001953125  393.0
238.96212768554688  219.0
506.8865661621094  518.0
484.796142578125  600.0
451.2628479003906  475.0
386.09063720703125  377.0
563.6705322265625  551.0
504.2029113769531  478.0
596.0900268554688  616.0
642.2715454101562  493.0
531.34326171875  484.0
516.2653198242188  537.0
369.46771240234375  386.0
517.3101196289062  483.0
521.4501953125  517.0
173.3645782470703  203.0
644.9561157226562  547.0
317.9680480957031  330.0
533.8712158203125  562.0
305.034912109375  387.0
538.5751953125  562.0
263.6034240722656  278.0
203.36578369140625  207.0
235.675537109375  235.0
428.0546875  478.0
501.614990234375  538.0
404.8886413574219  418.0
295.661376953125  310.0
329.9714050292969  403.0
214.82008361816406  213.0
564.2632446289062  550.0
367.95892333984375  413.0
522.3502807617188  551.0
584.3731689453125  559.0
MSE : 3726.0483967740183
MAPE : 8.785021607677235
R2 Score : 0.8000081972615575
time : 1165.496655342169
