565.6752319335938  549.0
484.6734619140625  479.0
577.3724975585938  546.0
488.11767578125  472.0
344.0955810546875  390.0
568.0302124023438  555.0
608.7564086914062  577.0
581.9986572265625  493.0
451.0701599121094  419.0
622.284423828125  607.0
535.3392944335938  590.0
449.1934814453125  419.0
547.2047729492188  523.0
597.714599609375  580.0
433.56134033203125  505.0
533.3160400390625  556.0
333.40185546875  315.0
224.21348571777344  205.0
384.9873352050781  191.0
514.7853393554688  529.0
562.5606689453125  599.0
597.754150390625  656.0
227.19802856445312  233.0
353.0487976074219  315.0
502.79595947265625  497.0
327.5716552734375  330.0
452.68414306640625  539.0
490.98236083984375  520.0
253.1775360107422  348.0
587.7999877929688  567.0
442.819580078125  430.0
666.927001953125  638.0
497.00714111328125  502.0
551.4849853515625  493.0
584.0376586914062  673.0
409.9768981933594  403.0
348.41009521484375  333.0
485.9073486328125  488.0
284.5001525878906  333.0
243.85716247558594  226.0
525.3416137695312  554.0
536.2523803710938  530.0
431.8785400390625  410.0
521.7775268554688  542.0
340.6507568359375  358.0
487.1050720214844  459.0
204.59432983398438  197.0
561.1069946289062  539.0
587.2869262695312  557.0
188.0355682373047  215.0
531.3993530273438  546.0
494.6510009765625  503.0
279.75775146484375  344.0
606.9564819335938  615.0
577.4077758789062  668.0
263.8629455566406  254.0
412.323486328125  393.0
259.3560791015625  253.0
486.08197021484375  478.0
204.29396057128906  216.0
225.7136993408203  203.0
552.3377685546875  584.0
246.6852569580078  286.0
342.469970703125  293.0
574.6423950195312  566.0
217.02235412597656  225.0
601.9671630859375  550.0
584.657470703125  613.0
304.011474609375  260.0
443.133056640625  459.0
2.128347158432007  130.0
554.0372924804688  552.0
560.7703247070312  522.0
594.69189453125  574.0
428.84228515625  493.0
222.87606811523438  217.0
428.5670471191406  475.0
590.0647583007812  530.0
579.8071899414062  618.0
314.517333984375  348.0
554.959716796875  554.0
343.1658630371094  324.0
340.13812255859375  328.0
386.35699462890625  389.0
214.3202667236328  213.0
373.840087890625  402.0
384.17901611328125  377.0
610.7095336914062  595.0
261.63983154296875  293.0
241.0482177734375  251.0
395.4295654296875  360.0
334.61212158203125  378.0
576.8273315429688  626.0
434.59539794921875  520.0
430.1943359375  548.0
433.24005126953125  440.0
326.8720703125  366.0
589.4743041992188  616.0
MSE : 1984.847248852537
MAPE : 8.65907744328738
R2 Score : 0.8939779255194009
time : 1038.3820797251537
