417.6549987792969  311.0
580.5664672851562  673.0
561.6314697265625  643.0
574.6138305664062  493.0
240.39797973632812  203.0
529.4573974609375  618.0
269.76947021484375  308.0
240.1221160888672  213.0
332.5655517578125  377.0
527.1952514648438  551.0
240.081787109375  196.0
445.89691162109375  503.0
571.0714111328125  556.0
373.74468994140625  384.0
589.0095825195312  569.0
595.1074829101562  592.0
504.88531494140625  478.0
240.13720703125  379.0
363.43695068359375  333.0
314.6062316894531  335.0
334.31158447265625  415.0
285.3357238769531  284.0
580.77490234375  672.0
568.4312133789062  606.0
363.3980712890625  420.0
595.542236328125  685.0
526.851806640625  567.0
553.6665649414062  615.0
515.1373901367188  520.0
504.8965148925781  600.0
270.8151550292969  228.0
520.3228149414062  773.0
556.9093017578125  566.0
513.5977172851562  484.0
589.9262084960938  616.0
330.653564453125  366.0
514.90771484375  522.0
365.0168762207031  350.0
593.4557495117188  619.0
541.5824584960938  584.0
348.2930603027344  243.0
506.477294921875  500.0
574.7755126953125  513.0
504.85076904296875  481.0
363.8729248046875  315.0
397.30810546875  421.0
568.3179931640625  569.0
372.0592041015625  416.0
509.62176513671875  508.0
433.1742858886719  411.0
587.0452270507812  624.0
504.5329284667969  467.0
365.1904296875  387.0
558.9153442382812  565.0
540.34375  568.0
524.473876953125  563.0
268.5008239746094  365.0
243.46913146972656  240.0
516.727294921875  527.0
594.8792114257812  616.0
297.6014404296875  306.0
580.924072265625  595.0
593.403076171875  589.0
242.87823486328125  216.0
287.1337585449219  199.0
240.18325805664062  205.0
364.0955810546875  353.0
264.69561767578125  197.0
377.2944641113281  374.0
524.8453979492188  589.0
427.714111328125  505.0
521.225830078125  545.0
240.18023681640625  265.0
321.0157470703125  523.0
585.6775512695312  526.0
540.8346557617188  549.0
240.1973114013672  173.0
365.53521728515625  418.0
283.6527099609375  315.0
364.61236572265625  295.0
364.3300476074219  430.0
556.2613525390625  539.0
578.3251342773438  630.0
503.89312744140625  529.0
515.7415161132812  530.0
566.7703247070312  559.0
396.9073791503906  422.0
581.6396484375  587.0
594.36962890625  555.0
396.3333435058594  423.0
513.1548461914062  503.0
240.64991760253906  278.0
333.21661376953125  417.0
506.17291259765625  580.0
364.5594787597656  384.0
364.0111083984375  278.0
593.9227905273438  493.0
314.4882507324219  433.0
557.7525634765625  593.0
544.8931884765625  551.0
MSE : 3658.3508402268963
MAPE : 10.963810662871872
R2 Score : 0.8083104077489067
time : 1275.227805499002
