399.413818359375  410.0
549.2974853515625  508.0
549.2998657226562  568.0
549.3296508789062  507.0
549.3563842773438  536.0
290.2635803222656  378.0
346.8636169433594  318.0
516.4351196289062  520.0
549.2564697265625  556.0
267.1470947265625  377.0
549.2371826171875  563.0
549.0431518554688  668.0
329.8661804199219  314.0
396.6849670410156  433.0
231.41441345214844  187.0
283.0021667480469  363.0
549.3336791992188  472.0
215.51304626464844  215.0
549.3112182617188  529.0
549.0989379882812  541.0
549.2410888671875  560.0
248.97120666503906  240.0
464.4100341796875  457.0
549.3228149414062  590.0
425.6392517089844  503.0
266.530029296875  311.0
303.35296630859375  390.0
239.08831787109375  284.0
549.1944580078125  650.0
549.3180541992188  500.0
405.3614807128906  392.0
549.3356323242188  482.0
549.3508911132812  621.0
226.98448181152344  390.0
549.3218994140625  563.0
306.242919921875  233.0
548.3031616210938  419.0
549.1466064453125  656.0
249.0734100341797  330.0
386.7768249511719  330.0
549.3003540039062  541.0
549.2947387695312  589.0
245.63050842285156  324.0
212.29600524902344  191.0
379.83477783203125  366.0
247.12826538085938  348.0
549.3218994140625  555.0
256.1943664550781  293.0
395.9065856933594  226.0
242.5460662841797  239.0
549.3357543945312  459.0
441.9869079589844  626.0
396.0409851074219  421.0
232.8397979736328  190.0
549.3479614257812  531.0
396.2126770019531  397.0
549.3441772460938  478.0
549.2742919921875  577.0
548.8052368164062  643.0
447.1276550292969  459.0
286.6972961425781  423.0
549.3139038085938  618.0
218.6719512939453  228.0
549.3436889648438  481.0
238.9503936767578  225.0
549.3436889648438  561.0
396.3957824707031  425.0
396.3277893066406  389.0
232.01541137695312  315.0
549.3230590820312  502.0
299.6839294433594  281.0
549.3392944335938  493.0
220.7841033935547  313.0
234.00714111328125  195.0
291.4107360839844  379.0
549.2947998046875  653.0
549.319580078125  494.0
368.3635559082031  315.0
397.36614990234375  363.0
219.61915588378906  209.0
527.6137084960938  260.0
549.2012329101562  670.0
549.2930908203125  565.0
549.2957763671875  546.0
549.1622924804688  530.0
549.2271728515625  555.0
244.72927856445312  267.0
547.7560424804688  623.0
241.8928985595703  241.0
425.4574890136719  473.0
549.3072509765625  551.0
396.8404846191406  333.0
235.36000061035156  203.0
549.2697143554688  557.0
396.61395263671875  315.0
MSE : 4849.054417778971
MAPE : 13.27578448434257
R2 Score : 0.7419329440431228
time : 663.6420017529745
