545.1624755859375  539.0
544.88330078125  668.0
216.2081756591797  415.0
344.8612976074219  330.0
283.4364318847656  259.0
539.1480102539062  411.0
400.4272766113281  324.0
539.3319702148438  493.0
303.29150390625  152.0
545.3837890625  551.0
545.5034790039062  493.0
396.70660400390625  403.0
545.4833374023438  505.0
252.6265869140625  216.0
545.445556640625  503.0
545.6124267578125  494.0
545.409423828125  539.0
312.7535400390625  410.0
218.12106323242188  195.0
347.47119140625  432.0
398.9544982910156  360.0
312.8511047363281  221.0
545.5740966796875  560.0
545.5563354492188  578.0
348.7149353027344  321.0
326.3993225097656  387.0
275.78125  251.0
400.3353576660156  374.0
399.2547302246094  392.0
545.369140625  623.0
347.87652587890625  384.0
406.1312561035156  377.0
545.5343017578125  517.0
338.68756103515625  240.0
545.5802001953125  531.0
218.9279327392578  378.0
545.50146484375  532.0
273.9359130859375  253.0
348.47076416015625  249.0
545.6234130859375  543.0
274.3349914550781  270.0
539.7041015625  440.0
264.6959228515625  219.0
402.61553955078125  416.0
344.6250915527344  363.0
545.5646362304688  685.0
427.53619384765625  406.0
347.2633361816406  330.0
329.4888916015625  390.0
250.85450744628906  378.0
219.2179412841797  204.0
350.619873046875  366.0
537.0282592773438  520.0
400.2765197753906  363.0
545.5119018554688  484.0
545.6240844726562  537.0
398.6258239746094  545.0
545.57080078125  583.0
279.2428894042969  199.0
225.7501678466797  348.0
539.2169799804688  423.0
320.78021240234375  380.0
545.2516479492188  599.0
253.17364501953125  218.0
351.5057067871094  293.0
545.5160522460938  528.0
259.1038513183594  335.0
545.3499145507812  656.0
545.513671875  459.0
545.4255981445312  545.0
330.4498596191406  314.0
545.5158081054688  507.0
541.1248168945312  419.0
402.5902099609375  386.0
69.48419189453125  273.0
545.4243774414062  547.0
545.4454345703125  482.0
545.565185546875  501.0
120.48674011230469  419.0
346.8485107421875  433.0
545.5108032226562  533.0
545.4901733398438  678.0
545.4721069335938  562.0
545.6165161132812  549.0
435.3507995605469  673.0
545.430908203125  522.0
423.7654724121094  550.0
342.27728271484375  257.0
375.584716796875  343.0
545.4860229492188  497.0
545.5603637695312  589.0
541.9666137695312  505.0
276.83184814453125  225.0
468.6340026855469  473.0
233.05255126953125  213.0
400.29864501953125  395.0
400.71258544921875  344.0
295.2358093261719  268.0
545.5654296875  669.0
545.4786376953125  518.0
MSE : 6441.3276085085
MAPE : 15.4084626950663
R2 Score : 0.6209125316836355
time : 1100.4326338530518
