536.0708618164062  522.0
263.2956237792969  363.0
533.0382690429688  590.0
576.8482055664062  606.0
577.7200927734375  522.0
541.9823608398438  534.0
378.20416259765625  421.0
526.7579956054688  503.0
576.9445190429688  485.0
364.7068786621094  359.0
446.34002685546875  403.0
414.6458435058594  573.0
239.3525390625  221.0
399.4632568359375  401.0
534.2318725585938  502.0
577.8482055664062  673.0
379.47845458984375  373.0
577.3306884765625  525.0
539.2310791015625  523.0
578.4880981445312  773.0
245.12594604492188  254.0
576.6365356445312  411.0
551.2346801757812  500.0
258.5487365722656  376.0
225.33677673339844  171.0
578.198974609375  478.0
309.39764404296875  251.0
576.1837768554688  503.0
577.5187377929688  577.0
395.6422119140625  314.0
525.7138061523438  545.0
406.9770202636719  330.0
233.4246368408203  190.0
400.13720703125  498.0
543.2500610351562  478.0
577.4085693359375  559.0
577.9047241210938  604.0
577.9960327148438  474.0
542.3663330078125  527.0
376.9908447265625  348.0
575.7359619140625  484.0
578.0567626953125  604.0
258.89752197265625  187.0
574.5530395507812  470.0
568.1410522460938  488.0
541.7589111328125  481.0
578.4241943359375  603.0
396.7253723144531  324.0
559.5982666015625  559.0
400.4566955566406  523.0
577.5789794921875  535.0
577.627197265625  562.0
577.45947265625  530.0
392.1710510253906  359.0
571.8251953125  584.0
577.1674194335938  484.0
357.957763671875  378.0
320.9669494628906  208.0
534.8683471679688  548.0
577.7879028320312  533.0
570.6484375  497.0
577.839111328125  630.0
399.0588073730469  407.0
232.72288513183594  390.0
397.5652770996094  363.0
307.0453796386719  385.0
556.8198852539062  527.0
524.4754028320312  519.0
365.30120849609375  319.0
550.4209594726562  623.0
576.8992919921875  491.0
318.9647216796875  235.0
237.61630249023438  195.0
387.47637939453125  301.0
337.6752014160156  393.0
577.7627563476562  517.0
577.1593017578125  578.0
278.0952453613281  251.0
362.51605224609375  327.0
357.5303649902344  377.0
228.8054656982422  188.0
397.5610656738281  520.0
576.2305297851562  573.0
340.973876953125  337.0
387.5018310546875  293.0
570.9898681640625  500.0
225.15257263183594  196.0
485.15875244140625  440.0
578.2432250976562  580.0
519.4892578125  419.0
565.4628295898438  501.0
247.70448303222656  345.0
577.54296875  528.0
325.9598693847656  330.0
444.0711975097656  325.0
379.1552429199219  418.0
247.1370849609375  482.0
284.9993591308594  418.0
577.5569458007812  589.0
MSE : 5347.792815196728
MAPE : 14.312260155436933
R2 Score : 0.6637361194537132
time : 486.04171743101324
