336.52752685546875  345.0
196.4507293701172  197.0
307.1852722167969  330.0
337.507080078125  319.0
327.10296630859375  324.0
497.890869140625  449.0
686.39208984375  658.0
654.8262939453125  685.0
283.3392028808594  315.0
249.03611755371094  207.0
539.0269775390625  529.0
530.8284301757812  527.0
522.35546875  545.0
482.89666748046875  484.0
564.1838989257812  580.0
434.64483642578125  440.0
456.6349182128906  548.0
566.3480834960938  562.0
351.0559997558594  398.0
562.5947265625  584.0
525.4971313476562  533.0
308.6910705566406  390.0
613.1209716796875  615.0
528.0865478515625  539.0
624.5257568359375  604.0
336.4337158203125  344.0
492.4826965332031  484.0
551.9849243164062  531.0
330.6584167480469  418.0
555.29736328125  668.0
499.0852355957031  523.0
522.8858642578125  520.0
516.3107299804688  521.0
502.4383850097656  520.0
241.5565643310547  228.0
264.01629638671875  251.0
318.4778137207031  265.0
572.747314453125  550.0
554.7566528320312  560.0
226.85963439941406  272.0
577.7529296875  545.0
565.1968994140625  557.0
581.5694580078125  573.0
334.2764892578125  415.0
535.2825317382812  536.0
300.84051513671875  293.0
391.68743896484375  409.0
329.9239807128906  350.0
314.88299560546875  266.0
209.5074005126953  233.0
194.52015686035156  218.0
737.3634033203125  595.0
588.1765747070312  543.0
489.9916076660156  478.0
438.14141845703125  505.0
232.82748413085938  211.0
562.76025390625  549.0
482.8230895996094  503.0
562.3191528320312  551.0
516.011962890625  508.0
509.1811218261719  458.0
509.02362060546875  509.0
587.034912109375  668.0
573.186767578125  573.0
666.5167846679688  649.0
560.6879272460938  584.0
293.9282531738281  366.0
317.3623962402344  191.0
574.6668701171875  555.0
414.2810974121094  363.0
614.9385375976562  670.0
610.3779296875  616.0
529.695556640625  522.0
366.43695068359375  379.0
504.5433654785156  499.0
385.2070617675781  363.0
506.48553466796875  493.0
484.85711669921875  501.0
352.971923828125  355.0
648.0783081054688  616.0
480.7443542480469  498.0
539.9070434570312  554.0
571.263916015625  580.0
413.85498046875  433.0
538.8025512695312  531.0
347.2416687011719  330.0
247.3797607421875  187.0
516.9127197265625  512.0
559.3079833984375  535.0
264.04150390625  259.0
367.1304626464844  386.0
501.9305725097656  495.0
603.4923095703125  583.0
555.3095703125  528.0
563.7408447265625  568.0
183.51016235351562  255.0
341.7007141113281  425.0
521.8509521484375  549.0
MSE : 1573.3798617057796
MAPE : 7.0234643544695246
R2 Score : 0.9062495645141253
time : 1177.3717962689989
