514.5263671875  508.0
559.0654907226562  560.0
451.4986572265625  503.0
416.1260986328125  403.0
512.2161865234375  534.0
549.5592041015625  552.0
535.6768798828125  544.0
240.75820922851562  205.0
352.27032470703125  319.0
217.61932373046875  223.0
486.5538024902344  486.0
497.1346130371094  474.0
390.4026794433594  360.0
581.9130249023438  606.0
212.8889923095703  293.0
533.2537841796875  529.0
419.52496337890625  387.0
509.9284362792969  485.0
517.8065185546875  374.0
364.83197021484375  432.0
501.94696044921875  519.0
539.5985107421875  672.0
221.6929473876953  221.0
224.48968505859375  213.0
410.0425720214844  388.0
569.5137939453125  569.0
575.9548950195312  562.0
501.2868957519531  493.0
538.7220458984375  539.0
389.2831726074219  387.0
444.5078125  457.0
538.507080078125  539.0
328.06597900390625  308.0
384.2947082519531  345.0
343.2044677734375  345.0
596.0205078125  579.0
199.13392639160156  213.0
530.7302856445312  525.0
560.8467407226562  581.0
562.3856811523438  538.0
354.9188232421875  347.0
521.1253051757812  650.0
322.9729919433594  319.0
577.9314575195312  567.0
534.2140502929688  529.0
189.14468383789062  197.0
586.8013916015625  566.0
578.306884765625  673.0
370.45343017578125  409.0
427.597900390625  378.0
407.6999206542969  363.0
306.7328186035156  320.0
385.13531494140625  386.0
657.8716430664062  618.0
497.6851501464844  484.0
590.4644165039062  562.0
597.827880859375  616.0
509.48663330078125  488.0
388.89129638671875  359.0
509.36773681640625  513.0
368.58502197265625  363.0
414.49755859375  374.0
374.52001953125  416.0
389.9870910644531  366.0
555.4967651367188  555.0
361.77685546875  333.0
507.0830383300781  503.0
232.37347412109375  213.0
474.8985290527344  500.0
452.76348876953125  493.0
417.6708679199219  411.0
546.287109375  563.0
548.3602294921875  566.0
503.70233154296875  481.0
591.1148071289062  580.0
649.2152709960938  643.0
491.2371520996094  500.0
213.64105224609375  208.0
524.5924682617188  522.0
381.9759826660156  373.0
369.1244201660156  348.0
309.1859436035156  324.0
367.0971984863281  362.0
542.309814453125  491.0
551.1055908203125  550.0
523.1165771484375  541.0
303.6518249511719  311.0
595.0255737304688  616.0
542.7564697265625  525.0
623.7350463867188  670.0
232.70738220214844  221.0
518.3743286132812  559.0
585.2887573242188  575.0
182.80416870117188  192.0
444.271484375  545.0
357.8323059082031  355.0
303.2326965332031  315.0
476.2081298828125  472.0
412.3015441894531  420.0
MSE : 1293.9287215122915
MAPE : 5.371243742392366
R2 Score : 0.9173327323234625
time : 1360.8097378320526
