590.1096801757812  475.0
295.7637634277344  226.0
297.2319030761719  229.0
388.13250732421875  333.0
248.63851928710938  220.0
594.5139770507812  411.0
531.3786010742188  497.0
505.7816467285156  505.0
531.7845458984375  530.0
415.3955993652344  422.0
570.9799194335938  561.0
610.3844604492188  593.0
621.2926025390625  563.0
584.072998046875  584.0
417.4582214355469  467.0
266.9696044921875  206.0
551.4494018554688  564.0
567.3121948242188  580.0
372.2536315917969  360.0
227.3513946533203  203.0
328.7553405761719  330.0
493.1877136230469  493.0
486.9059753417969  479.0
483.2488098144531  538.0
606.9790649414062  566.0
293.2294006347656  323.0
223.9506378173828  130.0
389.1971740722656  260.0
559.2052001953125  546.0
403.2163391113281  482.0
468.9091491699219  420.0
238.2724151611328  173.0
402.1865234375  363.0
531.76904296875  527.0
329.74090576171875  191.0
271.26312255859375  211.0
552.5097045898438  549.0
622.1090087890625  615.0
555.4979858398438  584.0
412.3576354980469  360.0
471.6151428222656  546.0
376.71527099609375  360.0
409.6288757324219  393.0
382.6112365722656  374.0
534.616455078125  551.0
219.87242126464844  194.0
545.8330688476562  565.0
624.6287841796875  670.0
543.660888671875  500.0
295.4199523925781  257.0
505.6337585449219  541.0
555.3533935546875  568.0
428.9170837402344  498.0
513.2531127929688  457.0
373.9617004394531  325.0
216.5085906982422  188.0
245.6781768798828  213.0
309.0016174316406  272.0
370.58984375  187.0
534.3658447265625  517.0
396.0668640136719  433.0
362.8949279785156  390.0
552.414794921875  550.0
546.882080078125  520.0
303.40716552734375  324.0
398.3006286621094  410.0
270.1059875488281  302.0
513.7018432617188  526.0
541.7659301757812  494.0
503.5503234863281  624.0
375.6669006347656  267.0
532.9906005859375  508.0
619.11767578125  550.0
238.04034423828125  259.0
227.52304077148438  313.0
624.7579345703125  566.0
561.4395141601562  562.0
333.180419921875  345.0
258.04473876953125  218.0
526.6076049804688  525.0
271.6085510253906  251.0
239.49661254882812  152.0
327.5809020996094  348.0
491.7232360839844  599.0
563.8095703125  563.0
387.7499084472656  378.0
490.232666015625  554.0
535.9103393554688  508.0
384.8794860839844  333.0
371.96051025390625  359.0
402.6904602050781  386.0
610.476806640625  470.0
367.4039001464844  377.0
513.7090454101562  519.0
506.8078308105469  618.0
219.83255004882812  207.0
362.0608825683594  421.0
551.3192138671875  522.0
552.2056884765625  535.0
370.916259765625  319.0
MSE : 3260.1089617906277
MAPE : 12.94602989279376
R2 Score : 0.8290404000850244
time : 1564.956015670905
