358.70855712890625  355.0
403.7484130859375  373.0
508.49725341796875  539.0
340.862548828125  337.0
584.119384765625  552.0
535.093017578125  523.0
610.3709716796875  493.0
497.4921875  470.0
205.86692810058594  243.0
571.864990234375  618.0
379.8586730957031  360.0
551.5204467773438  503.0
229.2711944580078  229.0
607.6162719726562  543.0
421.1903991699219  411.0
566.355224609375  566.0
550.72314453125  538.0
401.9478454589844  386.0
577.5543212890625  546.0
318.2074279785156  323.0
336.3122863769531  378.0
532.0952758789062  519.0
253.058349609375  311.0
549.1913452148438  533.0
420.6162414550781  403.0
515.2910766601562  557.0
200.64346313476562  206.0
395.5929260253906  416.0
211.82139587402344  220.0
477.6398010253906  449.0
618.1123046875  654.0
279.2239990234375  283.0
330.4465637207031  333.0
565.799072265625  554.0
415.3933410644531  401.0
554.746826171875  512.0
204.02896118164062  171.0
440.09197998046875  444.0
583.4005126953125  561.0
577.7152709960938  623.0
321.0062561035156  298.0
509.3137512207031  488.0
378.64520263671875  420.0
447.85040283203125  358.0
203.8571014404297  194.0
471.865234375  459.0
513.75048828125  569.0
495.13751220703125  475.0
321.0026550292969  265.0
204.32350158691406  192.0
558.2267456054688  566.0
202.89776611328125  196.0
278.0113220214844  199.0
520.5726318359375  563.0
623.4259033203125  563.0
535.1160278320312  541.0
498.46868896484375  505.0
403.65081787109375  374.0
464.9281921386719  467.0
216.36692810058594  272.0
224.0635223388672  223.0
556.5709838867188  600.0
505.2256164550781  484.0
401.4795227050781  415.0
285.02667236328125  281.0
523.9781494140625  501.0
511.82672119140625  490.0
563.6437377929688  539.0
536.1417846679688  508.0
593.82177734375  573.0
509.4178771972656  492.0
329.7492370605469  316.0
594.0178833007812  520.0
557.1319580078125  508.0
147.24868774414062  199.0
446.3329162597656  424.0
394.3085021972656  378.0
500.1881408691406  444.0
542.3383178710938  411.0
569.20458984375  545.0
495.2443542480469  503.0
572.7978515625  673.0
391.4824523925781  363.0
409.66693115234375  395.0
246.25059509277344  253.0
217.60763549804688  272.0
422.5464782714844  433.0
257.20001220703125  284.0
575.5625610351562  593.0
421.09161376953125  393.0
598.6593627929688  603.0
397.7237854003906  418.0
596.1909790039062  604.0
630.1304931640625  592.0
550.4832763671875  565.0
MSE : 1428.127030336798
MAPE : 7.082912017886395
R2 Score : 0.9121285851198113
time : 1943.6914636590518
