531.7156372070312  546.0
496.7986145019531  473.0
197.74794006347656  206.0
431.355712890625  403.0
551.68505859375  552.0
582.9384155273438  649.0
349.5632629394531  329.0
238.0611572265625  228.0
531.7882690429688  519.0
542.563720703125  653.0
529.7313842773438  490.0
594.2748413085938  678.0
566.037109375  621.0
539.0421752929688  530.0
561.5166625976562  566.0
197.76368713378906  204.0
360.5689697265625  384.0
581.64013671875  581.0
498.53271484375  518.0
500.1859436035156  491.0
568.5452270507812  563.0
557.7738647460938  551.0
377.52838134765625  418.0
289.06756591796875  308.0
286.73992919921875  251.0
569.0097045898438  563.0
437.7945556640625  419.0
197.02554321289062  152.0
526.4450073242188  488.0
514.6743774414062  517.0
553.358154296875  668.0
570.8278198242188  615.0
203.10816955566406  221.0
293.8822937011719  387.0
360.0208435058594  355.0
360.2052917480469  256.0
377.7547302246094  482.0
574.8734741210938  673.0
283.715087890625  233.0
365.07537841796875  315.0
578.3244018554688  573.0
508.86541748046875  493.0
289.406982421875  249.0
562.9303588867188  530.0
313.3286437988281  324.0
506.3695068359375  495.0
572.313720703125  658.0
597.8529052734375  587.0
601.6659545898438  569.0
197.70321655273438  194.0
592.4498291015625  615.0
364.71435546875  409.0
398.1692199707031  397.0
532.6058959960938  539.0
493.3175048828125  508.0
578.9336547851562  590.0
429.7103576660156  373.0
554.9166870117188  401.0
563.2579345703125  545.0
434.03045654296875  419.0
597.2373657226562  590.0
545.1874389648438  569.0
287.2744140625  283.0
572.7605590820312  583.0
377.7281799316406  379.0
360.4659423828125  331.0
599.0277099609375  589.0
364.87518310546875  475.0
489.69415283203125  485.0
237.4298858642578  235.0
502.44854736328125  537.0
598.138671875  626.0
449.60614013671875  503.0
428.9609069824219  388.0
253.86622619628906  253.0
529.1310424804688  503.0
520.3778686523438  532.0
509.5785827636719  470.0
493.3662109375  529.0
375.67022705078125  344.0
239.0303497314453  358.0
198.46131896972656  209.0
497.60455322265625  488.0
560.8019409179688  550.0
355.5448303222656  378.0
280.9720458984375  270.0
454.34136962890625  473.0
339.90106201171875  378.0
590.976806640625  658.0
297.2242431640625  418.0
295.37158203125  301.0
378.0724182128906  363.0
556.4046020507812  603.0
538.6608276367188  568.0
540.4810180664062  449.0
211.39407348632812  216.0
379.778076171875  378.0
345.26202392578125  359.0
377.8880310058594  384.0
562.7018432617188  556.0
MSE : 2145.0196072716335
MAPE : 7.5268879661394665
R2 Score : 0.881268959892571
time : 2195.246733783046
