510.93243408203125  474.0
184.6214599609375  208.0
540.2703857421875  773.0
302.60089111328125  320.0
223.97462463378906  219.0
353.9060363769531  388.0
543.8156127929688  520.0
512.942138671875  502.0
397.5093688964844  394.0
522.306396484375  527.0
411.019287109375  379.0
553.4931640625  542.0
585.1302490234375  563.0
546.4374389648438  584.0
307.20263671875  295.0
546.1484985351562  512.0
211.47979736328125  209.0
368.6328430175781  191.0
398.78033447265625  329.0
563.5914306640625  546.0
400.9265441894531  410.0
540.1383666992188  481.0
528.9823608398438  491.0
567.0865478515625  621.0
586.3468627929688  550.0
186.79693603515625  195.0
493.2156066894531  482.0
463.022216796875  505.0
177.70655822753906  213.0
400.7165832519531  353.0
198.18663024902344  206.0
365.91888427734375  424.0
367.18951416015625  226.0
502.4175109863281  539.0
497.838134765625  475.0
249.9766387939453  278.0
525.4303588867188  388.0
508.13427734375  532.0
497.5245666503906  467.0
559.0745239257812  624.0
587.9549560546875  582.0
312.1236267089844  324.0
189.49241638183594  233.0
404.3528747558594  384.0
517.7891235351562  603.0
417.67364501953125  363.0
331.4961242675781  344.0
488.93743896484375  493.0
322.66522216796875  330.0
362.86090087890625  267.0
230.4950408935547  243.0
260.6735534667969  278.0
539.5797729492188  551.0
528.5148315429688  528.0
589.6600341796875  579.0
218.85894775390625  228.0
510.27508544921875  478.0
582.7962646484375  561.0
414.5263366699219  360.0
619.2425537109375  494.0
353.4726257324219  406.0
553.2842407226562  555.0
565.795654296875  670.0
454.78277587890625  423.0
311.4603271484375  304.0
580.815673828125  523.0
235.9796600341797  286.0
216.93893432617188  243.0
263.1261291503906  323.0
504.5733337402344  483.0
513.4439697265625  459.0
532.4661254882812  554.0
502.2537536621094  360.0
501.36114501953125  500.0
592.2327880859375  623.0
539.8980712890625  488.0
541.2644653320312  512.0
198.95327758789062  216.0
562.9097900390625  444.0
380.6142578125  390.0
336.4393615722656  348.0
308.6427307128906  316.0
574.6702270507812  525.0
384.84228515625  386.0
551.7880249023438  530.0
584.3631591796875  668.0
366.5399475097656  415.0
316.6998291015625  333.0
554.9292602539062  618.0
199.50335693359375  220.0
545.7260131835938  545.0
561.0511474609375  763.0
587.6155395507812  626.0
591.7445678710938  603.0
MSE : 3567.178071983612
MAPE : 10.15045096610666
R2 Score : 0.8151951162788204
time : 1072.185813235119
