504.4704895019531  537.0
195.85101318359375  204.0
560.7429809570312  545.0
360.89129638671875  318.0
515.9303588867188  526.0
354.2795104980469  349.0
530.07568359375  509.0
232.3769073486328  316.0
397.7270812988281  363.0
265.5791015625  226.0
645.8646850585938  545.0
238.27330017089844  253.0
200.9692840576172  203.0
618.177734375  619.0
316.4751281738281  270.0
200.0148468017578  215.0
389.76165771484375  401.0
235.30575561523438  235.0
524.0097045898438  549.0
420.9552001953125  407.0
316.6629943847656  380.0
324.5116271972656  199.0
313.14935302734375  353.0
519.78125  528.0
586.364501953125  593.0
394.4300842285156  344.0
424.7306213378906  545.0
416.97552490234375  392.0
574.4547729492188  584.0
646.5801391601562  595.0
319.6960754394531  387.0
559.5535278320312  569.0
486.88104248046875  520.0
591.0223999023438  533.0
603.9891967773438  630.0
548.0182495117188  529.0
529.4398193359375  538.0
369.13787841796875  329.0
382.4239196777344  403.0
249.87644958496094  348.0
603.37109375  632.0
486.3255920410156  500.0
605.6768188476562  618.0
553.0662231445312  560.0
301.7855224609375  304.0
224.86953735351562  366.0
556.1979370117188  520.0
597.8973388671875  603.0
596.971435546875  590.0
377.3544616699219  379.0
468.1499328613281  498.0
192.3872528076172  197.0
484.8935241699219  538.0
601.2594604492188  590.0
509.1892395019531  474.0
324.1487121582031  300.0
439.6439208984375  548.0
582.6138916015625  678.0
339.9755554199219  328.0
222.79595947265625  278.0
491.1585388183594  513.0
522.4208374023438  503.0
399.77935791015625  187.0
329.4241027832031  257.0
379.15570068359375  362.0
527.6375732421875  527.0
386.4034118652344  409.0
401.0682678222656  313.0
431.1427001953125  360.0
312.5174560546875  323.0
524.6213989257812  531.0
320.6382141113281  249.0
541.8555908203125  490.0
390.93829345703125  385.0
526.7567749023438  521.0
559.2469482421875  626.0
225.99844360351562  272.0
490.06439208984375  606.0
388.918701171875  360.0
429.3160400390625  396.0
202.46273803710938  206.0
546.5407104492188  492.0
367.4635009765625  359.0
560.548583984375  536.0
556.7991333007812  621.0
163.81675720214844  213.0
163.83975219726562  191.0
573.1381225585938  606.0
511.76885986328125  604.0
600.1992797851562  673.0
209.51560974121094  216.0
429.2317199707031  393.0
422.4023132324219  411.0
563.6978759765625  604.0
540.7346801757812  493.0
522.6442260742188  527.0
430.0595397949219  388.0
529.4480590820312  541.0
640.6996459960938  668.0
484.9799499511719  500.0
MSE : 2723.118280253718
MAPE : 10.07585159596779
R2 Score : 0.8580965093041959
time : 3313.5530671239976
