557.544677734375  566.0
556.79150390625  527.0
511.1775207519531  485.0
394.2395935058594  402.0
566.4041137695312  533.0
225.0660858154297  228.0
560.6807861328125  685.0
517.018310546875  517.0
359.466796875  344.0
593.932373046875  630.0
497.4996337890625  512.0
385.5022888183594  360.0
294.6400146484375  324.0
387.4808349609375  420.0
503.2223205566406  467.0
542.6087036132812  529.0
503.0718078613281  499.0
324.380126953125  349.0
585.0891723632812  550.0
324.4986877441406  327.0
553.8786010742188  527.0
583.732177734375  616.0
566.2376098632812  560.0
538.430419921875  545.0
324.25286865234375  387.0
379.8427429199219  475.0
519.001708984375  497.0
271.6421813964844  270.0
394.50531005859375  363.0
574.1604614257812  618.0
506.97198486328125  474.0
222.25086975097656  190.0
556.2968139648438  530.0
476.6872863769531  503.0
624.3213500976562  603.0
386.0727233886719  328.0
562.9680786132812  544.0
579.4445190429688  616.0
504.664794921875  495.0
534.555908203125  490.0
620.6849975585938  520.0
496.10406494140625  685.0
517.047119140625  528.0
187.75936889648438  207.0
547.1852416992188  580.0
367.889892578125  433.0
244.3917236328125  251.0
394.17059326171875  363.0
526.4298706054688  520.0
237.9850616455078  218.0
325.0024108886719  304.0
549.7318725585938  562.0
573.0584716796875  649.0
531.5286254882812  531.0
288.24908447265625  228.0
204.33843994140625  171.0
458.50140380859375  459.0
626.2720947265625  580.0
641.7567138671875  578.0
589.7242431640625  508.0
627.5573120117188  618.0
324.39190673828125  278.0
260.22894287109375  293.0
192.47938537597656  188.0
324.0904541015625  380.0
597.6881713867188  613.0
417.5498046875  421.0
401.85577392578125  267.0
246.7376251220703  319.0
504.2216796875  518.0
543.8811645507812  560.0
380.10150146484375  350.0
503.53717041015625  519.0
572.7835083007812  563.0
251.78277587890625  251.0
514.1265869140625  494.0
422.4879150390625  325.0
404.1717529296875  313.0
552.510498046875  493.0
418.7220458984375  397.0
250.73036193847656  259.0
207.52955627441406  130.0
325.0262451171875  265.0
512.9629516601562  486.0
356.1575927734375  373.0
500.1365966796875  493.0
620.8323974609375  560.0
416.29742431640625  368.0
374.11676025390625  378.0
396.90948486328125  379.0
359.3673400878906  347.0
316.98760986328125  273.0
550.0828857421875  541.0
604.9119262695312  563.0
506.5780029296875  503.0
216.1482391357422  213.0
324.4153747558594  329.0
378.80560302734375  348.0
394.52886962890625  363.0
550.7791748046875  565.0
MSE : 2096.5348024089635
MAPE : 8.527276433308979
R2 Score : 0.8803901143360835
time : 1715.3534997160023
