499.3255615234375  508.0
532.9774169921875  488.0
268.00994873046875  253.0
572.1470336914062  563.0
576.1923217773438  618.0
563.8942260742188  580.0
219.9009552001953  228.0
458.15679931640625  505.0
568.4456176757812  581.0
558.3828125  607.0
528.7827758789062  581.0
437.8021240234375  411.0
708.0488891601562  624.0
489.5459899902344  545.0
445.2489929199219  363.0
410.6379699707031  396.0
405.3940734863281  459.0
667.9175415039062  615.0
310.60614013671875  310.0
622.3855590820312  606.0
214.39125061035156  221.0
561.9300537109375  546.0
473.5964050292969  503.0
570.0736083984375  508.0
240.2908172607422  203.0
295.4423828125  388.0
462.4166564941406  470.0
213.05723571777344  194.0
358.3988342285156  225.0
561.6497802734375  556.0
286.50482177734375  281.0
278.2577209472656  293.0
650.6527099609375  600.0
668.0534057617188  619.0
244.55606079101562  302.0
532.8202514648438  552.0
563.433837890625  529.0
541.2360229492188  541.0
222.75978088378906  379.0
402.2690734863281  360.0
312.4419250488281  272.0
209.1572723388672  203.0
555.9116821289062  569.0
429.7549743652344  520.0
294.7106018066406  308.0
673.8157348632812  632.0
519.1898193359375  603.0
384.1161193847656  423.0
402.9773864746094  345.0
550.1953735351562  604.0
492.1136779785156  523.0
256.770751953125  300.0
601.5157470703125  566.0
364.73095703125  333.0
553.260498046875  626.0
520.4995727539062  481.0
536.3576049804688  517.0
550.2346801757812  549.0
615.994873046875  547.0
351.0232849121094  374.0
554.7360229492188  530.0
575.3817138671875  579.0
481.7264709472656  430.0
342.022216796875  315.0
367.9380798339844  390.0
360.8248291015625  286.0
349.9198913574219  402.0
387.0266418457031  475.0
545.369140625  538.0
238.2729949951172  251.0
413.5980529785156  478.0
534.9547119140625  500.0
212.65037536621094  194.0
529.7892456054688  500.0
262.5992736816406  324.0
301.2455749511719  251.0
244.23350524902344  373.0
475.1246643066406  508.0
644.043701171875  630.0
369.4423522949219  337.0
427.73846435546875  411.0
220.3447723388672  206.0
517.116455078125  187.0
381.4423522949219  197.0
433.3352355957031  523.0
559.2178344726562  566.0
226.7630615234375  315.0
516.1422729492188  525.0
561.9903564453125  552.0
680.0787963867188  595.0
254.2864532470703  318.0
394.0182189941406  473.0
492.0092468261719  423.0
640.361328125  563.0
186.42269897460938  130.0
544.052490234375  560.0
381.8933410644531  392.0
401.0771484375  433.0
221.27381896972656  197.0
472.1024475097656  500.0
MSE : 3958.4219938832894
MAPE : 12.687168534234353
R2 Score : 0.7886782833840779
time : 3495.860709911911
