607.470458984375  566.0
531.7637329101562  493.0
481.5876770019531  486.0
388.6787109375  402.0
607.0547485351562  533.0
233.55140686035156  228.0
606.8599853515625  685.0
545.3051147460938  517.0
329.43096923828125  344.0
543.8865356445312  630.0
486.9335632324219  512.0
335.07110595703125  360.0
349.62701416015625  324.0
379.872802734375  420.0
483.9189453125  467.0
515.6241455078125  529.0
509.7506408691406  499.0
341.01031494140625  349.0
351.7836608886719  327.0
570.7125244140625  527.0
627.88134765625  616.0
564.1325073242188  544.0
565.3081665039062  545.0
378.351318359375  387.0
470.70477294921875  475.0
514.31884765625  497.0
276.2330322265625  251.0
364.799072265625  363.0
567.38525390625  618.0
493.3809814453125  474.0
218.15505981445312  190.0
530.6133422851562  530.0
452.2183837890625  503.0
611.93310546875  603.0
345.9856262207031  328.0
578.34130859375  616.0
515.0938720703125  495.0
489.4529724121094  490.0
407.695556640625  520.0
581.7559814453125  685.0
528.97216796875  528.0
228.06568908691406  207.0
477.8128967285156  580.0
364.26251220703125  433.0
434.1060485839844  363.0
531.0413208007812  520.0
209.55796813964844  218.0
344.762939453125  304.0
543.3783569335938  562.0
750.8715209960938  649.0
533.2825927734375  531.0
263.755126953125  228.0
226.71148681640625  171.0
428.87451171875  459.0
580.0918579101562  580.0
623.219482421875  578.0
533.3198852539062  508.0
567.4786376953125  618.0
316.80841064453125  278.0
299.4914855957031  293.0
208.55335998535156  188.0
375.47930908203125  380.0
543.3109130859375  613.0
382.0783386230469  421.0
347.8604431152344  267.0
236.8518829345703  319.0
514.7703247070312  518.0
520.7503662109375  560.0
366.0583190917969  350.0
518.9136352539062  519.0
473.81719970703125  563.0
265.9588928222656  251.0
361.7178649902344  325.0
284.4664001464844  313.0
377.2139587402344  397.0
250.2567901611328  259.0
197.04347229003906  130.0
306.92340087890625  265.0
427.14984130859375  373.0
566.4403686523438  493.0
652.5203857421875  560.0
383.2847595214844  368.0
386.9948425292969  379.0
349.999267578125  347.0
312.3589782714844  273.0
526.5577392578125  541.0
533.03271484375  563.0
517.074462890625  503.0
227.67808532714844  213.0
379.3587341308594  329.0
336.9029235839844  348.0
383.98712158203125  363.0
624.2435913085938  565.0
MSE : 1883.0483607224799
MAPE : 8.357211611145626
R2 Score : 0.8957127895168445
time : 646.0320280799933
