382.3278503417969  422.0
560.9671630859375  551.0
547.2786865234375  503.0
553.3011474609375  626.0
418.8701171875  401.0
658.8576049804688  678.0
313.9158630371094  226.0
356.0925598144531  359.0
187.42665100097656  203.0
341.2518615722656  318.0
326.1003723144531  378.0
563.3463134765625  494.0
523.4075317382812  522.0
170.78172302246094  331.0
224.84796142578125  203.0
514.3360595703125  515.0
488.847900390625  512.0
248.5828094482422  228.0
333.6217346191406  355.0
609.97802734375  658.0
327.50518798828125  279.0
625.7989501953125  543.0
579.2517700195312  562.0
550.9568481445312  561.0
498.0508117675781  488.0
196.5275421142578  273.0
618.0733032226562  616.0
338.1794738769531  328.0
412.7721862792969  415.0
527.49267578125  526.0
462.08941650390625  449.0
286.2605895996094  267.0
528.1279907226562  529.0
536.6248779296875  523.0
668.6939697265625  603.0
509.7370300292969  518.0
472.0655212402344  482.0
373.5018005371094  433.0
476.8219909667969  478.0
508.7763977050781  508.0
259.6578674316406  249.0
406.1386413574219  420.0
384.1925354003906  373.0
266.1532287597656  293.0
606.5848388671875  643.0
192.86634826660156  206.0
551.4210205078125  517.0
552.4802856445312  505.0
587.9288940429688  616.0
653.7423095703125  519.0
188.87042236328125  194.0
207.7083282470703  373.0
586.9195556640625  555.0
408.8667907714844  403.0
503.7559509277344  458.0
392.1394348144531  395.0
281.6416320800781  241.0
221.7827606201172  255.0
644.21337890625  616.0
376.0517883300781  394.0
492.7724914550781  503.0
376.8558044433594  409.0
321.5060119628906  365.0
347.84014892578125  386.0
523.3948974609375  528.0
576.9219970703125  535.0
591.912841796875  566.0
548.0904541015625  533.0
551.6205444335938  549.0
335.9610290527344  343.0
261.1706848144531  223.0
488.7975158691406  520.0
269.4951477050781  220.0
543.7001953125  552.0
543.6567993164062  568.0
564.6727294921875  618.0
282.9957580566406  239.0
644.3555908203125  623.0
196.47105407714844  390.0
492.8211975097656  563.0
547.3253784179688  527.0
587.531982421875  574.0
318.780029296875  331.0
546.4303588867188  491.0
211.4640350341797  221.0
366.5249938964844  409.0
355.4521484375  355.0
547.6612548828125  563.0
424.2720642089844  444.0
670.6029052734375  668.0
334.4700622558594  324.0
737.1467895507812  658.0
300.1841735839844  379.0
207.93992614746094  171.0
262.6562194824219  392.0
570.3109741210938  580.0
409.885009765625  407.0
220.58717346191406  218.0
281.1277770996094  348.0
332.0666198730469  315.0
MSE : 2416.0658129020476
MAPE : 8.602192873041487
R2 Score : 0.8641906531806985
time : 3046.700849885001
