402.7602233886719  420.0
405.75384521484375  475.0
560.5084838867188  568.0
202.32608032226562  203.0
383.5606994628906  376.0
571.1229248046875  563.0
589.5139770507812  668.0
335.02947998046875  423.0
212.08587646484375  293.0
265.14788818359375  331.0
559.3572998046875  538.0
540.1524658203125  528.0
284.9290466308594  365.0
541.536376953125  561.0
413.05670166015625  388.0
227.6875  358.0
237.06216430664062  397.0
449.9853515625  600.0
326.6058349609375  318.0
301.6523742675781  343.0
165.1571807861328  213.0
504.37353515625  532.0
322.6947937011719  355.0
294.0251159667969  418.0
270.410888671875  233.0
567.3824462890625  519.0
662.2325439453125  658.0
485.0517272949219  500.0
561.669921875  569.0
497.6432800292969  499.0
544.7667846679688  444.0
201.68919372558594  255.0
215.96823120117188  233.0
523.190185546875  523.0
529.2865600585938  508.0
499.5943908691406  493.0
239.06158447265625  239.0
539.3425903320312  458.0
280.7621765136719  249.0
547.1390991210938  581.0
354.7633056640625  315.0
569.1162109375  562.0
222.4564208984375  266.0
521.275146484375  493.0
540.8171997070312  618.0
344.2336120605469  327.0
592.0814819335938  580.0
210.32687377929688  257.0
406.0810546875  393.0
534.666748046875  525.0
222.51336669921875  199.0
383.0812683105469  503.0
216.7810821533203  205.0
551.7765502929688  533.0
596.943359375  573.0
596.3723754882812  607.0
485.3694152832031  503.0
405.0841369628906  407.0
537.8468627929688  536.0
468.3510437011719  459.0
213.12429809570312  211.0
269.50909423828125  301.0
549.7489624023438  560.0
375.2495422363281  398.0
330.18511962890625  321.0
414.8714904785156  387.0
617.9027099609375  773.0
593.8031005859375  568.0
709.2788696289062  763.0
272.4516906738281  251.0
328.0152282714844  315.0
364.09808349609375  393.0
523.7950439453125  529.0
252.55726623535156  254.0
617.2120361328125  592.0
536.5296630859375  563.0
418.1875305175781  410.0
441.1165466308594  478.0
226.239501953125  272.0
523.810302734375  493.0
336.4139099121094  358.0
319.63287353515625  318.0
379.02001953125  392.0
574.726318359375  545.0
563.5177001953125  549.0
550.3984375  541.0
561.075439453125  544.0
545.55810546875  503.0
185.86447143554688  203.0
487.0197448730469  467.0
206.030029296875  194.0
545.9712524414062  527.0
320.52325439453125  286.0
619.595703125  578.0
318.0503845214844  330.0
543.8800659179688  508.0
722.014892578125  658.0
327.9754333496094  324.0
536.778076171875  449.0
224.31137084960938  272.0
MSE : 2416.2504844349714
MAPE : 8.405082587730716
R2 Score : 0.8699350758858246
time : 2388.0960281980224
