280.3536376953125  298.0
256.44476318359375  284.0
452.6839599609375  459.0
309.9980163574219  324.0
480.49566650390625  459.0
519.5623168945312  501.0
534.1885375976562  541.0
571.2371215820312  626.0
465.3996887207031  538.0
535.339599609375  549.0
347.7903137207031  378.0
371.3782958984375  390.0
507.1435852050781  505.0
221.39894104003906  323.0
511.995361328125  545.0
217.06930541992188  251.0
310.6521301269531  365.0
554.9883422851562  574.0
509.9357604980469  493.0
642.33447265625  658.0
560.3917846679688  560.0
199.29344177246094  203.0
274.7550048828125  265.0
518.4793090820312  534.0
291.5578918457031  199.0
285.0798645019531  273.0
373.11737060546875  353.0
228.0880126953125  207.0
564.1109008789062  537.0
500.43310546875  478.0
470.22021484375  363.0
646.350341796875  765.0
306.6490478515625  295.0
394.0301208496094  325.0
544.6365966796875  556.0
564.5879516601562  560.0
236.77908325195312  319.0
258.0844421386719  293.0
565.2763061523438  584.0
382.18609619140625  373.0
644.3009033203125  593.0
278.3871765136719  304.0
573.17041015625  604.0
526.5269775390625  538.0
232.8896484375  269.0
391.8551025390625  410.0
412.6376037597656  430.0
354.06243896484375  392.0
241.7866668701172  253.0
562.2445068359375  569.0
370.9130554199219  318.0
265.7513732910156  278.0
365.9456481933594  413.0
369.5421447753906  373.0
211.40155029296875  225.0
569.541259765625  565.0
417.93524169921875  475.0
532.2507934570312  484.0
536.1552734375  566.0
547.311279296875  546.0
635.24365234375  653.0
346.8987121582031  415.0
502.7499694824219  482.0
381.3384094238281  389.0
200.33995056152344  192.0
269.3484191894531  301.0
387.1793212890625  353.0
519.3195190429688  773.0
378.6183776855469  378.0
197.8652801513672  203.0
541.2101440429688  589.0
370.4707946777344  300.0
551.814453125  493.0
521.7728881835938  508.0
526.433349609375  515.0
207.843994140625  228.0
534.4024658203125  527.0
643.940673828125  670.0
513.7110595703125  488.0
645.0428466796875  669.0
569.0284423828125  550.0
231.75953674316406  229.0
545.70556640625  599.0
192.47882080078125  130.0
388.2609558105469  394.0
644.9981079101562  547.0
460.51165771484375  563.0
538.7536010742188  542.0
366.56097412109375  420.0
570.0005493164062  539.0
524.7177734375  533.0
352.4721374511719  314.0
518.6751708984375  577.0
387.0648193359375  385.0
288.8168029785156  187.0
531.8904418945312  470.0
499.50714111328125  494.0
MSE : 2412.2141023305553
MAPE : 8.69084275102405
R2 Score : 0.8795852283633617
time : 1267.4259118659975
