550.33837890625  555.0
513.2578125  501.0
327.20416259765625  378.0
381.9157409667969  358.0
216.88197326660156  228.0
463.89642333984375  478.0
397.0681457519531  403.0
384.75897216796875  363.0
560.6109008789062  589.0
604.5739135742188  581.0
374.9513854980469  324.0
535.0625610351562  550.0
380.85345458984375  300.0
274.3037109375  283.0
495.2542724609375  493.0
566.8231201171875  493.0
579.9232177734375  550.0
376.383544921875  433.0
384.61761474609375  392.0
511.0763244628906  482.0
326.447265625  331.0
255.02134704589844  286.0
267.80889892578125  251.0
510.79302978515625  488.0
528.90185546875  528.0
382.7525939941406  482.0
214.93360900878906  206.0
377.9035339355469  363.0
362.3855285644531  388.0
556.981201171875  563.0
585.6656494140625  552.0
346.2172546386719  350.0
552.8765869140625  536.0
399.112548828125  315.0
686.348388671875  633.0
516.8331298828125  486.0
520.638916015625  519.0
214.71005249023438  293.0
535.0509643554688  535.0
584.4886474609375  606.0
569.56982421875  685.0
565.1424560546875  584.0
546.03515625  565.0
363.6753234863281  362.0
416.4151916503906  505.0
285.3561706542969  284.0
532.9447021484375  534.0
387.9566345214844  363.0
203.02244567871094  197.0
562.4642333984375  555.0
499.81427001953125  467.0
207.11083984375  195.0
236.59947204589844  251.0
519.1439819335938  458.0
195.66201782226562  194.0
378.637939453125  385.0
313.4897766113281  319.0
224.712158203125  206.0
243.61512756347656  195.0
535.9066162109375  529.0
205.4011993408203  171.0
301.1307678222656  187.0
564.8750610351562  551.0
341.40423583984375  313.0
530.2088012695312  650.0
519.8012084960938  508.0
654.9404296875  592.0
676.6414184570312  638.0
568.9963989257812  560.0
537.6878051757812  499.0
384.9150390625  432.0
582.6295166015625  538.0
676.3214721679688  599.0
391.46270751953125  360.0
546.3128051757812  563.0
198.42019653320312  152.0
542.263916015625  503.0
512.0258178710938  503.0
217.03468322753906  235.0
212.29806518554688  207.0
606.2330322265625  539.0
525.0050659179688  481.0
605.955810546875  573.0
519.31298828125  557.0
523.217529296875  632.0
420.6538391113281  430.0
368.80877685546875  333.0
560.2789916992188  603.0
376.4020690917969  348.0
235.12608337402344  205.0
561.1991577148438  630.0
MSE : 1871.3924123263319
MAPE : 8.18530378673405
R2 Score : 0.9049529212677527
time : 544.2202296220057
