392.7890319824219  420.0
389.688232421875  475.0
568.7755737304688  568.0
224.0076141357422  203.0
422.8931884765625  376.0
575.5982055664062  563.0
627.31640625  668.0
543.6312255859375  423.0
235.10289001464844  293.0
281.9388427734375  331.0
443.5453796386719  538.0
577.572509765625  528.0
349.89398193359375  365.0
556.8486328125  561.0
380.29608154296875  388.0
270.0981140136719  358.0
369.7090148925781  397.0
535.62939453125  600.0
346.60467529296875  318.0
354.9692077636719  343.0
207.4071044921875  213.0
505.208251953125  532.0
359.5509338378906  355.0
390.0695495605469  418.0
255.96519470214844  233.0
544.080078125  519.0
655.3389892578125  658.0
494.6938171386719  500.0
645.6403198242188  569.0
513.5975341796875  499.0
462.1888732910156  444.0
288.08905029296875  255.0
251.92933654785156  233.0
509.4025573730469  523.0
564.96044921875  508.0
509.2010192871094  493.0
271.9958801269531  239.0
501.3322448730469  458.0
337.7674560546875  249.0
564.8679809570312  581.0
342.0451965332031  315.0
572.4039306640625  562.0
262.912109375  266.0
510.5106201171875  493.0
539.756103515625  618.0
389.24896240234375  327.0
674.8709716796875  580.0
252.16983032226562  257.0
418.0133972167969  393.0
556.1773681640625  525.0
324.22174072265625  199.0
395.6069641113281  503.0
245.7828826904297  205.0
562.18115234375  533.0
573.97265625  573.0
599.390380859375  607.0
492.7654724121094  503.0
418.3067626953125  407.0
541.4984741210938  536.0
472.8347473144531  459.0
224.27256774902344  211.0
317.5124206542969  301.0
561.6002807617188  560.0
392.7832946777344  398.0
369.2410583496094  321.0
402.2713623046875  387.0
588.6444091796875  773.0
579.6408081054688  568.0
753.8621826171875  763.0
277.5887756347656  251.0
359.4801025390625  315.0
395.3601989746094  393.0
542.473388671875  529.0
246.54783630371094  254.0
566.489501953125  592.0
439.4981994628906  563.0
428.7263488769531  410.0
478.4018859863281  478.0
278.4252624511719  272.0
501.01641845703125  493.0
385.85089111328125  358.0
405.8463134765625  318.0
435.7128601074219  392.0
582.34619140625  545.0
567.4163208007812  549.0
552.20263671875  541.0
555.1506958007812  544.0
552.9248657226562  503.0
193.40948486328125  203.0
478.03741455078125  467.0
203.1154022216797  194.0
570.8685913085938  527.0
307.4083251953125  286.0
532.530517578125  578.0
336.2949523925781  330.0
563.88818359375  508.0
676.2936401367188  658.0
354.4777526855469  324.0
460.8050842285156  449.0
253.16893005371094  272.0
MSE : 2165.5176082864427
MAPE : 8.227899194239145
R2 Score : 0.8834318357289224
time : 1286.6864973360207
