344.76904296875  298.0
253.2875518798828  284.0
520.497802734375  459.0
329.02764892578125  324.0
531.5516357421875  459.0
531.318359375  501.0
531.1009521484375  541.0
531.775390625  626.0
407.2908630371094  538.0
531.93359375  549.0
364.56549072265625  378.0
353.2010192871094  390.0
531.291015625  505.0
315.0191650390625  323.0
520.287353515625  545.0
261.894775390625  251.0
357.6407470703125  365.0
529.615478515625  574.0
531.1417236328125  493.0
531.572998046875  658.0
531.13427734375  560.0
362.72900390625  203.0
372.05712890625  265.0
531.0718994140625  534.0
362.7305908203125  199.0
531.408203125  273.0
378.19635009765625  353.0
224.8359375  207.0
531.96337890625  537.0
531.0531616210938  478.0
402.64788818359375  363.0
531.2496337890625  765.0
321.0748596191406  295.0
432.1701354980469  325.0
529.5362548828125  556.0
531.9027709960938  560.0
243.6172332763672  319.0
248.24253845214844  293.0
531.9313354492188  584.0
372.8197326660156  373.0
525.72802734375  593.0
340.8763427734375  304.0
531.5732421875  604.0
531.2913818359375  538.0
256.25531005859375  269.0
357.58978271484375  410.0
429.6636657714844  430.0
380.95550537109375  392.0
266.2442932128906  253.0
532.02001953125  569.0
370.0468444824219  318.0
236.40174865722656  278.0
369.08001708984375  413.0
388.6693115234375  373.0
302.98126220703125  225.0
531.7279052734375  565.0
388.6522216796875  475.0
531.95263671875  484.0
531.3043212890625  566.0
488.5521240234375  546.0
531.9202880859375  653.0
308.906982421875  415.0
531.3309326171875  482.0
378.1546630859375  389.0
205.6959686279297  192.0
280.847412109375  301.0
373.5557556152344  353.0
531.38623046875  773.0
310.4670715332031  378.0
216.6363067626953  203.0
531.0414428710938  589.0
369.0934753417969  300.0
531.750732421875  493.0
531.1435546875  508.0
531.3614501953125  515.0
208.9635009765625  228.0
531.1246337890625  527.0
396.3852233886719  670.0
531.2720336914062  488.0
531.3231811523438  669.0
531.8248901367188  550.0
214.92852783203125  229.0
531.2916259765625  599.0
269.8135986328125  130.0
381.6005859375  394.0
420.81719970703125  547.0
531.1614990234375  563.0
530.8681030273438  542.0
370.2789306640625  420.0
531.1663208007812  539.0
530.9617309570312  533.0
365.38128662109375  314.0
531.224365234375  577.0
381.1510009765625  385.0
389.3751220703125  187.0
531.532470703125  470.0
531.5827026367188  494.0
MSE : 6346.96158928272
MAPE : 14.796146876266567
R2 Score : 0.6831674561467832
time : 713.9794121440063
