510.55035400390625  526.0
525.638427734375  488.0
623.514404296875  623.0
558.858154296875  580.0
247.00656127929688  152.0
380.38134765625  256.0
314.3633728027344  324.0
282.6677551269531  253.0
490.2120666503906  501.0
395.8432312011719  419.0
364.18328857421875  373.0
345.4574890136719  355.0
617.0117797851562  550.0
370.24859619140625  384.0
525.08154296875  497.0
218.84573364257812  197.0
560.7175903320312  534.0
221.89859008789062  194.0
214.28350830078125  206.0
572.6546020507812  513.0
381.4720764160156  444.0
386.27313232421875  392.0
249.6366729736328  219.0
378.0166931152344  363.0
508.2413330078125  482.0
284.449951171875  251.0
676.3427734375  685.0
371.1456298828125  416.0
219.24806213378906  194.0
498.3753662109375  538.0
551.9776611328125  603.0
674.5222778320312  626.0
238.16256713867188  199.0
328.08795166015625  365.0
373.836669921875  419.0
294.87164306640625  373.0
213.9988555908203  218.0
551.1956787109375  633.0
326.0859069824219  243.0
386.82720947265625  418.0
700.3829956054688  632.0
582.791748046875  539.0
299.210205078125  330.0
301.4695739746094  306.0
496.3531494140625  488.0
546.5413818359375  618.0
378.2791442871094  378.0
125.81951141357422  255.0
215.59786987304688  197.0
367.9753723144531  362.0
402.092041015625  473.0
367.5306091308594  384.0
426.287841796875  411.0
369.63763427734375  394.0
561.1600952148438  538.0
522.918212890625  520.0
686.8898315429688  547.0
523.29541015625  325.0
590.6160278320312  530.0
497.1098327636719  481.0
289.479248046875  314.0
365.7739562988281  422.0
364.2919616699219  409.0
676.8286743164062  763.0
531.9469604492188  517.0
556.2034301757812  603.0
557.8270874023438  562.0
376.54949951171875  420.0
557.1044921875  573.0
504.37725830078125  581.0
250.47555541992188  199.0
380.8168640136719  440.0
572.6966552734375  478.0
531.6207885742188  541.0
512.9163208007812  600.0
328.40325927734375  378.0
393.8480529785156  406.0
215.65240478515625  203.0
368.0512390136719  413.0
325.174072265625  313.0
497.3161315917969  545.0
539.6829223632812  532.0
643.9724731445312  494.0
539.879638671875  537.0
250.7357177734375  270.0
215.78067016601562  204.0
553.97412109375  519.0
377.8253173828125  265.0
546.0494384765625  562.0
563.3443603515625  658.0
568.0503540039062  603.0
308.79156494140625  316.0
213.7651824951172  195.0
553.7971801757812  559.0
501.625  500.0
484.21453857421875  363.0
367.01910400390625  187.0
301.3321533203125  205.0
562.9154052734375  567.0
255.8445281982422  286.0
MSE : 3393.7891827574404
MAPE : 12.00683633175358
R2 Score : 0.8346209345186943
time : 1157.606336455996
