475.9462585449219  411.0
431.2325439453125  419.0
500.5010986328125  500.0
527.7525024414062  529.0
241.0612335205078  204.0
486.9521484375  493.0
583.07421875  552.0
517.29150390625  501.0
383.5122985839844  393.0
362.6190185546875  359.0
547.3444213867188  535.0
571.1475219726562  656.0
317.86090087890625  330.0
502.95367431640625  467.0
522.7880249023438  522.0
554.3416748046875  563.0
565.4655151367188  525.0
442.6151428222656  411.0
416.02569580078125  387.0
515.1616821289062  500.0
255.14468383789062  229.0
401.9839782714844  384.0
530.371337890625  494.0
597.9094848632812  626.0
570.3366088867188  773.0
236.41087341308594  415.0
292.1878967285156  348.0
435.3468933105469  406.0
301.72509765625  321.0
377.6976013183594  380.0
368.625244140625  333.0
431.462890625  360.0
587.6730346679688  562.0
308.2948303222656  379.0
299.1265563964844  378.0
359.78338623046875  360.0
418.4806213378906  403.0
321.0680847167969  335.0
305.8794860839844  308.0
517.8499145507812  478.0
505.0729064941406  521.0
378.0660095214844  410.0
309.6589050292969  324.0
340.2481994628906  329.0
581.1782836914062  562.0
542.3743286132812  520.0
304.876708984375  324.0
350.1814880371094  298.0
245.2410430908203  239.0
566.8224487304688  618.0
599.1220092773438  638.0
553.158447265625  538.0
258.5420837402344  251.0
514.269775390625  523.0
578.5662841796875  520.0
236.3740692138672  228.0
600.4136962890625  557.0
672.2423706054688  649.0
384.5835266113281  392.0
405.9671325683594  360.0
567.0814819335938  520.0
505.04827880859375  475.0
545.6259765625  546.0
416.8902587890625  411.0
566.6114501953125  539.0
522.339599609375  518.0
464.39093017578125  401.0
395.5671691894531  416.0
480.54241943359375  580.0
595.9323120117188  580.0
385.8107604980469  315.0
319.4105224609375  348.0
398.35015869140625  355.0
598.9912719726562  673.0
597.816162109375  606.0
276.4966125488281  217.0
595.0468139648438  565.0
541.1530151367188  565.0
576.48681640625  561.0
525.162109375  554.0
569.2909545898438  520.0
558.1262817382812  542.0
388.4464111328125  402.0
503.7481689453125  482.0
502.14971923828125  563.0
272.07940673828125  228.0
329.1048278808594  313.0
244.37498474121094  207.0
369.1455078125  265.0
411.1418151855469  422.0
580.401123046875  545.0
381.5069274902344  344.0
571.4476928710938  579.0
339.71063232421875  319.0
585.365966796875  551.0
560.3860473632812  568.0
556.4758911132812  536.0
MSE : 2091.4559022484505
MAPE : 7.78192491996653
R2 Score : 0.8589423285995699
time : 1005.7060971409082
