500.4869689941406  502.0
516.8682861328125  520.0
544.2935791015625  555.0
193.60159301757812  207.0
148.184326171875  194.0
354.2657165527344  386.0
502.8772888183594  473.0
338.77508544921875  347.0
495.3882141113281  484.0
621.0967407226562  565.0
226.87103271484375  257.0
535.0049438476562  523.0
654.5410766601562  763.0
430.6254577636719  457.0
404.0607604980469  420.0
314.8624572753906  267.0
366.5281982421875  379.0
486.3240966796875  488.0
221.3252716064453  240.0
507.3094482421875  520.0
464.6832275390625  600.0
671.1097412109375  583.0
348.64154052734375  378.0
192.5306854248047  188.0
544.8052368164062  560.0
335.2460632324219  318.0
545.111083984375  551.0
221.56143188476562  228.0
192.0215301513672  192.0
373.6709289550781  420.0
372.0594787597656  433.0
599.92333984375  618.0
533.8193969726562  523.0
540.5095825195312  545.0
321.9181213378906  273.0
349.5072937011719  315.0
269.6242980957031  366.0
320.6734619140625  295.0
589.3510131835938  672.0
669.3383178710938  668.0
284.4818420410156  323.0
390.14288330078125  318.0
571.6488037109375  568.0
497.0781555175781  474.0
403.9637145996094  393.0
220.72181701660156  206.0
506.19891357421875  484.0
379.60333251953125  392.0
371.3334045410156  394.0
365.8617248535156  409.0
510.5582580566406  599.0
529.48388671875  537.0
334.1192626953125  344.0
370.63763427734375  377.0
219.5641326904297  272.0
371.57110595703125  329.0
374.0757141113281  415.0
513.4722290039062  557.0
669.5914306640625  765.0
205.88018798828125  213.0
326.352783203125  293.0
395.1889343261719  395.0
196.4301300048828  194.0
442.5161437988281  520.0
207.6432647705078  293.0
212.1188201904297  213.0
627.2950439453125  621.0
477.3275146484375  503.0
494.212890625  500.0
546.6832275390625  584.0
553.1591796875  538.0
649.2247314453125  643.0
316.2684326171875  315.0
235.96546936035156  233.0
193.1536102294922  190.0
436.9156494140625  419.0
423.8267517089844  378.0
356.0568542480469  355.0
590.14794921875  678.0
495.21295166015625  505.0
544.1220092773438  559.0
545.2653198242188  517.0
522.5359497070312  542.0
307.8841552734375  324.0
214.01678466796875  217.0
281.4701232910156  187.0
570.0992431640625  567.0
565.2767944335938  575.0
626.630615234375  563.0
504.1010437011719  470.0
503.14886474609375  500.0
433.8386535644531  505.0
511.62298583984375  536.0
526.8519897460938  600.0
356.55364990234375  353.0
582.8749389648438  624.0
MSE : 1772.9632004786156
MAPE : 7.264538394247406
R2 Score : 0.9153752715446729
time : 1347.6141288361978
