412.16796875  420.0
427.80401611328125  475.0
558.58349609375  568.0
226.1135711669922  203.0
349.47125244140625  376.0
539.1712646484375  563.0
560.96435546875  668.0
444.5208435058594  423.0
233.0705108642578  293.0
300.57098388671875  331.0
450.64111328125  538.0
535.783203125  528.0
342.92852783203125  365.0
540.7747192382812  561.0
392.7548522949219  388.0
264.6514892578125  358.0
280.9875183105469  397.0
534.774169921875  600.0
372.5971374511719  318.0
323.4716491699219  343.0
218.53004455566406  213.0
537.26416015625  532.0
369.42962646484375  355.0
336.12176513671875  418.0
335.4795227050781  233.0
529.5894775390625  519.0
611.7136840820312  658.0
490.6758117675781  500.0
595.4609985351562  569.0
489.62396240234375  499.0
505.30352783203125  444.0
252.87632751464844  255.0
229.44798278808594  233.0
528.4755859375  523.0
517.240478515625  508.0
566.2918701171875  493.0
248.7711639404297  239.0
483.7613525390625  458.0
248.1317138671875  249.0
557.0023193359375  581.0
401.9557800292969  315.0
552.1885986328125  562.0
280.8965148925781  266.0
540.9267578125  493.0
527.9442138671875  618.0
345.1765441894531  327.0
614.4343872070312  580.0
253.6230010986328  257.0
406.6251220703125  393.0
541.5433349609375  525.0
353.19635009765625  199.0
471.03118896484375  503.0
228.541015625  205.0
557.5067749023438  533.0
619.7655029296875  573.0
603.5901489257812  607.0
504.8692626953125  503.0
399.9660949707031  407.0
571.8464965820312  536.0
520.6871948242188  459.0
228.78411865234375  211.0
286.39007568359375  301.0
525.82275390625  560.0
324.15179443359375  398.0
334.296630859375  321.0
421.9387512207031  387.0
618.3535766601562  773.0
614.0055541992188  568.0
620.8216552734375  763.0
240.8954315185547  251.0
324.0721435546875  315.0
401.1454162597656  393.0
549.4564208984375  529.0
228.58546447753906  254.0
586.8245849609375  592.0
574.7655639648438  563.0
402.5336608886719  410.0
502.28704833984375  478.0
231.84674072265625  272.0
515.6070556640625  493.0
407.7984619140625  358.0
380.26715087890625  318.0
415.8416748046875  392.0
605.0455932617188  545.0
595.746826171875  549.0
545.4683227539062  541.0
526.8176879882812  544.0
515.691650390625  503.0
231.47714233398438  203.0
518.9009399414062  467.0
209.6231689453125  194.0
537.8470458984375  527.0
251.7775115966797  286.0
604.2039184570312  578.0
360.76312255859375  330.0
531.0831909179688  508.0
620.8353271484375  658.0
305.0306396484375  324.0
498.1182861328125  449.0
240.439697265625  272.0
MSE : 2283.803079411215
MAPE : 8.660274456182018
R2 Score : 0.8770646188676081
time : 781.0799793149345
