331.39532470703125  344.0
489.5917053222656  503.0
511.32562255859375  600.0
561.9835205078125  554.0
537.2155151367188  525.0
566.421630859375  560.0
483.4002685546875  493.0
368.46392822265625  498.0
515.579833984375  520.0
559.3335571289062  668.0
445.0872497558594  353.0
492.9951171875  482.0
396.8071594238281  377.0
341.3719177246094  314.0
208.8324432373047  203.0
400.793212890625  433.0
497.2173156738281  532.0
445.76129150390625  440.0
478.6778564453125  573.0
527.4739379882812  527.0
204.46080017089844  130.0
213.73683166503906  319.0
483.3163146972656  500.0
589.7196044921875  773.0
539.5299682617188  549.0
581.9360961914062  543.0
283.2962646484375  324.0
289.896728515625  424.0
488.7065124511719  499.0
322.55352783203125  319.0
406.1005554199219  422.0
563.32080078125  569.0
518.8270874023438  508.0
376.58917236328125  388.0
569.3831787109375  560.0
478.2132263183594  475.0
454.0295715332031  449.0
384.5605773925781  413.0
239.53033447265625  221.0
500.8982238769531  513.0
563.7940063476562  563.0
656.344482421875  668.0
538.1642456054688  549.0
525.89892578125  508.0
255.6324005126953  286.0
652.9489135742188  603.0
228.86143493652344  226.0
471.89202880859375  486.0
241.50784301757812  330.0
471.4252014160156  472.0
381.87774658203125  362.0
638.3824462890625  638.0
399.59857177734375  406.0
611.6654663085938  673.0
181.42120361328125  199.0
207.99427795410156  197.0
542.1808471679688  551.0
547.0704956054688  541.0
570.1898803710938  529.0
558.0810546875  473.0
551.890869140625  549.0
642.37646484375  615.0
397.3025207519531  384.0
305.6723937988281  331.0
485.1753234863281  484.0
552.3278198242188  564.0
399.1539611816406  387.0
517.9370727539062  521.0
228.6321563720703  310.0
507.00567626953125  530.0
512.8919677734375  493.0
323.36260986328125  330.0
247.08738708496094  239.0
389.011474609375  370.0
533.0086669921875  590.0
643.5112915039062  685.0
224.39144897460938  194.0
342.3875427246094  365.0
260.9902038574219  251.0
659.12744140625  623.0
556.0838012695312  545.0
502.4557800292969  495.0
311.13720703125  330.0
395.7388916015625  401.0
483.250732421875  503.0
323.32342529296875  388.0
200.66380310058594  190.0
367.7735595703125  328.0
481.908447265625  481.0
195.30738830566406  171.0
209.85267639160156  373.0
232.24095153808594  205.0
226.8787078857422  243.0
462.4124755859375  363.0
412.6263122558594  393.0
578.681396484375  557.0
323.4056091308594  315.0
598.2706298828125  653.0
367.96527099609375  503.0
MSE : 2448.562780937079
MAPE : 7.929283800379261
R2 Score : 0.8675216148751953
time : 1688.8110022679903
