142.08914184570312  373.0
315.95831298828125  330.0
289.155517578125  345.0
474.3409729003906  500.0
577.0830078125  538.0
395.9217224121094  344.0
260.3830871582031  213.0
354.8898620605469  318.0
245.98831176757812  171.0
325.9427795410156  384.0
248.5889434814453  208.0
608.304931640625  603.0
505.353271484375  541.0
531.6167602539062  549.0
549.8626708984375  552.0
522.7797241210938  658.0
191.81619262695312  197.0
498.2843322753906  528.0
373.56549072265625  413.0
409.8801574707031  538.0
225.4019012451172  272.0
498.43505859375  590.0
467.2074890136719  420.0
526.437255859375  551.0
560.1993408203125  563.0
201.22743225097656  205.0
527.9096069335938  544.0
557.763671875  619.0
368.41937255859375  315.0
406.3926086425781  363.0
317.20758056640625  333.0
567.75244140625  547.0
562.6473388671875  551.0
222.22821044921875  192.0
562.2183227539062  561.0
334.0265197753906  355.0
494.35992431640625  513.0
594.9740600585938  550.0
346.9591979980469  260.0
219.8731689453125  207.0
407.112060546875  378.0
581.6787719726562  564.0
217.0109405517578  331.0
505.4312438964844  531.0
506.37530517578125  517.0
289.1070861816406  249.0
476.17938232421875  419.0
509.2696838378906  410.0
604.5372924804688  606.0
472.3003845214844  433.0
486.3960266113281  523.0
396.45550537109375  393.0
274.23699951171875  253.0
368.2438659667969  348.0
524.07666015625  668.0
408.6808166503906  256.0
602.2889404296875  765.0
522.0498046875  505.0
578.013916015625  550.0
293.69049072265625  324.0
229.14993286132812  209.0
337.4405822753906  378.0
410.830322265625  374.0
325.56195068359375  384.0
498.5594482421875  422.0
530.551513671875  521.0
508.7322692871094  503.0
411.082275390625  366.0
479.0168762207031  560.0
237.2315673828125  298.0
312.8210144042969  313.0
297.2528991699219  374.0
570.6493530273438  624.0
474.1293029785156  519.0
486.4928894042969  520.0
610.5418701171875  613.0
503.4567565917969  493.0
450.25152587890625  411.0
378.3946838378906  226.0
263.8429870605469  253.0
287.2558288574219  411.0
562.4649047851562  668.0
553.4456787109375  520.0
305.7917785644531  281.0
475.7378234863281  459.0
506.1775207519531  363.0
242.2368927001953  257.0
563.5881958007812  656.0
219.10281372070312  199.0
223.9307098388672  319.0
607.119384765625  670.0
381.70294189453125  380.0
570.8749389648438  643.0
272.5747375488281  328.0
486.8534240722656  618.0
495.4153137207031  508.0
359.7040710449219  327.0
519.6986694335938  449.0
484.39892578125  482.0
404.4476318359375  376.0
MSE : 4204.612629645919
MAPE : 12.307789236871743
R2 Score : 0.7824837216799313
time : 709.1618013628758
