388.3998718261719  422.0
595.2503662109375  551.0
550.2073974609375  503.0
580.6224975585938  626.0
280.2216491699219  401.0
658.5048217773438  678.0
345.5365905761719  226.0
372.155517578125  359.0
155.13067626953125  203.0
376.9257507324219  318.0
327.8587646484375  378.0
513.4111938476562  494.0
519.7863159179688  522.0
146.4396209716797  331.0
204.64398193359375  203.0
502.34271240234375  515.0
523.8649291992188  512.0
176.2684326171875  228.0
333.4993591308594  355.0
655.5570068359375  658.0
338.40802001953125  279.0
634.2859497070312  543.0
564.5386352539062  562.0
609.7587890625  561.0
511.7423400878906  488.0
71.8630599975586  273.0
632.028564453125  616.0
319.0972900390625  328.0
391.2363586425781  415.0
518.9671630859375  526.0
438.6734924316406  449.0
297.1799011230469  267.0
589.944091796875  529.0
518.3464965820312  523.0
616.8411254882812  603.0
503.7187805175781  518.0
490.50335693359375  482.0
408.5434875488281  433.0
487.946533203125  478.0
516.0280151367188  508.0
248.5753631591797  249.0
379.4197692871094  420.0
332.8058166503906  373.0
287.3047790527344  293.0
658.92138671875  643.0
255.12677001953125  206.0
561.8634643554688  517.0
487.7008972167969  505.0
626.3006591796875  616.0
644.9545288085938  519.0
167.03614807128906  194.0
336.0848388671875  373.0
649.9027709960938  555.0
392.4779968261719  403.0
619.3995971679688  458.0
421.5840759277344  395.0
262.99603271484375  241.0
53.99858474731445  255.0
647.7904052734375  616.0
421.8430480957031  394.0
501.35260009765625  503.0
355.28680419921875  409.0
349.2095031738281  365.0
398.3700256347656  386.0
544.718505859375  528.0
615.1066284179688  535.0
623.2333984375  566.0
553.9427490234375  533.0
609.983642578125  549.0
399.570068359375  343.0
305.8997802734375  223.0
489.6421813964844  520.0
294.8514709472656  220.0
572.936279296875  552.0
560.8152465820312  568.0
558.581787109375  618.0
261.5752258300781  239.0
666.660888671875  623.0
185.46112060546875  390.0
541.1053466796875  563.0
595.1519165039062  527.0
604.8004150390625  574.0
186.96017456054688  331.0
547.10693359375  491.0
222.15533447265625  221.0
374.7649841308594  409.0
326.7623596191406  355.0
583.9573974609375  563.0
381.8334045410156  444.0
565.6824340820312  668.0
335.7669677734375  324.0
629.6192626953125  658.0
309.91656494140625  379.0
198.96107482910156  171.0
274.7278747558594  392.0
511.5339660644531  580.0
398.0408630371094  407.0
382.493408203125  218.0
337.8031311035156  348.0
294.7593688964844  315.0
MSE : 4316.4460367241145
MAPE : 12.649100178567616
R2 Score : 0.757368481562952
time : 863.6722901070025
