508.9636535644531  474.0
165.54928588867188  208.0
559.9442138671875  773.0
335.6063537597656  320.0
244.36692810058594  219.0
338.2816467285156  388.0
571.5089721679688  520.0
513.7393798828125  501.0
410.5893249511719  394.0
552.0696411132812  565.0
386.5589294433594  378.0
559.76220703125  542.0
580.6295166015625  563.0
570.3569946289062  584.0
343.46197509765625  295.0
510.6413269042969  512.0
167.1451416015625  209.0
170.30482482910156  191.0
293.2633972167969  329.0
558.3667602539062  546.0
315.7518615722656  410.0
517.7510375976562  481.0
510.6123046875  529.0
531.1671142578125  616.0
603.4774780273438  550.0
183.78598022460938  195.0
499.4282531738281  482.0
457.1916809082031  505.0
281.1763610839844  213.0
412.3886413574219  353.0
192.10733032226562  206.0
360.7140808105469  424.0
271.4363708496094  226.0
554.431396484375  539.0
537.6265258789062  475.0
276.8373107910156  278.0
516.8801879882812  502.0
423.4383850097656  388.0
551.73828125  532.0
509.9588623046875  467.0
584.5621948242188  624.0
602.068603515625  582.0
273.3229064941406  324.0
264.0338439941406  233.0
351.1333312988281  384.0
552.7620239257812  603.0
364.3465270996094  363.0
447.83612060546875  344.0
462.22637939453125  493.0
295.7371826171875  330.0
334.8992919921875  267.0
297.8330078125  243.0
314.8094177246094  278.0
558.7100830078125  551.0
508.9717102050781  528.0
578.4584350585938  579.0
313.5131530761719  228.0
511.3749084472656  478.0
563.1385498046875  561.0
387.74481201171875  360.0
561.3592529296875  494.0
414.24810791015625  406.0
553.2503662109375  527.0
560.4574584960938  555.0
563.2279663085938  670.0
420.2806396484375  423.0
281.3279113769531  304.0
460.56512451171875  523.0
248.71690368652344  286.0
333.9830322265625  243.0
274.4302978515625  323.0
523.67724609375  603.0
411.74664306640625  379.0
510.2709655761719  483.0
509.5480651855469  459.0
567.306396484375  554.0
341.26971435546875  360.0
536.32958984375  500.0
566.4852905273438  623.0
554.6741333007812  488.0
551.1665649414062  512.0
165.8457794189453  216.0
458.1372985839844  444.0
297.4449157714844  390.0
316.74249267578125  348.0
303.667236328125  316.0
544.5098266601562  525.0
414.8235168457031  386.0
573.8661499023438  530.0
509.75732421875  491.0
559.7562255859375  668.0
531.1463012695312  621.0
334.474609375  415.0
342.57666015625  333.0
581.2382202148438  618.0
170.36293029785156  220.0
561.4129028320312  545.0
627.7197875976562  763.0
565.4468383789062  626.0
570.4617309570312  603.0
MSE : 2723.5845246951303
MAPE : 10.15883651255098
R2 Score : 0.8571218877514755
time : 1110.7848801461514
