520.8445434570312  526.0
504.9567565917969  488.0
653.0482177734375  623.0
591.20458984375  580.0
191.55348205566406  152.0
355.2269592285156  256.0
324.37646484375  324.0
285.4251708984375  253.0
496.42376708984375  501.0
475.58331298828125  419.0
381.3196105957031  373.0
350.88299560546875  355.0
583.0785522460938  550.0
384.302734375  384.0
510.7928466796875  497.0
204.9419403076172  197.0
529.1122436523438  534.0
204.1793670654297  194.0
231.40695190429688  206.0
561.5133056640625  513.0
449.49267578125  444.0
378.151123046875  392.0
220.65493774414062  219.0
323.5540466308594  363.0
515.3909301757812  482.0
249.1581573486328  251.0
631.2239990234375  685.0
390.512451171875  384.0
215.81446838378906  194.0
536.6094970703125  545.0
581.184326171875  603.0
453.27410888671875  626.0
183.4748077392578  199.0
345.2867736816406  365.0
446.6892395019531  419.0
324.2066650390625  373.0
295.81671142578125  218.0
766.75732421875  633.0
225.17176818847656  243.0
407.31829833984375  418.0
625.0363159179688  632.0
584.6057739257812  539.0
302.8952331542969  330.0
342.2019958496094  306.0
491.74420166015625  488.0
606.1595458984375  618.0
538.2137451171875  378.0
248.30250549316406  255.0
207.44097900390625  197.0
369.9670104980469  362.0
491.7947082519531  473.0
458.91094970703125  411.0
389.428955078125  394.0
542.3377685546875  538.0
515.0465698242188  520.0
584.1907958984375  547.0
394.60687255859375  325.0
533.8677978515625  530.0
494.1711730957031  481.0
285.38555908203125  314.0
410.29534912109375  422.0
370.73046875  409.0
756.5532836914062  763.0
564.909912109375  517.0
579.2415161132812  603.0
579.0555419921875  562.0
401.0051574707031  420.0
549.1376342773438  573.0
547.5624389648438  581.0
319.8088684082031  199.0
442.1505432128906  440.0
527.7582397460938  478.0
516.9019165039062  541.0
535.0123291015625  600.0
339.861328125  378.0
414.8688659667969  406.0
219.01986694335938  203.0
389.8623352050781  413.0
351.33404541015625  313.0
500.72625732421875  532.0
554.767822265625  494.0
546.5532836914062  537.0
267.7282409667969  270.0
196.87258911132812  204.0
617.5534057617188  519.0
338.6554260253906  265.0
573.5567626953125  562.0
608.380615234375  658.0
539.945068359375  603.0
316.6726379394531  316.0
253.25735473632812  195.0
543.114501953125  559.0
482.9393615722656  500.0
424.26531982421875  363.0
308.3187561035156  187.0
226.88421630859375  205.0
563.8148193359375  567.0
257.0789489746094  286.0
MSE : 2136.4640982577635
MAPE : 8.857995091375992
R2 Score : 0.8972928288184636
time : 916.0829958489921
