304.3573303222656  482.0
521.0673217773438  419.0
307.75433349609375  345.0
565.239990234375  547.0
415.1498107910156  387.0
539.2747192382812  566.0
533.0390014648438  563.0
575.7590942382812  668.0
356.432861328125  388.0
292.52325439453125  304.0
376.69677734375  410.0
219.9861297607422  260.0
428.0476989746094  411.0
506.45709228515625  495.0
383.112060546875  376.0
258.7510681152344  253.0
537.8797607421875  549.0
531.8277587890625  538.0
427.951416015625  433.0
524.0782470703125  522.0
211.63478088378906  171.0
530.4483032226562  531.0
146.52371215820312  331.0
587.2213745117188  604.0
267.33673095703125  266.0
554.9334716796875  567.0
414.196044921875  423.0
501.0534973144531  493.0
565.8060302734375  523.0
344.0096130371094  363.0
295.8252258300781  323.0
232.2143096923828  390.0
299.700439453125  315.0
530.7699584960938  536.0
517.4168090820312  505.0
415.6685485839844  392.0
548.9177856445312  673.0
542.2532348632812  658.0
533.7417602539062  577.0
408.67901611328125  393.0
458.11041259765625  401.0
521.5247802734375  537.0
353.6111755371094  348.0
484.73150634765625  482.0
570.741455078125  535.0
556.2609252929688  581.0
537.4278564453125  550.0
548.0452270507812  587.0
514.1533203125  513.0
564.1930541992188  562.0
567.2566528320312  573.0
344.11163330078125  359.0
582.226806640625  541.0
488.9143371582031  478.0
518.8893432617188  521.0
394.813720703125  363.0
228.36370849609375  253.0
515.3165283203125  517.0
341.1430969238281  335.0
363.4778747558594  384.0
574.910400390625  643.0
227.4739227294922  293.0
567.73583984375  566.0
579.774169921875  551.0
252.72911071777344  278.0
508.5735168457031  512.0
399.6783142089844  401.0
243.3660125732422  278.0
279.36383056640625  218.0
554.1141357421875  562.0
494.4657287597656  494.0
217.37562561035156  197.0
509.5162353515625  529.0
567.2539672851562  557.0
495.2118225097656  474.0
496.2942199707031  488.0
331.7876281738281  293.0
372.6871337890625  402.0
641.064697265625  618.0
561.6979370117188  569.0
188.23838806152344  194.0
592.9476928710938  590.0
384.90570068359375  389.0
478.73583984375  459.0
208.64549255371094  223.0
552.2306518554688  541.0
360.95916748046875  360.0
515.1466674804688  499.0
410.5837707519531  420.0
509.3980712890625  520.0
278.703125  293.0
308.3404235839844  348.0
621.9091796875  560.0
311.5843505859375  425.0
539.511474609375  554.0
202.81455993652344  188.0
406.2049865722656  377.0
409.0003967285156  378.0
368.40936279296875  355.0
269.5922546386719  268.0
MSE : 2083.3124850335207
MAPE : 6.995682809635
R2 Score : 0.860339380776861
time : 3032.181532478993
