410.7254943847656  420.0
248.1185302734375  240.0
494.86749267578125  505.0
349.77203369140625  353.0
304.2694091796875  324.0
557.3720092773438  626.0
498.22149658203125  509.0
346.9887390136719  378.0
362.4419860839844  378.0
554.2701416015625  560.0
537.7412109375  537.0
617.7273559570312  560.0
277.7993469238281  270.0
445.49127197265625  363.0
364.4460144042969  359.0
358.1251220703125  255.0
668.5950927734375  595.0
427.5806884765625  423.0
318.6484680175781  301.0
441.51416015625  387.0
669.1370849609375  669.0
571.3685302734375  567.0
546.1482543945312  538.0
530.8746948242188  549.0
412.6435852050781  406.0
222.88247680664062  302.0
524.068603515625  545.0
439.93231201171875  419.0
466.3031311035156  599.0
410.61932373046875  626.0
326.3664855957031  370.0
231.38331604003906  195.0
517.7474975585938  559.0
553.03759765625  525.0
580.4004516601562  582.0
288.1717224121094  253.0
226.5164337158203  213.0
612.2626342773438  685.0
415.9512023925781  411.0
497.95159912109375  475.0
214.12562561035156  243.0
456.7845153808594  449.0
495.2355041503906  503.0
669.125244140625  633.0
449.4482116699219  563.0
583.1072998046875  616.0
587.4232788085938  653.0
490.1075744628906  481.0
412.7942199707031  433.0
306.96405029296875  272.0
341.33660888671875  314.0
181.09909057617188  203.0
611.60107421875  603.0
422.1305847167969  392.0
254.56105041503906  333.0
385.39190673828125  389.0
291.3407287597656  311.0
490.3755187988281  484.0
500.4599304199219  491.0
568.1972045898438  545.0
526.2635498046875  526.0
575.4622802734375  533.0
556.552734375  587.0
539.9591674804688  508.0
549.782958984375  522.0
202.0453338623047  213.0
202.29739379882812  223.0
613.4170532226562  616.0
404.2322692871094  378.0
612.21630859375  678.0
347.95257568359375  293.0
500.0655517578125  530.0
561.1571044921875  550.0
340.9258728027344  330.0
555.9022827148438  533.0
522.6985473632812  520.0
551.88671875  541.0
200.846923828125  195.0
541.7755126953125  529.0
300.9813537597656  348.0
293.8863525390625  251.0
603.3558959960938  765.0
490.7079162597656  479.0
679.936767578125  763.0
358.1460876464844  379.0
219.238525390625  233.0
337.24945068359375  377.0
268.1289367675781  323.0
366.6310119628906  360.0
214.01675415039062  223.0
319.4302673339844  321.0
503.8207092285156  502.0
491.7532958984375  484.0
237.84976196289062  319.0
399.1459045410156  422.0
520.799072265625  545.0
321.83197021484375  187.0
475.3066711425781  482.0
MSE : 2410.113314256616
MAPE : 8.099721367539676
R2 Score : 0.8775725755556413
time : 1619.7051276359998
