247.60658264160156  311.0
609.4895629882812  673.0
607.8115234375  643.0
491.0771484375  493.0
220.8617706298828  203.0
536.3563842773438  618.0
303.9537658691406  308.0
211.50485229492188  213.0
368.69207763671875  377.0
524.3738403320312  551.0
208.47705078125  196.0
445.9773254394531  503.0
558.8699951171875  556.0
393.76190185546875  384.0
570.6021118164062  569.0
605.575439453125  592.0
515.3995361328125  478.0
313.68426513671875  379.0
367.5565490722656  333.0
328.9229431152344  335.0
372.2545166015625  415.0
297.30792236328125  284.0
589.553466796875  672.0
524.779296875  606.0
365.0697326660156  420.0
592.1815795898438  685.0
584.5267944335938  567.0
551.78955078125  615.0
469.89990234375  520.0
554.863037109375  600.0
225.8967742919922  228.0
542.3207397460938  773.0
547.4132690429688  566.0
466.2178955078125  484.0
600.873046875  616.0
359.55419921875  366.0
526.2080078125  522.0
346.6058654785156  350.0
590.6849975585938  619.0
531.3529052734375  584.0
329.8310241699219  243.0
500.98638916015625  500.0
534.7987060546875  513.0
515.1493530273438  481.0
347.27685546875  315.0
393.2212829589844  421.0
586.7294311523438  569.0
368.0202941894531  416.0
483.9901428222656  508.0
433.74395751953125  411.0
546.4447631835938  624.0
512.4243774414062  467.0
356.0488586425781  387.0
581.7526245117188  565.0
548.3863525390625  568.0
506.25726318359375  563.0
360.0028076171875  365.0
223.1451873779297  240.0
466.7098388671875  527.0
609.5858154296875  616.0
333.7168273925781  306.0
587.8737182617188  595.0
606.6170654296875  589.0
215.5784149169922  216.0
330.0106506347656  199.0
226.9869842529297  205.0
389.35198974609375  353.0
210.627197265625  197.0
395.4471740722656  374.0
555.9641723632812  589.0
423.98046875  505.0
524.5144653320312  545.0
353.8577880859375  265.0
214.30291748046875  523.0
513.0444946289062  526.0
563.0137329101562  549.0
214.78903198242188  173.0
392.4499206542969  418.0
328.10504150390625  315.0
338.19921875  295.0
351.5480651855469  430.0
534.8795776367188  539.0
564.921875  630.0
498.80352783203125  529.0
535.0156860351562  530.0
563.6757202148438  559.0
398.4776916503906  422.0
602.0408935546875  587.0
580.0974731445312  555.0
400.2996520996094  423.0
465.50177001953125  503.0
229.85406494140625  278.0
359.0919494628906  417.0
553.8219604492188  580.0
360.5440673828125  384.0
313.33270263671875  278.0
613.2583618164062  493.0
349.52276611328125  433.0
615.8865356445312  593.0
572.4427490234375  551.0
MSE : 3349.901844243114
MAPE : 8.92279583736914
R2 Score : 0.8244724613224025
time : 2126.8067570460116
