617.4505615234375  763.0
252.7860107421875  272.0
497.96649169921875  523.0
230.97372436523438  318.0
357.02880859375  374.0
554.5986328125  626.0
518.9271240234375  512.0
564.6561279296875  564.0
377.0778503417969  362.0
211.9454345703125  171.0
335.35205078125  344.0
459.90924072265625  523.0
189.08255004882812  390.0
338.4532470703125  315.0
312.3684997558594  265.0
588.5111694335938  565.0
607.367431640625  685.0
569.3336181640625  549.0
525.2758178710938  538.0
549.0550537109375  544.0
471.39501953125  472.0
254.8273162841797  233.0
246.23715209960938  323.0
280.3778381347656  229.0
391.0967102050781  377.0
536.30419921875  533.0
380.8144836425781  373.0
356.71636962890625  318.0
480.5648498535156  498.0
582.63330078125  654.0
544.9970703125  546.0
488.59588623046875  519.0
178.51939392089844  152.0
567.5377807617188  569.0
336.23529052734375  378.0
339.7547912597656  416.0
211.56539916992188  221.0
353.5185852050781  295.0
520.0371704101562  478.0
575.207763671875  668.0
243.55694580078125  240.0
569.8424072265625  582.0
478.625  363.0
527.9652099609375  507.0
635.7327880859375  668.0
237.47076416015625  254.0
592.5634765625  580.0
604.7938232421875  573.0
558.084716796875  557.0
544.0834350585938  536.0
223.05462646484375  226.0
506.98175048828125  505.0
313.9844055175781  324.0
480.7278747558594  475.0
643.9370727539062  618.0
536.66748046875  527.0
357.4108581542969  393.0
295.1391906738281  333.0
318.8678283691406  378.0
205.65525817871094  197.0
320.4516296386719  365.0
564.3751220703125  619.0
628.7347412109375  773.0
577.729736328125  566.0
222.87374877929688  373.0
314.7384948730469  316.0
542.7753295898438  561.0
527.0304565429688  493.0
380.6756286621094  380.0
384.5538330078125  538.0
560.3133544921875  562.0
581.2073974609375  568.0
530.537109375  600.0
516.6420288085938  523.0
234.83912658691406  270.0
531.1826782226562  527.0
199.67587280273438  191.0
551.9039306640625  557.0
204.6941680908203  220.0
614.0308837890625  763.0
437.19647216796875  419.0
508.1534118652344  508.0
289.1958923339844  283.0
537.4204711914062  539.0
499.2918395996094  473.0
182.61514282226562  366.0
215.1996612548828  188.0
575.24755859375  613.0
277.9555358886719  319.0
425.88568115234375  410.0
621.84716796875  765.0
547.9625854492188  566.0
263.4909973144531  293.0
605.8086547851562  595.0
538.587158203125  543.0
314.7624816894531  301.0
478.9979553222656  520.0
420.0417785644531  359.0
MSE : 3295.7432509764353
MAPE : 8.832269702621396
R2 Score : 0.8524271628118693
time : 1020.4482321471442
