590.8469848632812  539.0
291.31756591796875  251.0
525.8667602539062  584.0
508.58050537109375  484.0
549.8831787109375  580.0
338.19384765625  333.0
341.13177490234375  345.0
403.82989501953125  444.0
551.3607788085938  685.0
378.48895263671875  378.0
205.93756103515625  203.0
252.5686492919922  324.0
527.136474609375  546.0
492.5993347167969  508.0
362.4654541015625  378.0
568.0413818359375  593.0
252.48663330078125  218.0
406.70709228515625  390.0
510.92132568359375  520.0
439.25006103515625  538.0
254.78811645507812  316.0
262.7598876953125  253.0
270.2057189941406  219.0
465.2930908203125  501.0
319.8221435546875  330.0
364.4815673828125  385.0
215.52163696289062  221.0
325.0874328613281  315.0
590.2521362304688  603.0
505.809814453125  495.0
340.838134765625  331.0
541.8416748046875  523.0
551.41259765625  508.0
550.794189453125  519.0
286.4594421386719  283.0
609.9694213867188  584.0
508.65411376953125  459.0
282.126220703125  368.0
520.6205444335938  526.0
543.66455078125  581.0
286.05596923828125  241.0
566.7340087890625  621.0
544.5361938476562  493.0
308.97705078125  330.0
322.614013671875  418.0
362.5458984375  327.0
535.7841796875  478.0
540.218505859375  545.0
570.052978515625  773.0
607.6724243164062  575.0
542.675048828125  583.0
566.4103393554688  673.0
409.78338623046875  374.0
637.4285888671875  763.0
573.0009765625  519.0
264.0361328125  344.0
539.8607177734375  555.0
341.12750244140625  423.0
294.4069519042969  273.0
536.641357421875  538.0
399.11083984375  410.0
549.4271850585938  531.0
226.7684326171875  173.0
368.75372314453125  394.0
536.1058349609375  512.0
387.54022216796875  409.0
559.9150390625  568.0
239.4075927734375  240.0
528.021484375  589.0
519.50830078125  503.0
626.0545654296875  580.0
555.1514282226562  613.0
302.9207763671875  349.0
572.881103515625  563.0
545.459716796875  498.0
548.1416015625  538.0
404.4862060546875  522.0
277.37060546875  403.0
415.65576171875  315.0
455.7848815917969  260.0
212.70965576171875  220.0
261.0128173828125  310.0
376.8925476074219  403.0
493.07379150390625  523.0
293.710205078125  266.0
532.55224609375  559.0
279.4906005859375  253.0
535.8352661132812  513.0
330.20867919921875  359.0
473.787109375  467.0
364.21807861328125  363.0
553.6251220703125  569.0
442.01690673828125  600.0
481.78778076171875  503.0
325.443115234375  418.0
518.135986328125  563.0
MSE : 3357.8932898914913
MAPE : 9.79173968911289
R2 Score : 0.8110768018910132
time : 1260.1734658359928
