198.2585906982422  213.0
569.6334228515625  457.0
593.4149169921875  670.0
200.7332763671875  204.0
524.2357177734375  508.0
541.0260009765625  508.0
255.49639892578125  268.0
629.56591796875  449.0
266.4073791503906  284.0
484.2563171386719  406.0
531.521728515625  503.0
607.7160034179688  685.0
596.37109375  621.0
290.7882080078125  253.0
609.6715087890625  551.0
613.0921630859375  638.0
465.8668212890625  773.0
287.2648620605469  330.0
213.0902099609375  192.0
606.5618896484375  626.0
337.2569274902344  335.0
246.66065979003906  301.0
407.43280029296875  393.0
521.2974853515625  650.0
504.6194152832031  581.0
180.75450134277344  188.0
564.26953125  517.0
475.191162109375  501.0
350.699462890625  362.0
313.56683349609375  324.0
379.4540100097656  152.0
473.82244873046875  484.0
512.0731201171875  522.0
426.1876220703125  243.0
521.040283203125  560.0
375.85009765625  363.0
403.21405029296875  403.0
278.6691589355469  320.0
226.7679901123047  324.0
136.64935302734375  313.0
629.266357421875  498.0
581.9925537109375  562.0
286.7544860839844  253.0
341.4864501953125  199.0
592.5662841796875  494.0
334.791015625  314.0
591.7249145507812  562.0
291.835205078125  316.0
478.92779541015625  568.0
231.31483459472656  302.0
238.31903076171875  293.0
612.0582275390625  582.0
215.4495086669922  272.0
604.78173828125  581.0
474.06109619140625  470.0
648.53271484375  573.0
459.2129211425781  407.0
206.96299743652344  203.0
528.4697265625  493.0
284.50360107421875  279.0
402.39935302734375  387.0
537.0401611328125  512.0
327.59564208984375  327.0
645.3607177734375  587.0
332.3238525390625  365.0
202.61026000976562  207.0
470.8251037597656  500.0
561.4967651367188  581.0
529.196044921875  401.0
518.66162109375  423.0
210.82273864746094  197.0
508.3164367675781  444.0
347.25762939453125  374.0
504.30511474609375  564.0
342.10284423828125  255.0
524.1851806640625  543.0
217.70816040039062  206.0
212.71754455566406  213.0
503.68896484375  520.0
526.5067138671875  523.0
469.660888671875  500.0
507.9634704589844  519.0
248.93603515625  225.0
483.02264404296875  523.0
304.7094421386719  377.0
312.9522705078125  348.0
651.3360595703125  633.0
229.0334930419922  286.0
203.1768798828125  208.0
275.069580078125  315.0
400.191162109375  384.0
302.7307434082031  390.0
510.9912109375  551.0
556.198974609375  563.0
641.6840209960938  449.0
MSE : 5463.872432996279
MAPE : 13.605354185618806
R2 Score : 0.7353494647749569
time : 298.4695367660024
