579.56103515625  568.0
536.4876098632812  555.0
7.280629634857178  260.0
272.7206726074219  281.0
766.089599609375  763.0
533.0536499023438  503.0
393.4524841308594  380.0
469.4777526855469  486.0
566.205322265625  615.0
276.4603271484375  393.0
383.7257385253906  388.0
671.6950073242188  658.0
296.7348327636719  233.0
513.6520385742188  508.0
507.1556701660156  508.0
549.2660522460938  539.0
501.2864685058594  523.0
294.34771728515625  377.0
508.3821716308594  529.0
394.7254943847656  498.0
258.861328125  253.0
350.2349853515625  267.0
496.60968017578125  557.0
490.61566162109375  485.0
375.1788635253906  335.0
631.9324340820312  606.0
624.75830078125  535.0
270.43731689453125  268.0
401.0221252441406  377.0
532.42041015625  411.0
575.1180419921875  550.0
245.94146728515625  218.0
551.40869140625  537.0
475.95806884765625  523.0
376.236572265625  379.0
411.9426574707031  423.0
376.3413391113281  393.0
359.62017822265625  321.0
201.7855682373047  196.0
576.9492797851562  525.0
280.1908264160156  373.0
394.8186340332031  387.0
308.3535461425781  316.0
390.4454345703125  366.0
509.20477294921875  532.0
557.2666625976562  539.0
494.8944396972656  401.0
375.60809326171875  378.0
506.88665771484375  517.0
478.4569396972656  481.0
405.5924072265625  444.0
214.7972869873047  192.0
594.3118896484375  613.0
669.0076904296875  670.0
216.17015075683594  213.0
362.5451354980469  433.0
321.7894287109375  279.0
320.0722961425781  330.0
290.7260437011719  416.0
519.4758911132812  519.0
486.293701171875  500.0
370.7264099121094  362.0
499.8194885253906  529.0
470.4017639160156  512.0
293.0224609375  418.0
371.6337890625  417.0
316.6360168457031  324.0
506.6758728027344  499.0
439.3177185058594  430.0
537.32958984375  513.0
510.51837158203125  491.0
434.3548278808594  388.0
206.5001678466797  203.0
419.1786804199219  420.0
245.4993133544922  251.0
525.2651977539062  560.0
563.5739135742188  554.0
506.5332336425781  499.0
522.58251953125  561.0
273.0686340332031  300.0
241.61790466308594  319.0
597.2313842773438  552.0
496.5410461425781  481.0
542.0101928710938  551.0
511.7677917480469  521.0
525.0198974609375  545.0
211.9054718017578  206.0
364.4830627441406  406.0
247.64151000976562  235.0
505.8924255371094  502.0
595.43505859375  630.0
539.3515625  536.0
235.52745056152344  221.0
257.1364440917969  220.0
250.63536071777344  221.0
519.4305419921875  563.0
506.7193298339844  493.0
MSE : 2446.913832764069
MAPE : 8.340914601282048
R2 Score : 0.8487242973205158
time : 1638.224318142995
