195.2770538330078  192.0
470.1579895019531  668.0
549.4876098632812  600.0
518.9556884765625  523.0
522.841796875  515.0
241.1992950439453  219.0
416.5033264160156  520.0
520.649169921875  538.0
354.4187927246094  330.0
409.4803161621094  420.0
597.9636840820312  574.0
528.53125  599.0
508.3301696777344  470.0
499.4600524902344  545.0
519.3079223632812  478.0
508.9066467285156  493.0
329.28759765625  378.0
525.7422485351562  521.0
464.3656921386719  519.0
558.8145751953125  623.0
592.8719482421875  579.0
416.6062927246094  419.0
609.8077392578125  562.0
275.5262756347656  279.0
580.0857543945312  527.0
319.70989990234375  360.0
312.0626220703125  315.0
244.51063537597656  329.0
225.16807556152344  302.0
559.2157592773438  560.0
516.3090209960938  482.0
348.3691711425781  295.0
494.2579650878906  478.0
249.85984802246094  239.0
607.967529296875  552.0
595.6453857421875  581.0
219.69265747070312  204.0
558.56689453125  548.0
514.7054443359375  499.0
513.8284912109375  513.0
608.52880859375  685.0
405.2413635253906  475.0
271.9376220703125  348.0
286.6003723144531  344.0
521.5315551757812  493.0
515.25048828125  518.0
547.2386474609375  551.0
552.5933837890625  537.0
398.5014953613281  433.0
393.8166809082031  433.0
272.705078125  324.0
311.470458984375  226.0
547.1649780273438  530.0
369.66400146484375  362.0
205.14683532714844  203.0
577.4974365234375  539.0
520.4810791015625  557.0
328.2780456542969  281.0
381.4848937988281  345.0
524.4732666015625  526.0
551.598876953125  411.0
329.90478515625  390.0
251.24215698242188  205.0
565.0074462890625  577.0
358.3924255371094  337.0
262.0291442871094  358.0
292.7955322265625  272.0
580.5662231445312  559.0
270.781005859375  228.0
243.00636291503906  215.0
512.60302734375  484.0
372.6778869628906  373.0
256.1573791503906  216.0
609.4172973632812  593.0
518.727783203125  563.0
609.9132690429688  685.0
519.715087890625  523.0
559.1444702148438  566.0
608.257080078125  546.0
276.03192138671875  363.0
358.05377197265625  318.0
412.9333801269531  415.0
204.2129669189453  173.0
526.3580322265625  517.0
583.862060546875  580.0
336.9808654785156  359.0
599.9829711914062  520.0
514.7369995117188  522.0
287.3106994628906  333.0
292.9758605957031  348.0
606.4933471679688  658.0
396.7030029296875  467.0
596.7429809570312  509.0
298.0876159667969  330.0
360.9985656738281  421.0
322.927978515625  233.0
554.2315673828125  673.0
206.09608459472656  203.0
388.406982421875  363.0
187.22695922851562  130.0
MSE : 2645.695309706733
MAPE : 9.948050733772785
R2 Score : 0.857059262701178
time : 1316.572979399003
