301.5205993652344  319.0
758.6084594726562  763.0
540.11669921875  503.0
320.311279296875  370.0
419.1455383300781  387.0
499.0063781738281  520.0
255.86622619628906  257.0
532.02294921875  491.0
535.0736083984375  533.0
395.6954040527344  444.0
556.3179931640625  549.0
668.6399536132812  654.0
377.79290771484375  410.0
422.9386291503906  457.0
363.4724426269531  345.0
562.8817749023438  535.0
560.1360473632812  566.0
417.7804260253906  420.0
219.44180297851562  195.0
471.2362976074219  482.0
459.67181396484375  419.0
552.0440063476562  545.0
471.3811340332031  486.0
673.5140991210938  658.0
491.40423583984375  520.0
553.45751953125  546.0
464.41046142578125  467.0
228.9543914794922  235.0
403.3253173828125  395.0
564.8035278320312  562.0
469.05560302734375  459.0
510.2050476074219  519.0
446.87713623046875  388.0
518.1229858398438  520.0
505.26861572265625  497.0
175.570068359375  152.0
362.82977294921875  378.0
548.2158813476562  525.0
280.3499755859375  301.0
611.2922973632812  607.0
274.67535400390625  328.0
209.31411743164062  272.0
348.2742004394531  373.0
508.56280517578125  518.0
506.4242858886719  458.0
364.9964294433594  315.0
631.7678833007812  685.0
563.5111694335938  557.0
487.5096130371094  520.0
579.9502563476562  562.0
318.3094787597656  432.0
197.34017944335938  206.0
238.9496307373047  272.0
485.19158935546875  584.0
334.7082824707031  403.0
546.0028686523438  555.0
319.9527587890625  324.0
295.5733337402344  418.0
273.2709655761719  320.0
212.9861602783203  203.0
403.97589111328125  363.0
585.797119140625  580.0
653.0802001953125  638.0
538.41015625  536.0
332.0948791503906  335.0
277.4373779296875  358.0
420.03472900390625  415.0
259.57098388671875  330.0
536.9078369140625  569.0
504.59686279296875  507.0
525.368408203125  529.0
306.23748779296875  323.0
472.5011291503906  485.0
516.8831787109375  549.0
532.6790771484375  527.0
518.097412109375  523.0
382.68255615234375  374.0
476.531005859375  470.0
204.035400390625  273.0
617.327880859375  618.0
431.2015075683594  393.0
514.5725708007812  565.0
566.25634765625  623.0
610.6513061523438  604.0
390.5272521972656  368.0
293.54046630859375  308.0
640.2077026367188  589.0
217.25863647460938  221.0
604.5654907226562  564.0
605.1083374023438  673.0
213.38278198242188  221.0
540.1332397460938  604.0
558.834716796875  577.0
582.388671875  563.0
209.60940551757812  218.0
390.6163330078125  306.0
368.5226135253906  330.0
471.89599609375  478.0
217.8697509765625  219.0
215.07891845703125  253.0
MSE : 1378.8918572813272
MAPE : 6.678558611910213
R2 Score : 0.9212287446228002
time : 5915.618739819998
