384.2813415527344  418.0
659.8721313476562  519.0
370.97003173828125  413.0
386.67230224609375  387.0
552.443115234375  559.0
217.71969604492188  209.0
303.95703125  195.0
574.9483642578125  581.0
560.4129638671875  566.0
389.8482971191406  406.0
505.0946960449219  472.0
517.3286743164062  518.0
370.43756103515625  355.0
514.2853393554688  532.0
308.3895263671875  281.0
339.88616943359375  295.0
608.7708129882812  624.0
581.4305419921875  616.0
509.9780578613281  501.0
258.1386413574219  268.0
372.6977233886719  344.0
563.802001953125  656.0
359.190673828125  348.0
574.965576171875  573.0
564.3157348632812  549.0
206.46311950683594  190.0
261.31317138671875  284.0
380.4259033203125  373.0
520.6847534179688  538.0
557.283447265625  615.0
545.6266479492188  508.0
520.8030395507812  491.0
544.91259765625  603.0
336.8940734863281  267.0
559.6265869140625  587.0
210.93519592285156  203.0
516.3741455078125  557.0
379.1934509277344  363.0
358.14105224609375  315.0
567.8837890625  517.0
351.98095703125  318.0
382.9335632324219  396.0
504.7260437011719  481.0
248.01808166503906  254.0
509.908447265625  539.0
307.9811706542969  226.0
664.0941772460938  583.0
553.7604370117188  536.0
574.4544677734375  613.0
519.0249633789062  523.0
369.262939453125  298.0
315.944580078125  324.0
666.1155395507812  649.0
365.3198547363281  256.0
375.8020324707031  353.0
574.6475219726562  604.0
231.66453552246094  171.0
427.8442077636719  467.0
336.4313659667969  379.0
665.8255004882812  595.0
374.031005859375  432.0
502.4548034667969  650.0
377.9512634277344  389.0
548.6052856445312  565.0
589.2634887695312  603.0
626.0308227539062  685.0
510.5445251464844  538.0
392.7311706542969  410.0
454.9690246582031  449.0
512.0944213867188  474.0
552.93408203125  530.0
379.6446228027344  385.0
575.4573974609375  607.0
584.9352416992188  582.0
539.2969970703125  545.0
412.9576110839844  363.0
365.0921325683594  378.0
657.6227416992188  658.0
330.7774963378906  199.0
362.2540283203125  233.0
575.48974609375  567.0
558.1542358398438  568.0
344.7789306640625  418.0
590.375244140625  618.0
501.40533447265625  600.0
373.58856201171875  359.0
498.9094543457031  467.0
364.44464111328125  363.0
598.1014404296875  592.0
311.2503356933594  319.0
211.91392517089844  195.0
557.4697265625  574.0
171.93841552734375  199.0
541.9888305664062  520.0
493.7127380371094  519.0
391.2933349609375  363.0
MSE : 2211.347989348125
MAPE : 9.14266732180551
R2 Score : 0.8852158000576714
time : 555.6674148690072
