487.76495361328125  538.0
341.45416259765625  321.0
513.6627197265625  532.0
225.1014862060547  216.0
197.0697479248047  171.0
556.5625  550.0
580.1423950195312  551.0
503.4828796386719  563.0
464.5501403808594  482.0
404.3946228027344  411.0
376.0447692871094  403.0
461.6950378417969  526.0
510.7759704589844  470.0
366.5387878417969  389.0
540.0264282226562  490.0
297.5799865722656  223.0
382.5843811035156  387.0
231.7732696533203  220.0
578.1256713867188  580.0
412.96142578125  432.0
562.7545776367188  613.0
346.1829833984375  324.0
340.7535400390625  373.0
512.4531860351562  561.0
313.03594970703125  324.0
547.8948974609375  419.0
295.00482177734375  229.0
456.9743347167969  459.0
482.4140930175781  521.0
524.62548828125  603.0
268.46270751953125  187.0
553.927001953125  773.0
562.1361694335938  563.0
377.9321594238281  378.0
222.82821655273438  243.0
334.53436279296875  359.0
509.4818115234375  559.0
525.03564453125  650.0
511.0209045410156  600.0
491.3211975097656  508.0
264.28515625  253.0
411.9991149902344  398.0
504.131103515625  459.0
549.9445190429688  526.0
466.87445068359375  548.0
419.4036865234375  411.0
221.64268493652344  209.0
260.9704895019531  270.0
519.9805297851562  530.0
581.0435180664062  543.0
579.286865234375  603.0
493.20721435546875  557.0
476.2356872558594  623.0
481.04241943359375  420.0
555.300048828125  539.0
379.3638000488281  315.0
511.0509948730469  535.0
462.95892333984375  563.0
485.91851806640625  360.0
491.6073913574219  501.0
512.0193481445312  519.0
485.357421875  533.0
385.39898681640625  385.0
510.7120666503906  411.0
390.81640625  378.0
361.6139831542969  377.0
271.2698669433594  315.0
322.8283996582031  345.0
506.48974609375  457.0
516.6437377929688  566.0
380.53643798828125  363.0
462.2194519042969  494.0
563.0869750976562  685.0
522.9326171875  584.0
376.1106872558594  331.0
404.3457336425781  378.0
510.3992614746094  528.0
287.2750244140625  249.0
355.1270751953125  344.0
499.11102294921875  419.0
359.7662658691406  199.0
382.1124267578125  380.0
585.2444458007812  520.0
556.6856689453125  575.0
499.5799560546875  522.0
588.93994140625  562.0
465.22552490234375  467.0
560.61083984375  593.0
640.2232666015625  552.0
300.2668762207031  350.0
261.2962341308594  235.0
323.4169921875  267.0
379.518798828125  344.0
515.349853515625  555.0
261.99285888671875  251.0
311.17059326171875  316.0
528.358642578125  538.0
618.9396362304688  626.0
192.5490264892578  197.0
516.6373901367188  599.0
MSE : 3213.7061725478734
MAPE : 9.921922089498887
R2 Score : 0.817052517488303
time : 2112.3790826259647
