523.2858276367188  522.0
486.6356506347656  363.0
561.4035034179688  590.0
609.1636352539062  606.0
540.6095581054688  522.0
512.7117309570312  534.0
394.7178039550781  421.0
508.2247009277344  503.0
493.50762939453125  485.0
355.8190612792969  359.0
409.9192199707031  403.0
581.4598999023438  573.0
245.8055419921875  221.0
405.6799011230469  401.0
493.0459899902344  502.0
638.3729858398438  673.0
369.5993957519531  373.0
540.6744384765625  525.0
521.948974609375  523.0
595.9597778320312  773.0
249.757568359375  254.0
521.0299682617188  411.0
495.5017395019531  500.0
378.3043518066406  376.0
211.41317749023438  171.0
489.9957580566406  478.0
264.0041198730469  251.0
518.8683471679688  503.0
590.3989868164062  577.0
350.8277587890625  314.0
541.7770385742188  545.0
333.0941467285156  330.0
204.88143920898438  190.0
493.42822265625  498.0
459.57208251953125  478.0
557.64892578125  559.0
627.3389282226562  604.0
489.6324768066406  474.0
572.46484375  527.0
296.9203796386719  348.0
495.72027587890625  484.0
545.4474487304688  604.0
289.4456481933594  187.0
483.5713806152344  470.0
482.6248474121094  488.0
500.9481201171875  481.0
587.966064453125  603.0
362.53369140625  324.0
539.2142944335938  559.0
577.260498046875  523.0
537.2145385742188  535.0
566.8292236328125  562.0
513.7086181640625  530.0
399.59063720703125  359.0
557.4306030273438  584.0
505.16534423828125  484.0
384.1240539550781  378.0
209.11387634277344  208.0
435.8473205566406  548.0
548.1178588867188  533.0
510.8979187011719  497.0
579.5862426757812  630.0
433.8973693847656  407.0
302.223876953125  390.0
371.6506042480469  363.0
374.0073547363281  385.0
540.8992919921875  527.0
500.65673828125  519.0
277.2065734863281  319.0
638.4898681640625  623.0
516.0984497070312  491.0
241.9350128173828  235.0
207.6859130859375  195.0
292.11810302734375  301.0
416.7691955566406  393.0
527.9756469726562  517.0
588.9052124023438  578.0
274.4040222167969  251.0
355.0367736816406  327.0
295.0113220214844  377.0
200.68316650390625  188.0
417.75396728515625  520.0
588.7404174804688  573.0
316.6120910644531  337.0
319.4577331542969  293.0
492.2412109375  500.0
209.7415771484375  196.0
456.4758605957031  440.0
589.8839721679688  580.0
440.9615478515625  419.0
508.8255310058594  501.0
375.8107604980469  345.0
526.3528442382812  528.0
341.7973327636719  330.0
397.9311828613281  325.0
390.5202331542969  418.0
377.4790344238281  482.0
209.44970703125  418.0
589.38330078125  589.0
MSE : 2094.356394808349
MAPE : 7.030501943419453
R2 Score : 0.8683089579379527
time : 1046.8948335930181
