380.10235595703125  503.0
615.0103149414062  673.0
365.32464599609375  348.0
639.4012451171875  569.0
379.2453918457031  378.0
354.5073547363281  424.0
198.7008819580078  523.0
379.8103942871094  384.0
349.1434020996094  337.0
561.475341796875  503.0
641.5159301757812  541.0
218.1584930419922  218.0
213.7432403564453  191.0
388.4697570800781  373.0
506.7846374511719  481.0
512.2315063476562  520.0
505.0469665527344  507.0
467.08245849609375  457.0
337.7077331542969  295.0
567.951171875  549.0
534.8540649414062  509.0
517.4779663085938  520.0
502.5574035644531  512.0
500.0601501464844  478.0
369.4908142089844  325.0
566.8687133789062  554.0
559.2049560546875  529.0
560.15771484375  513.0
421.0210876464844  378.0
555.2844848632812  554.0
284.47857666015625  251.0
563.3185424804688  535.0
567.2446899414062  568.0
353.9934997558594  398.0
354.5436706542969  333.0
237.42173767089844  206.0
399.9637145996094  433.0
466.6485290527344  545.0
579.8379516601562  556.0
375.0788879394531  416.0
371.5189208984375  353.0
668.8411865234375  638.0
515.2405395507812  474.0
276.6467590332031  226.0
154.1643829345703  199.0
557.6433715820312  525.0
519.4693603515625  532.0
545.5704956054688  508.0
523.7630615234375  521.0
509.0868225097656  474.0
519.861572265625  508.0
577.897705078125  577.0
545.9069213867188  536.0
370.9541931152344  397.0
551.0542602539062  527.0
421.686767578125  422.0
660.1900024414062  618.0
700.3355102539062  668.0
615.6471557617188  543.0
493.2902526855469  459.0
578.9346923828125  539.0
594.6911010742188  577.0
406.415283203125  421.0
426.1709899902344  374.0
273.1756896972656  195.0
351.8065490722656  350.0
416.3325500488281  388.0
375.0779113769531  409.0
576.6530151367188  590.0
582.5049438476562  575.0
658.47265625  773.0
478.3990173339844  444.0
561.8560180664062  550.0
277.4360656738281  293.0
408.404052734375  393.0
581.9615478515625  589.0
575.8600463867188  584.0
390.1318054199219  376.0
223.5408172607422  216.0
213.35316467285156  208.0
555.9227294921875  577.0
407.13818359375  393.0
571.9620361328125  561.0
346.0741882324219  324.0
641.565673828125  593.0
211.6015167236328  194.0
341.9422912597656  324.0
579.6637573242188  584.0
171.46168518066406  203.0
204.01231384277344  196.0
325.8905944824219  324.0
257.3368835449219  205.0
392.4591064453125  366.0
305.3939514160156  269.0
481.7966003417969  475.0
565.9122924804688  551.0
317.4684143066406  310.0
384.2948913574219  359.0
603.8342895507812  616.0
MSE : 2386.2077457775326
MAPE : 7.485642943569034
R2 Score : 0.8631288276314095
time : 1287.4102732089814
