295.7372131347656  298.0
300.252197265625  284.0
417.32501220703125  459.0
324.6949157714844  324.0
475.85626220703125  459.0
493.342529296875  501.0
520.8651733398438  541.0
570.4451293945312  626.0
539.3579711914062  538.0
521.2750854492188  549.0
343.2640380859375  378.0
376.4749755859375  390.0
489.4913635253906  505.0
309.30267333984375  323.0
537.2129516601562  545.0
241.24859619140625  251.0
367.96405029296875  365.0
595.8038940429688  606.0
539.533203125  493.0
691.9376831054688  658.0
536.8057250976562  560.0
167.5609588623047  203.0
323.8260498046875  265.0
529.4503173828125  534.0
342.5287780761719  199.0
397.9783630371094  273.0
390.09332275390625  353.0
211.80006408691406  207.0
511.60174560546875  537.0
547.1607666015625  478.0
376.9451904296875  363.0
592.6597290039062  765.0
320.0339050292969  295.0
296.2651062011719  325.0
568.6680908203125  556.0
554.1257934570312  560.0
217.0865936279297  319.0
301.91278076171875  293.0
555.8150024414062  561.0
377.23187255859375  373.0
594.6292724609375  593.0
331.0583190917969  304.0
589.0177001953125  604.0
512.5473022460938  538.0
307.19818115234375  269.0
347.58563232421875  410.0
412.0169372558594  430.0
414.631591796875  392.0
244.22560119628906  253.0
511.5460510253906  569.0
321.6777648925781  318.0
279.1601867675781  278.0
356.6830749511719  413.0
413.0837707519531  373.0
205.8936767578125  225.0
590.1713256835938  565.0
410.85137939453125  475.0
477.49676513671875  484.0
574.0950927734375  566.0
559.2295532226562  546.0
572.0250854492188  653.0
383.7379455566406  415.0
484.5556640625  482.0
374.48394775390625  363.0
212.0337677001953  192.0
394.662353515625  389.0
331.2406005859375  301.0
413.4517517089844  353.0
635.9528198242188  773.0
350.49310302734375  378.0
187.5218048095703  203.0
623.8825073242188  589.0
296.87322998046875  300.0
508.72027587890625  493.0
512.7635498046875  508.0
518.1552124023438  515.0
581.7711791992188  584.0
582.929443359375  574.0
255.2095489501953  228.0
538.8474731445312  527.0
621.0533447265625  670.0
497.39898681640625  488.0
634.8753051757812  669.0
594.3665771484375  550.0
239.69134521484375  229.0
513.309326171875  599.0
197.71197509765625  130.0
376.5007019042969  394.0
611.8529052734375  547.0
558.029296875  563.0
642.8741455078125  542.0
450.6750183105469  420.0
580.7879028320312  539.0
507.5863952636719  533.0
329.2229919433594  314.0
562.5656127929688  577.0
382.3363037109375  385.0
253.65594482421875  187.0
475.3740539550781  470.0
491.86236572265625  494.0
MSE : 1993.0896161938529
MAPE : 8.043201972070447
R2 Score : 0.89996796377454
time : 5071.303149218991
