365.0441589355469  409.0
536.9757690429688  550.0
531.247314453125  528.0
598.50048828125  550.0
385.1322937011719  377.0
350.5936584472656  359.0
397.4585266113281  401.0
551.9022216796875  509.0
217.50894165039062  221.0
404.2831726074219  363.0
510.2068786621094  517.0
376.2298278808594  363.0
501.9426574707031  513.0
347.6226501464844  425.0
503.19232177734375  523.0
591.534423828125  595.0
404.4605712890625  410.0
338.34832763671875  420.0
554.1658935546875  478.0
236.6684112548828  219.0
351.2039794921875  366.0
375.7776794433594  416.0
352.80792236328125  349.0
515.2241821289062  618.0
231.4480438232422  206.0
231.14846801757812  218.0
502.9784851074219  485.0
508.53338623046875  538.0
633.4857177734375  763.0
288.2568359375  330.0
571.7548217773438  618.0
522.8680419921875  520.0
525.582275390625  566.0
580.0532836914062  656.0
543.9518432617188  478.0
394.06915283203125  402.0
454.3881530761719  473.0
498.9914855957031  501.0
563.459716796875  538.0
341.9263610839844  256.0
509.4002990722656  482.0
208.77059936523438  215.0
207.11338806152344  152.0
538.2182006835938  401.0
382.4174499511719  403.0
624.7799072265625  685.0
318.578857421875  278.0
548.9513549804688  584.0
479.09063720703125  493.0
620.3062744140625  603.0
577.5256958007812  678.0
563.7296752929688  519.0
502.7342224121094  493.0
409.26678466796875  368.0
301.4495544433594  345.0
618.4847412109375  493.0
551.956298828125  543.0
536.3865356445312  411.0
591.2831420898438  547.0
229.65505981445312  257.0
511.2125549316406  624.0
489.3194885253906  440.0
324.7421875  378.0
626.365234375  584.0
537.2089233398438  494.0
550.9004516601562  508.0
407.9432067871094  420.0
199.35272216796875  194.0
563.4075317382812  555.0
604.23583984375  673.0
555.5360717773438  561.0
322.095458984375  265.0
412.6976318359375  344.0
341.97216796875  327.0
517.8515625  549.0
554.4019775390625  568.0
528.86376953125  539.0
595.116943359375  615.0
580.13427734375  557.0
283.3094787597656  323.0
263.75653076171875  283.0
394.5649719238281  392.0
270.8562316894531  272.0
567.0376586914062  560.0
502.09686279296875  493.0
548.9281005859375  531.0
366.6055908203125  311.0
568.0311889648438  559.0
617.364990234375  623.0
222.5117645263672  223.0
556.2166748046875  522.0
499.72308349609375  470.0
499.3002624511719  472.0
633.2879638671875  638.0
253.71849060058594  235.0
631.2064819335938  621.0
MSE : 2196.8750323700974
MAPE : 8.002866346395967
R2 Score : 0.8757452785469743
time : 647.8620573020016
