565.4816284179688  539.0
266.6571960449219  251.0
535.3377075195312  584.0
488.9148864746094  484.0
491.7454833984375  580.0
345.159912109375  333.0
333.0207214355469  345.0
463.28143310546875  444.0
595.1009521484375  685.0
363.4519348144531  378.0
300.71759033203125  203.0
337.946533203125  324.0
546.3375244140625  546.0
570.1674194335938  531.0
341.3915100097656  378.0
481.55853271484375  593.0
209.17813110351562  218.0
330.9760437011719  390.0
511.9383239746094  520.0
511.9382019042969  538.0
337.07708740234375  316.0
280.7107238769531  253.0
249.22042846679688  219.0
574.6392211914062  501.0
289.3893127441406  330.0
339.1366882324219  385.0
209.17213439941406  221.0
335.7657165527344  315.0
591.8872680664062  603.0
487.2812194824219  495.0
333.2734069824219  331.0
329.54949951171875  523.0
587.4757080078125  520.0
513.5880737304688  519.0
283.3252868652344  283.0
494.79791259765625  533.0
461.5731201171875  459.0
330.4992980957031  368.0
516.9238891601562  526.0
500.6675720214844  581.0
209.16751098632812  241.0
529.515625  621.0
576.9953002929688  493.0
333.99371337890625  330.0
497.0438537597656  584.0
380.3146057128906  418.0
336.4410400390625  327.0
498.2745666503906  478.0
554.0525512695312  545.0
494.6498107910156  773.0
501.758056640625  575.0
487.6507873535156  583.0
481.5299377441406  673.0
364.95306396484375  374.0
569.6587524414062  508.0
595.66845703125  763.0
553.29443359375  519.0
330.8883972167969  337.0
493.3848876953125  555.0
517.7870483398438  423.0
330.185302734375  273.0
498.2459411621094  538.0
393.4654846191406  410.0
526.4522094726562  531.0
282.8968200683594  173.0
341.0940246582031  394.0
383.1521301269531  344.0
535.4039916992188  512.0
347.3039855957031  409.0
551.0377197265625  568.0
340.1871643066406  240.0
494.66259765625  589.0
398.52392578125  503.0
591.14501953125  580.0
581.1486206054688  613.0
336.149658203125  349.0
520.1417236328125  563.0
386.8488464355469  498.0
546.557373046875  538.0
507.59710693359375  522.0
331.0693054199219  403.0
338.7090148925781  315.0
503.6660461425781  260.0
324.38519287109375  220.0
335.65997314453125  310.0
579.443603515625  508.0
486.08270263671875  403.0
550.7695922851562  523.0
210.65773010253906  266.0
546.2930297851562  559.0
262.3864440917969  253.0
494.9980773925781  513.0
334.2318420410156  359.0
499.6411437988281  467.0
371.0929870605469  363.0
594.8089599609375  569.0
385.4753723144531  600.0
548.7622680664062  503.0
218.6036834716797  418.0
558.1777954101562  563.0
MSE : 5686.0141256325205
MAPE : 12.268911895367177
R2 Score : 0.6728636155385554
time : 1170.7646475209913
