583.3880004882812  539.0
663.6751708984375  668.0
372.9092102050781  415.0
262.99578857421875  330.0
250.5366668701172  259.0
463.5546875  411.0
337.9037170410156  324.0
573.50634765625  493.0
199.47927856445312  152.0
593.9141845703125  551.0
504.7209777832031  493.0
346.7093505859375  403.0
500.114501953125  505.0
217.86737060546875  216.0
544.0482788085938  503.0
507.2991943359375  494.0
557.9280395507812  539.0
378.1222839355469  410.0
187.7125244140625  195.0
413.92730712890625  432.0
402.6246032714844  360.0
205.23004150390625  221.0
549.7957763671875  560.0
584.6138305664062  578.0
343.99713134765625  321.0
398.7660827636719  387.0
287.81878662109375  270.0
448.080322265625  374.0
381.84014892578125  392.0
553.548095703125  623.0
382.7552490234375  416.0
574.2625732421875  517.0
220.27407836914062  240.0
551.813232421875  531.0
368.19659423828125  378.0
504.88739013671875  532.0
235.70962524414062  253.0
289.3147888183594  249.0
591.015625  543.0
480.4065246582031  440.0
214.8486785888672  219.0
373.8265686035156  363.0
591.6721801757812  685.0
389.1238708496094  406.0
322.2896728515625  330.0
236.65997314453125  390.0
352.64697265625  378.0
204.07115173339844  204.0
361.4365539550781  366.0
527.6873779296875  520.0
415.1324157714844  363.0
496.1391906738281  484.0
545.4478149414062  537.0
604.5289306640625  545.0
452.517578125  583.0
325.7669677734375  199.0
390.8531188964844  348.0
330.64715576171875  423.0
338.3118591308594  380.0
539.40869140625  599.0
210.23114013671875  218.0
216.1134490966797  293.0
541.356689453125  528.0
322.87152099609375  335.0
558.3339233398438  656.0
502.01287841796875  459.0
561.13427734375  545.0
333.2155456542969  314.0
496.8260498046875  507.0
447.318115234375  419.0
362.8870544433594  386.0
233.9364013671875  273.0
549.0603637695312  547.0
501.12939453125  482.0
508.831298828125  501.0
424.0953674316406  419.0
366.625  433.0
579.982177734375  533.0
586.7714233398438  678.0
589.1257934570312  562.0
514.6060791015625  549.0
520.9702758789062  673.0
560.9925537109375  522.0
565.6737060546875  550.0
226.79843139648438  257.0
339.5119323730469  343.0
509.26910400390625  497.0
581.7139282226562  589.0
419.6489562988281  505.0
200.8004150390625  225.0
476.484130859375  473.0
214.83326721191406  213.0
420.15374755859375  395.0
358.8808898925781  344.0
251.32534790039062  268.0
659.9295654296875  669.0
520.8612060546875  518.0
MSE : 2233.818482402148
MAPE : 8.365327917943713
R2 Score : 0.8697861558588497
time : 996.608857801999
