640.5109252929688  606.0
414.69866943359375  394.0
415.23260498046875  422.0
545.6715087890625  544.0
197.25479125976562  190.0
397.80596923828125  396.0
498.57781982421875  473.0
537.2969970703125  531.0
431.9929504394531  467.0
510.5515441894531  569.0
501.9763488769531  502.0
332.9593505859375  388.0
640.85107421875  606.0
518.7791748046875  498.0
590.927490234375  619.0
521.8267822265625  529.0
512.2426147460938  532.0
502.7402038574219  501.0
697.8016357421875  615.0
610.22119140625  658.0
507.7026672363281  458.0
529.3646240234375  522.0
281.5504150390625  199.0
229.3518829345703  253.0
277.1239013671875  390.0
544.0330200195312  527.0
246.8753204345703  218.0
620.5304565429688  656.0
340.64666748046875  344.0
568.1693725585938  517.0
347.20330810546875  313.0
480.9470520019531  485.0
205.21627807617188  240.0
639.83349609375  593.0
403.00787353515625  406.0
562.2610473632812  557.0
346.7948913574219  359.0
520.994140625  517.0
421.74737548828125  403.0
210.1110076904297  293.0
408.3583984375  407.0
353.15692138671875  333.0
590.1663818359375  613.0
526.7223510742188  515.0
567.0494384765625  538.0
209.82293701171875  397.0
570.009521484375  551.0
425.6783447265625  377.0
648.988525390625  600.0
598.1357421875  565.0
536.362548828125  538.0
559.0692138671875  584.0
514.2407836914062  509.0
484.7693176269531  488.0
347.46356201171875  373.0
590.0447998046875  579.0
255.62307739257812  241.0
308.6488037109375  379.0
486.4324951171875  481.0
416.3117370605469  388.0
608.2579956054688  624.0
577.11279296875  562.0
228.5995330810547  187.0
190.7724609375  192.0
339.02783203125  392.0
386.2112121582031  385.0
362.4956970214844  376.0
297.36395263671875  319.0
544.6700439453125  527.0
275.22125244140625  266.0
349.98492431640625  421.0
368.549072265625  360.0
184.48306274414062  130.0
344.0272216796875  377.0
469.57415771484375  474.0
606.4117431640625  616.0
617.9295654296875  574.0
591.8831787109375  547.0
543.5943603515625  533.0
653.4791259765625  633.0
268.7254333496094  269.0
375.92596435546875  355.0
361.4833679199219  363.0
420.14019775390625  433.0
598.0721435546875  607.0
608.6734008789062  580.0
433.9906921386719  459.0
603.7908935546875  533.0
427.3892517089844  387.0
249.1679229736328  366.0
405.62469482421875  378.0
612.173828125  552.0
615.5798950195312  618.0
361.3324890136719  402.0
548.7725830078125  563.0
283.8504638671875  304.0
313.6278991699219  321.0
418.23980712890625  387.0
537.5992431640625  559.0
605.9559326171875  569.0
MSE : 1641.3089775822334
MAPE : 7.254709272814178
R2 Score : 0.8942392071947931
time : 3015.6588256100076
