362.8562927246094  298.0
278.7670593261719  284.0
433.7206726074219  459.0
331.400634765625  324.0
491.4649353027344  459.0
482.3055114746094  501.0
515.2598876953125  541.0
597.0987548828125  626.0
560.1754760742188  538.0
481.1678771972656  549.0
355.43804931640625  378.0
445.0353698730469  390.0
518.7380981445312  505.0
288.6104736328125  323.0
537.4427490234375  545.0
264.3587341308594  251.0
301.3867492675781  365.0
590.401123046875  606.0
446.63653564453125  493.0
627.6005859375  658.0
544.3427124023438  560.0
183.62667846679688  203.0
363.8062744140625  265.0
573.1326904296875  534.0
318.79998779296875  199.0
437.7110290527344  273.0
416.46539306640625  353.0
221.58241271972656  207.0
571.0379638671875  537.0
549.6536865234375  478.0
396.3268127441406  363.0
544.44482421875  765.0
320.1121520996094  295.0
352.43896484375  325.0
537.7536010742188  556.0
548.1765747070312  560.0
289.4449157714844  319.0
277.42041015625  293.0
531.363037109375  561.0
367.0896301269531  373.0
567.46044921875  593.0
360.0947570800781  304.0
582.8575439453125  604.0
521.9901733398438  538.0
286.9750061035156  269.0
348.7593688964844  410.0
425.64697265625  430.0
419.2913513183594  392.0
260.155517578125  253.0
480.33880615234375  569.0
312.50244140625  318.0
279.0861511230469  278.0
366.003662109375  413.0
417.7345275878906  373.0
261.980712890625  225.0
533.3173217773438  565.0
427.3466796875  475.0
448.8179931640625  484.0
556.5598754882812  566.0
538.84375  546.0
536.46337890625  653.0
369.3038024902344  415.0
508.2864074707031  482.0
407.0736389160156  363.0
208.80764770507812  192.0
406.2301025390625  389.0
312.0303649902344  301.0
378.1357116699219  353.0
539.4835205078125  773.0
327.9748840332031  378.0
202.85781860351562  203.0
542.0262451171875  589.0
304.6275634765625  300.0
545.4962158203125  493.0
522.599853515625  508.0
529.818359375  515.0
532.374755859375  584.0
610.9339599609375  574.0
259.08587646484375  228.0
537.2720947265625  527.0
570.2417602539062  670.0
460.53265380859375  488.0
627.398681640625  669.0
606.0433959960938  550.0
271.8625793457031  229.0
496.47369384765625  599.0
177.38958740234375  130.0
380.1571044921875  394.0
560.5833129882812  547.0
556.7120971679688  563.0
494.1199645996094  542.0
404.8853454589844  420.0
587.4772338867188  539.0
512.3106689453125  533.0
328.12640380859375  314.0
530.786865234375  577.0
378.6472473144531  385.0
360.4221496582031  187.0
504.57183837890625  470.0
503.03204345703125  494.0
MSE : 3273.1399597957193
MAPE : 10.21367259900473
R2 Score : 0.8357229638000179
time : 4065.4717476859805
