547.6547241210938  537.0
186.1922149658203  204.0
560.927978515625  545.0
366.8190612792969  318.0
513.7708740234375  526.0
338.4405212402344  349.0
533.6887817382812  509.0
326.7893981933594  316.0
390.3397216796875  363.0
284.3346252441406  226.0
549.1804809570312  545.0
247.30923461914062  253.0
230.89645385742188  203.0
668.96630859375  619.0
313.97528076171875  270.0
206.94302368164062  215.0
385.2520446777344  401.0
241.7239532470703  235.0
538.3992309570312  549.0
413.0747375488281  407.0
344.5165100097656  380.0
343.2825927734375  199.0
432.2993469238281  353.0
527.5792846679688  528.0
558.2050170898438  593.0
419.7168884277344  344.0
513.2803344726562  545.0
425.44317626953125  392.0
567.0020751953125  584.0
662.2399291992188  595.0
338.2386474609375  387.0
558.4397583007812  569.0
504.7154846191406  520.0
557.3795776367188  533.0
656.4541625976562  630.0
538.241943359375  529.0
528.5419921875  538.0
348.4369812011719  329.0
422.7322692871094  403.0
232.41824340820312  348.0
581.922119140625  632.0
499.4994812011719  500.0
579.5396118164062  618.0
540.7933959960938  560.0
312.335205078125  304.0
344.0122985839844  366.0
541.1437377929688  520.0
598.7430419921875  603.0
567.2329711914062  590.0
387.4188537597656  379.0
418.2434997558594  498.0
191.8546142578125  197.0
496.4743347167969  538.0
560.9465942382812  590.0
501.160888671875  474.0
275.2339172363281  300.0
435.62628173828125  548.0
576.4193725585938  678.0
382.3446350097656  328.0
244.09605407714844  278.0
539.4030151367188  513.0
537.85595703125  503.0
342.8468322753906  187.0
269.9671630859375  257.0
395.9720764160156  362.0
555.8292846679688  527.0
409.8090515136719  409.0
355.6213073730469  313.0
420.47119140625  360.0
324.1421813964844  323.0
515.9357299804688  531.0
302.7938537597656  249.0
517.9794311523438  490.0
398.7259826660156  385.0
529.3386840820312  521.0
558.9095458984375  626.0
249.51255798339844  272.0
552.4083862304688  606.0
381.6431579589844  360.0
425.44158935546875  396.0
205.41085815429688  206.0
511.1067810058594  492.0
349.2184753417969  359.0
546.2925415039062  536.0
555.3275756835938  621.0
163.0587158203125  213.0
329.8959045410156  191.0
555.5582885742188  606.0
571.5421752929688  604.0
581.8193969726562  673.0
217.4813232421875  216.0
391.91546630859375  393.0
428.1062927246094  411.0
562.90087890625  604.0
540.7744140625  493.0
535.8793334960938  527.0
438.4568786621094  388.0
509.9394836425781  541.0
624.0913696289062  668.0
482.78985595703125  500.0
MSE : 2137.1621681406627
MAPE : 9.300706388800037
R2 Score : 0.8886310690059644
time : 4840.974507694002
