509.01080322265625  459.0
346.38665771484375  374.0
560.0401000976562  582.0
493.52752685546875  474.0
319.96026611328125  345.0
524.580322265625  554.0
454.4482116699219  522.0
241.21456909179688  207.0
210.6361846923828  233.0
219.31277465820312  223.0
600.5040283203125  529.0
548.396240234375  526.0
602.291748046875  621.0
474.1802062988281  483.0
594.9768676757812  616.0
225.66346740722656  218.0
346.94073486328125  388.0
364.49078369140625  422.0
309.6780700683594  425.0
252.2058868408203  207.0
288.48297119140625  195.0
310.4849548339844  203.0
587.5135498046875  562.0
304.183837890625  281.0
211.7727813720703  217.0
473.6125183105469  488.0
335.5992126464844  396.0
491.6759033203125  502.0
561.1842041015625  613.0
265.66705322265625  259.0
602.2189331054688  589.0
601.7291259765625  531.0
421.19207763671875  440.0
561.5418090820312  584.0
282.7225036621094  327.0
455.83270263671875  500.0
600.919677734375  583.0
353.12091064453125  388.0
506.8724060058594  520.0
361.6135559082031  398.0
199.47084045410156  208.0
498.029541015625  478.0
311.9848327636719  363.0
562.0084228515625  508.0
365.6653137207031  416.0
401.3724670410156  386.0
504.16595458984375  508.0
601.0146484375  606.0
357.17352294921875  385.0
455.4100036621094  600.0
350.94775390625  423.0
561.1915283203125  580.0
499.60699462890625  325.0
224.3455810546875  229.0
319.9380798339844  337.0
597.8348388671875  574.0
580.2360229492188  533.0
277.31500244140625  298.0
597.20361328125  587.0
560.5875854492188  649.0
337.6944885253906  295.0
312.7255554199219  324.0
343.037353515625  403.0
220.70640563964844  196.0
522.912353515625  618.0
319.7879638671875  199.0
452.6351318359375  360.0
425.2716064453125  599.0
596.8063354492188  569.0
388.24163818359375  410.0
464.56341552734375  501.0
440.2908935546875  520.0
312.618896484375  315.0
313.6993103027344  335.0
290.57562255859375  278.0
469.10968017578125  482.0
381.08782958984375  373.0
487.1310729980469  517.0
559.8903198242188  557.0
268.7177429199219  255.0
269.12408447265625  358.0
307.2441711425781  324.0
280.81121826171875  319.0
339.512451171875  363.0
183.40533447265625  215.0
328.529296875  320.0
379.8492736816406  413.0
602.1030883789062  658.0
598.7681884765625  565.0
508.73895263671875  479.0
393.48138427734375  380.0
519.4888305664062  493.0
221.81748962402344  213.0
560.6904296875  562.0
404.1461181640625  538.0
560.729248046875  654.0
205.1462860107422  203.0
464.70989990234375  392.0
MSE : 2935.692666855327
MAPE : 10.219153145723675
R2 Score : 0.8386028217352585
time : 703.1048919200002
