558.271240234375  475.0
265.27899169921875  226.0
253.68482971191406  229.0
343.7283020019531  333.0
230.3899688720703  220.0
550.3128662109375  411.0
498.433349609375  497.0
486.45062255859375  505.0
500.06109619140625  530.0
400.8937683105469  422.0
568.091552734375  561.0
568.98291015625  593.0
593.5244750976562  563.0
585.751708984375  584.0
337.2767639160156  467.0
232.60386657714844  206.0
546.0467529296875  564.0
590.0972900390625  580.0
418.220458984375  360.0
224.81820678710938  203.0
317.8011169433594  330.0
517.7520141601562  493.0
496.0914001464844  479.0
563.146240234375  538.0
599.2974243164062  566.0
263.6539611816406  323.0
198.08258056640625  130.0
632.9869995117188  260.0
569.3736572265625  546.0
362.49951171875  482.0
432.4989929199219  420.0
225.96885681152344  173.0
417.2903137207031  363.0
512.58154296875  527.0
303.2466125488281  191.0
272.2784118652344  211.0
548.7464599609375  549.0
615.0004272460938  615.0
542.1098022460938  584.0
339.97198486328125  360.0
511.25042724609375  546.0
365.614501953125  360.0
393.2688903808594  393.0
372.95556640625  374.0
517.4033203125  551.0
207.7639923095703  194.0
595.5035400390625  565.0
608.2671508789062  670.0
471.80487060546875  500.0
241.9034423828125  257.0
577.7789306640625  541.0
582.6195678710938  568.0
451.7048645019531  498.0
458.097900390625  457.0
408.5116882324219  325.0
206.2636260986328  188.0
211.575439453125  213.0
264.85711669921875  272.0
329.2137451171875  187.0
517.7646484375  517.0
396.8895263671875  433.0
372.359130859375  390.0
530.6836547851562  550.0
538.141357421875  520.0
333.20556640625  324.0
398.6134948730469  410.0
241.62318420410156  302.0
514.7630615234375  526.0
586.1990356445312  494.0
607.4473266601562  624.0
412.5765075683594  267.0
502.90777587890625  508.0
615.4378662109375  550.0
239.9154052734375  259.0
331.033935546875  313.0
597.6031494140625  566.0
591.8223876953125  562.0
336.14398193359375  345.0
232.83859252929688  218.0
507.10382080078125  525.0
237.26292419433594  251.0
226.8581085205078  152.0
343.98529052734375  348.0
547.8435668945312  599.0
540.3599243164062  563.0
399.2316589355469  378.0
540.2008666992188  554.0
529.7328491210938  508.0
391.54730224609375  333.0
355.6329650878906  359.0
391.7139892578125  386.0
546.1234130859375  470.0
414.78302001953125  377.0
509.5770263671875  519.0
566.6377563476562  618.0
215.17579650878906  207.0
332.3460388183594  421.0
532.781494140625  522.0
553.2440795898438  535.0
351.92547607421875  319.0
MSE : 3596.454382841014
MAPE : 11.36238086011617
R2 Score : 0.8114024992387825
time : 3379.9108573889825
