491.1269836425781  508.0
556.7304077148438  560.0
512.38818359375  503.0
418.886474609375  403.0
473.8664855957031  534.0
594.8557739257812  552.0
560.4905395507812  544.0
239.4545440673828  205.0
383.2951354980469  319.0
227.9852752685547  223.0
474.9834289550781  486.0
510.8517761230469  474.0
341.67559814453125  360.0
619.6503295898438  606.0
238.4659881591797  293.0
536.0006713867188  529.0
456.7592468261719  387.0
482.97833251953125  485.0
402.5729064941406  374.0
293.9499206542969  432.0
545.0335693359375  519.0
443.2299499511719  672.0
258.5217590332031  221.0
264.0496826171875  213.0
494.0742492675781  388.0
619.1392211914062  569.0
588.1401977539062  562.0
412.4536437988281  493.0
548.5685424804688  539.0
424.569580078125  387.0
453.3283386230469  457.0
468.1269226074219  539.0
345.2628479003906  308.0
395.5542297363281  345.0
345.71441650390625  345.0
561.9352416992188  579.0
270.6729431152344  213.0
558.9915771484375  525.0
497.3919982910156  581.0
574.7152709960938  538.0
397.7298278808594  347.0
524.0259399414062  650.0
372.8731994628906  319.0
601.4248657226562  567.0
565.5870361328125  529.0
221.38076782226562  197.0
573.5298461914062  566.0
568.013427734375  673.0
393.1241149902344  409.0
262.4561767578125  378.0
466.7184753417969  363.0
282.9717712402344  320.0
412.904541015625  386.0
582.2603149414062  618.0
488.8382263183594  484.0
570.5040893554688  562.0
567.3096313476562  616.0
521.936279296875  488.0
382.15728759765625  359.0
494.9155578613281  513.0
300.8658142089844  363.0
254.17491149902344  374.0
322.9598388671875  416.0
409.0315246582031  366.0
558.9234619140625  555.0
328.7545166015625  333.0
475.6002502441406  503.0
283.0505676269531  213.0
473.6051940917969  500.0
505.0505065917969  493.0
524.7874145507812  411.0
563.4249267578125  563.0
590.5435180664062  566.0
475.0649719238281  481.0
598.1668090820312  580.0
606.2228393554688  643.0
472.0773620605469  500.0
292.8575744628906  208.0
436.4945068359375  522.0
288.7432556152344  373.0
300.659912109375  348.0
269.5258483886719  324.0
338.6667785644531  362.0
505.7176208496094  491.0
574.168701171875  550.0
556.2853393554688  541.0
422.67755126953125  311.0
536.5587158203125  616.0
535.0084228515625  525.0
614.4696044921875  670.0
216.43145751953125  221.0
535.0789794921875  559.0
560.2748413085938  575.0
236.28054809570312  192.0
494.9853210449219  545.0
385.31500244140625  355.0
256.338134765625  315.0
478.9691467285156  472.0
393.4537658691406  420.0
MSE : 3261.1051566813967
MAPE : 10.732225656333128
R2 Score : 0.7916526247337364
time : 1541.0811347018462
