627.0565185546875  606.0
413.11669921875  394.0
458.38934326171875  422.0
635.0728149414062  544.0
243.65879821777344  190.0
361.8365478515625  396.0
521.15673828125  473.0
509.3711853027344  531.0
517.8560791015625  467.0
547.5838012695312  569.0
494.980712890625  502.0
487.90142822265625  388.0
584.165283203125  606.0
494.6600036621094  498.0
587.3162231445312  619.0
506.0261535644531  529.0
511.4365539550781  532.0
473.9481201171875  501.0
615.4611206054688  615.0
635.0730590820312  658.0
635.510009765625  458.0
530.8685913085938  522.0
381.3638916015625  199.0
235.63845825195312  253.0
349.6333312988281  390.0
490.15838623046875  527.0
347.50482177734375  218.0
632.3284912109375  656.0
330.6653747558594  344.0
524.5862426757812  517.0
265.7322082519531  313.0
516.1785278320312  485.0
200.4009246826172  240.0
635.620361328125  593.0
445.44464111328125  406.0
580.785400390625  557.0
289.8464660644531  359.0
540.7081298828125  517.0
420.7535095214844  403.0
219.87425231933594  293.0
467.0233459472656  407.0
341.62469482421875  333.0
614.2042846679688  613.0
630.6870727539062  515.0
514.5357055664062  538.0
314.9610290527344  397.0
577.9761352539062  551.0
376.5897521972656  377.0
611.8060913085938  600.0
634.7597045898438  565.0
635.1942138671875  538.0
604.8475952148438  584.0
508.198486328125  509.0
508.97576904296875  488.0
333.9192810058594  373.0
627.5410766601562  579.0
207.91128540039062  241.0
336.15228271484375  379.0
516.7744140625  481.0
514.2781372070312  388.0
634.007568359375  624.0
633.079345703125  562.0
291.7921142578125  187.0
193.890625  192.0
278.0278015136719  392.0
413.75421142578125  385.0
320.14630126953125  376.0
307.634033203125  319.0
514.2422485351562  527.0
328.52410888671875  266.0
386.99212646484375  421.0
519.7056274414062  360.0
221.36529541015625  130.0
339.9190368652344  377.0
554.4878540039062  474.0
635.3488159179688  616.0
616.6273803710938  574.0
634.7869873046875  547.0
507.2850341796875  533.0
531.2962036132812  633.0
224.31260681152344  269.0
353.57574462890625  355.0
367.35650634765625  363.0
292.5918273925781  433.0
634.65771484375  607.0
634.8842163085938  580.0
511.40008544921875  459.0
635.7017822265625  533.0
399.01611328125  387.0
338.711181640625  366.0
320.1398010253906  378.0
516.7322387695312  552.0
635.5992431640625  618.0
376.4053649902344  402.0
559.74560546875  563.0
265.21014404296875  304.0
332.80462646484375  321.0
427.14154052734375  387.0
512.37158203125  559.0
575.21728515625  569.0
MSE : 3556.6245117356534
MAPE : 12.07405025836563
R2 Score : 0.7708222929325027
time : 370.79293908999534
