592.415283203125  533.0
520.5725708007812  577.0
200.5737762451172  221.0
248.16424560546875  206.0
354.86993408203125  319.0
183.1215362548828  207.0
321.63775634765625  293.0
388.66754150390625  379.0
526.8060913085938  503.0
614.3030395507812  638.0
505.7571716308594  492.0
246.5628662109375  272.0
372.67559814453125  398.0
373.9056396484375  347.0
600.5431518554688  535.0
170.409912109375  194.0
438.79632568359375  255.0
388.6297302246094  409.0
244.3533172607422  229.0
198.10836791992188  196.0
560.5720825195312  545.0
510.4880065917969  478.0
536.6163330078125  529.0
209.69363403320312  171.0
379.1269226074219  373.0
521.9968872070312  523.0
561.5374755859375  563.0
503.32623291015625  473.0
202.110107421875  208.0
396.6642761230469  378.0
646.8228149414062  569.0
409.19140625  520.0
390.54754638671875  387.0
342.5567932128906  365.0
312.0711975097656  304.0
273.3902587890625  239.0
693.6185913085938  633.0
521.2378540039062  523.0
396.88409423828125  396.0
681.233642578125  670.0
286.94573974609375  358.0
523.4751586914062  500.0
300.9449768066406  281.0
588.3733520507812  566.0
342.0362548828125  373.0
511.78619384765625  507.0
376.6848449707031  366.0
620.07373046875  621.0
554.0468139648438  538.0
253.701171875  278.0
380.9634704589844  363.0
523.6411743164062  458.0
503.40972900390625  512.0
529.3696899414062  475.0
184.4612579345703  203.0
437.75164794921875  423.0
437.5995788574219  411.0
200.872314453125  209.0
624.0225830078125  584.0
514.1231689453125  493.0
369.20977783203125  377.0
382.2201843261719  360.0
562.0867919921875  552.0
575.9308471679688  590.0
516.9822387695312  502.0
558.154296875  549.0
259.85931396484375  283.0
267.20758056640625  268.0
420.1501770019531  363.0
522.2545776367188  508.0
570.977294921875  590.0
308.1651306152344  319.0
363.18756103515625  482.0
579.6809692382812  584.0
591.6027221679688  566.0
604.4183959960938  541.0
528.1581420898438  513.0
426.6099548339844  433.0
539.6387329101562  539.0
445.3786315917969  449.0
597.6182250976562  587.0
247.09092712402344  228.0
388.1640930175781  376.0
177.30950927734375  194.0
568.5498657226562  568.0
352.1678161621094  410.0
438.5487365722656  419.0
511.0565490722656  474.0
569.591796875  569.0
666.46728515625  547.0
397.34930419921875  373.0
506.24493408203125  494.0
517.8601684570312  481.0
276.40032958984375  293.0
527.4480590820312  520.0
530.3811645507812  512.0
335.9029541015625  330.0
174.6505126953125  188.0
372.1999816894531  413.0
MSE : 1530.8474577193483
MAPE : 6.98258301049018
R2 Score : 0.9088515430483042
time : 1129.9370740209706
