541.2802734375  530.0
686.7080688476562  589.0
548.0361328125  536.0
506.2546691894531  499.0
261.20050048828125  366.0
509.42822265625  599.0
423.2484436035156  392.0
550.6488647460938  600.0
592.9304809570312  577.0
227.49188232421875  221.0
245.48580932617188  313.0
367.30999755859375  363.0
480.93255615234375  493.0
192.40988159179688  195.0
342.7369079589844  350.0
244.88900756835938  253.0
370.6630859375  433.0
547.7216796875  527.0
546.5462036132812  520.0
515.873291015625  482.0
552.1630859375  550.0
307.4531555175781  323.0
596.7769775390625  560.0
327.9447937011719  199.0
416.171875  363.0
280.58160400390625  284.0
471.50897216796875  503.0
511.21197509765625  505.0
457.91815185546875  498.0
585.1456298828125  568.0
539.02001953125  541.0
528.3334350585938  521.0
472.186767578125  457.0
647.1129150390625  685.0
381.0638427734375  256.0
226.0299072265625  195.0
555.9697265625  544.0
490.56134033203125  486.0
356.36968994140625  398.0
340.4051513671875  377.0
330.4164123535156  344.0
365.4014892578125  379.0
159.19308471679688  199.0
568.970703125  519.0
580.9158325195312  549.0
504.426513671875  508.0
395.3277893066406  424.0
326.7825927734375  327.0
276.8356628417969  249.0
279.5721130371094  269.0
579.904296875  565.0
494.60198974609375  467.0
421.8650207519531  411.0
426.3816223144531  484.0
594.36572265625  563.0
471.4654235839844  545.0
234.97576904296875  243.0
302.56103515625  300.0
587.0907592773438  569.0
560.8343505859375  537.0
200.85342407226562  194.0
682.1593017578125  765.0
577.6651611328125  606.0
380.80584716796875  401.0
541.5936889648438  554.0
247.60569763183594  228.0
617.1402587890625  527.0
577.0108642578125  621.0
496.89630126953125  538.0
206.45440673828125  213.0
387.26605224609375  377.0
569.73388671875  580.0
677.7752075195312  615.0
546.1919555664062  584.0
207.02114868164062  207.0
257.684326171875  241.0
359.39239501953125  413.0
385.8022155761719  409.0
432.9249572753906  415.0
516.6092529296875  519.0
385.55218505859375  331.0
546.1012573242188  658.0
531.1951904296875  545.0
675.9910278320312  555.0
412.4554748535156  423.0
600.78955078125  567.0
338.355712890625  314.0
413.1277160644531  418.0
528.684814453125  531.0
271.5137939453125  293.0
618.7684326171875  678.0
542.6280517578125  515.0
393.61065673828125  432.0
348.3507080078125  393.0
497.364013671875  481.0
495.934814453125  520.0
390.526611328125  388.0
496.09918212890625  488.0
546.8881225585938  508.0
529.3604736328125  581.0
MSE : 1836.803276162541
MAPE : 7.449590715101741
R2 Score : 0.8941715453511142
time : 1957.344431843143
