565.1792602539062  530.0
563.9498291015625  589.0
533.8167114257812  536.0
516.8521118164062  499.0
218.86399841308594  366.0
476.11273193359375  599.0
504.86395263671875  392.0
579.6396484375  600.0
515.2135009765625  577.0
299.73175048828125  221.0
199.0079345703125  313.0
380.32586669921875  363.0
526.590087890625  493.0
259.5230712890625  195.0
381.3941955566406  350.0
257.9379577636719  253.0
330.9352722167969  433.0
535.0753173828125  527.0
550.0130004882812  520.0
499.1534423828125  482.0
548.6019897460938  550.0
323.09527587890625  323.0
533.552734375  560.0
367.65521240234375  199.0
407.86932373046875  363.0
256.026123046875  284.0
614.4061889648438  503.0
506.3345642089844  505.0
507.5296630859375  498.0
570.1270141601562  568.0
489.7935791015625  541.0
484.9314270019531  521.0
501.205810546875  457.0
531.09619140625  685.0
368.0815734863281  256.0
315.5178527832031  195.0
541.3701782226562  544.0
553.7063598632812  486.0
381.7582702636719  398.0
377.4063720703125  377.0
356.77093505859375  344.0
379.44085693359375  379.0
259.4711608886719  199.0
549.6688232421875  519.0
558.8327026367188  549.0
483.3408508300781  508.0
383.733154296875  424.0
368.2557678222656  327.0
358.653076171875  249.0
322.19189453125  269.0
515.766845703125  565.0
487.4596862792969  467.0
473.3988952636719  411.0
568.8282470703125  484.0
541.3796997070312  563.0
454.328125  545.0
193.9176025390625  243.0
368.0537414550781  300.0
539.4591674804688  569.0
552.7496948242188  537.0
261.9861755371094  194.0
550.555419921875  765.0
507.9761047363281  606.0
380.8885498046875  401.0
547.0501098632812  554.0
296.76544189453125  228.0
562.029052734375  527.0
506.2262268066406  621.0
542.7816162109375  538.0
293.80963134765625  213.0
342.46771240234375  377.0
499.4977722167969  580.0
543.1522827148438  615.0
537.1837768554688  584.0
285.69232177734375  207.0
254.0073699951172  241.0
381.56805419921875  413.0
378.8255920410156  409.0
504.79742431640625  415.0
615.2899169921875  519.0
368.1092529296875  331.0
539.5399169921875  658.0
548.3570556640625  545.0
543.72998046875  555.0
484.0180358886719  423.0
569.3002319335938  567.0
368.0494079589844  314.0
381.5565185546875  418.0
507.6175537109375  531.0
249.26153564453125  293.0
557.5989990234375  678.0
502.2515869140625  515.0
349.8138732910156  432.0
380.115234375  393.0
485.10015869140625  481.0
542.927001953125  520.0
244.0992431640625  388.0
487.5129089355469  488.0
516.8494262695312  508.0
524.6471557617188  581.0
MSE : 4528.045808462514
MAPE : 13.49283073132774
R2 Score : 0.73911409201638
time : 1703.7978127279785
