276.966796875  321.0
559.4472045898438  561.0
379.81298828125  315.0
365.7055969238281  415.0
380.7601013183594  379.0
366.3663635253906  388.0
434.70062255859375  419.0
559.409423828125  565.0
283.798583984375  390.0
559.881103515625  533.0
386.8363037109375  324.0
559.6913452148438  513.0
560.147216796875  475.0
307.6888122558594  365.0
558.7108764648438  623.0
559.772705078125  546.0
264.52728271484375  211.0
559.982666015625  763.0
524.2138671875  478.0
559.6904296875  522.0
266.4230651855469  229.0
560.13427734375  578.0
559.2144775390625  678.0
559.8814086914062  538.0
559.8258666992188  493.0
378.4466552734375  376.0
375.99273681640625  300.0
426.748046875  410.0
559.8843994140625  530.0
322.72088623046875  359.0
559.8991088867188  490.0
556.657470703125  668.0
559.4161376953125  559.0
560.1559448242188  519.0
260.642333984375  221.0
265.8219909667969  240.0
381.1731262207031  389.0
367.91064453125  319.0
426.4527893066406  407.0
263.3778991699219  251.0
381.74615478515625  385.0
260.4997863769531  203.0
559.9300537109375  502.0
559.4776611328125  526.0
559.807373046875  520.0
267.4672546386719  348.0
365.39093017578125  256.0
559.4199829101562  541.0
559.4093017578125  573.0
559.818359375  685.0
380.6847839355469  395.0
379.1755676269531  363.0
378.5489196777344  384.0
303.649169921875  380.0
558.5823974609375  638.0
379.7904052734375  360.0
381.91192626953125  363.0
274.40435791015625  348.0
275.36376953125  329.0
278.1075439453125  293.0
559.4252319335938  560.0
540.6478881835938  626.0
559.484130859375  500.0
559.7427368164062  520.0
272.4015197753906  249.0
426.5058288574219  422.0
378.8907775878906  393.0
380.0126037597656  392.0
277.8336181640625  324.0
559.2451171875  547.0
548.4395751953125  498.0
363.1162109375  233.0
560.145263671875  563.0
559.8809204101562  584.0
350.0035705566406  366.0
520.77734375  548.0
554.983642578125  552.0
379.3935546875  420.0
559.4083862304688  539.0
378.6870422363281  359.0
559.4042358398438  566.0
367.3691101074219  320.0
261.5268249511719  190.0
559.4427490234375  763.0
559.9365234375  554.0
262.629638671875  254.0
261.060791015625  204.0
559.2847900390625  493.0
559.5404052734375  523.0
364.2427978515625  333.0
559.4281616210938  559.0
559.4229736328125  544.0
559.64453125  763.0
559.7940063476562  500.0
381.3543701171875  394.0
402.64227294921875  420.0
377.0150146484375  311.0
262.39892578125  218.0
559.4134521484375  493.0
559.4059448242188  534.0
MSE : 3641.537421493586
MAPE : 10.858772976498615
R2 Score : 0.7984084756845456
time : 1301.1058450469282
