411.4114990234375  393.0
374.9039001464844  377.0
584.4771118164062  550.0
304.2555847167969  319.0
529.584228515625  508.0
502.7872009277344  493.0
297.4757080078125  259.0
640.1306762695312  668.0
381.06439208984375  413.0
532.7742919921875  537.0
600.5608520507812  604.0
520.3898315429688  534.0
349.0310974121094  304.0
535.9562377929688  550.0
403.9076843261719  403.0
619.2257690429688  604.0
607.8595581054688  543.0
415.38726806640625  409.0
168.41171264648438  188.0
553.892333984375  569.0
540.9225463867188  503.0
524.4126586914062  520.0
558.4249877929688  573.0
384.7158508300781  420.0
515.6766967773438  508.0
552.9207153320312  538.0
622.1288452148438  541.0
365.4217834472656  397.0
274.76483154296875  223.0
205.22576904296875  197.0
605.8518676757812  493.0
560.7826538085938  538.0
326.7433166503906  281.0
336.5871887207031  295.0
559.9529418945312  630.0
536.7363891601562  531.0
627.2594604492188  616.0
180.35665893554688  194.0
494.23577880859375  472.0
542.586669921875  541.0
538.1818237304688  529.0
549.5435180664062  549.0
382.4164123535156  256.0
228.60955810546875  226.0
388.4987487792969  402.0
583.3638305664062  580.0
493.3567810058594  478.0
572.755126953125  500.0
247.52294921875  218.0
219.7479248046875  197.0
552.1101684570312  584.0
522.4013671875  503.0
352.0265808105469  335.0
555.3876342773438  484.0
406.9656066894531  363.0
254.22280883789062  253.0
336.1499328613281  316.0
351.7571105957031  345.0
505.6323547363281  523.0
531.6356201171875  526.0
280.1014709472656  239.0
396.7806091308594  358.0
579.3109741210938  569.0
353.6335144042969  318.0
406.0240173339844  410.0
531.5740356445312  554.0
546.8998413085938  549.0
248.15902709960938  267.0
345.9111328125  266.0
316.4098815917969  330.0
540.5424194335938  522.0
248.2141876220703  235.0
342.821533203125  324.0
587.51904296875  618.0
549.1469116210938  587.0
506.5962829589844  519.0
260.001953125  251.0
542.6421508789062  551.0
544.7429809570312  541.0
594.5214233398438  619.0
513.5619506835938  473.0
232.3672332763672  240.0
380.976318359375  337.0
375.712158203125  333.0
543.9275512695312  577.0
488.099853515625  467.0
214.14895629882812  171.0
485.8976135253906  488.0
286.9954528808594  283.0
537.0753784179688  530.0
594.5667724609375  616.0
261.0715637207031  311.0
390.343994140625  329.0
322.0749206542969  304.0
539.12255859375  563.0
218.55511474609375  243.0
457.3797302246094  459.0
341.46978759765625  195.0
219.491455078125  209.0
401.7851257324219  420.0
MSE : 1373.6345197433466
MAPE : 7.565894463452846
R2 Score : 0.9255269179842668
time : 983.7497482450053
