521.188720703125  538.0
341.734375  321.0
515.3662719726562  532.0
208.5719451904297  216.0
204.6556396484375  171.0
571.5421142578125  550.0
599.9949340820312  551.0
590.7921752929688  563.0
497.4652099609375  482.0
417.0976257324219  411.0
406.7669982910156  403.0
502.49761962890625  526.0
547.622802734375  470.0
394.8436279296875  389.0
528.9125366210938  490.0
209.07034301757812  223.0
292.0144348144531  387.0
198.97494506835938  220.0
614.4118041992188  580.0
409.9288024902344  432.0
639.1216430664062  613.0
269.84197998046875  324.0
405.5450134277344  373.0
626.1774291992188  561.0
300.7220458984375  324.0
410.8353576660156  419.0
258.2727966308594  229.0
497.0955505371094  459.0
513.1749877929688  521.0
551.8729858398438  603.0
399.4851379394531  187.0
556.9810180664062  773.0
603.9511108398438  563.0
383.1355285644531  378.0
366.95428466796875  243.0
372.0328674316406  359.0
544.2338256835938  559.0
541.2683715820312  650.0
469.931396484375  600.0
503.7095642089844  508.0
201.8068084716797  253.0
384.11090087890625  398.0
466.4204406738281  459.0
504.3277893066406  526.0
422.285888671875  548.0
422.5575256347656  411.0
196.232421875  209.0
326.9485778808594  270.0
560.2504272460938  530.0
593.9392700195312  543.0
607.9640502929688  603.0
530.2501831054688  557.0
599.2894897460938  623.0
407.7799987792969  420.0
561.6375122070312  539.0
382.7819519042969  315.0
493.6683654785156  535.0
546.0577392578125  563.0
388.86370849609375  360.0
500.7596130371094  501.0
503.3952941894531  519.0
509.43878173828125  533.0
404.6805114746094  385.0
494.6538391113281  411.0
339.7997741699219  378.0
414.6917419433594  377.0
393.0447998046875  315.0
384.6351623535156  345.0
519.7836303710938  457.0
534.0386352539062  566.0
374.9434509277344  363.0
490.6541442871094  494.0
538.9254760742188  685.0
512.2720947265625  584.0
404.1462707519531  331.0
341.9751892089844  378.0
513.521240234375  528.0
299.60797119140625  249.0
404.24365234375  344.0
433.0345153808594  419.0
341.5986022949219  199.0
382.33135986328125  380.0
529.0281982421875  520.0
584.1964111328125  575.0
503.3435974121094  522.0
543.9224243164062  562.0
497.2299499511719  467.0
529.0797729492188  593.0
579.525634765625  552.0
376.2326354980469  350.0
224.61874389648438  235.0
406.6116027832031  267.0
338.940185546875  344.0
534.8184204101562  555.0
286.08673095703125  251.0
292.4235534667969  316.0
496.9833068847656  538.0
614.0056762695312  626.0
192.73388671875  197.0
539.5848999023438  599.0
MSE : 3320.734838372222
MAPE : 10.624257208360374
R2 Score : 0.8109596689458906
time : 1621.9362815578934
