347.2847900390625  345.0
199.81533813476562  197.0
326.6293029785156  330.0
330.5440979003906  319.0
325.8448181152344  324.0
463.98931884765625  449.0
641.4981689453125  658.0
629.868408203125  685.0
343.557861328125  315.0
233.6236572265625  207.0
587.056396484375  529.0
533.3001708984375  527.0
539.2640991210938  545.0
487.10186767578125  484.0
645.1614990234375  580.0
427.9472961425781  440.0
441.8974914550781  548.0
580.0504760742188  562.0
359.2850036621094  398.0
583.6288452148438  584.0
561.8888549804688  533.0
321.3879699707031  390.0
594.802490234375  615.0
554.796630859375  539.0
614.1695556640625  604.0
353.3360290527344  344.0
472.13214111328125  484.0
557.05712890625  531.0
327.5967712402344  418.0
518.9542236328125  668.0
500.5675354003906  523.0
581.425048828125  520.0
525.768310546875  521.0
546.2828979492188  520.0
310.9366455078125  228.0
275.7919616699219  251.0
325.08935546875  265.0
592.7409057617188  550.0
580.343505859375  560.0
224.32162475585938  272.0
599.8731689453125  545.0
583.09716796875  557.0
593.0537109375  573.0
316.3908996582031  415.0
538.3673706054688  536.0
275.2143249511719  293.0
387.619140625  409.0
346.8438415527344  350.0
263.9523010253906  266.0
212.7771759033203  233.0
259.1161804199219  218.0
630.7301025390625  595.0
645.021240234375  543.0
490.9299621582031  478.0
476.03948974609375  505.0
226.16062927246094  211.0
565.3312377929688  549.0
476.8469543457031  503.0
552.3298950195312  551.0
516.906982421875  508.0
524.044677734375  458.0
512.6295166015625  509.0
543.297119140625  668.0
601.1829223632812  573.0
672.8291015625  649.0
571.9388427734375  584.0
308.3380126953125  366.0
315.6997375488281  191.0
576.9912719726562  555.0
418.55963134765625  363.0
637.619873046875  670.0
606.1763305664062  616.0
551.650634765625  522.0
377.5179748535156  379.0
500.0425720214844  499.0
383.0917053222656  363.0
521.354248046875  493.0
483.8506164550781  501.0
366.9817199707031  355.0
621.1509399414062  616.0
472.74627685546875  498.0
537.0469360351562  554.0
613.4501342773438  580.0
411.1726989746094  433.0
527.3580322265625  531.0
345.447265625  330.0
284.0963439941406  187.0
553.2613525390625  512.0
558.4073486328125  535.0
280.9394836425781  259.0
373.3948059082031  386.0
520.514404296875  495.0
682.8551025390625  583.0
559.8584594726562  528.0
563.2817993164062  568.0
359.1204833984375  255.0
355.0419921875  425.0
535.5485229492188  549.0
MSE : 2094.5008792849494
MAPE : 8.238978552186877
R2 Score : 0.8751983711386598
time : 1098.0503999779976
