387.9384460449219  355.0
355.6459655761719  373.0
523.2265625  539.0
396.571044921875  337.0
590.7332153320312  584.0
524.0465087890625  523.0
410.8945007324219  493.0
524.295166015625  470.0
195.6679229736328  243.0
590.7611083984375  618.0
392.4945068359375  360.0
523.35791015625  528.0
258.1998291015625  229.0
590.7731323242188  543.0
414.2901916503906  411.0
547.0585327148438  566.0
524.0361328125  538.0
391.779541015625  386.0
587.1566162109375  546.0
271.05560302734375  323.0
296.25677490234375  378.0
519.9878540039062  519.0
372.8692932128906  311.0
523.3368530273438  533.0
397.8135986328125  403.0
523.4482421875  557.0
205.07923889160156  206.0
394.1783447265625  416.0
195.90809631347656  220.0
456.1753845214844  449.0
588.5054931640625  654.0
271.4299621582031  283.0
391.0718994140625  333.0
590.772705078125  554.0
395.3251953125  406.0
590.7114868164062  563.0
195.67323303222656  171.0
478.78533935546875  444.0
544.788818359375  561.0
590.7666015625  623.0
375.934326171875  298.0
523.3372802734375  503.0
523.2677001953125  488.0
393.6531982421875  420.0
391.1182861328125  318.0
195.6479949951172  194.0
432.55657958984375  459.0
547.97265625  569.0
498.93341064453125  475.0
316.96453857421875  265.0
195.63148498535156  192.0
590.7650146484375  566.0
195.63267517089844  196.0
272.3896789550781  199.0
590.6881103515625  563.0
590.755126953125  563.0
523.5261840820312  541.0
410.3678283691406  505.0
394.55389404296875  401.0
394.10772705078125  374.0
400.05517578125  467.0
325.1506652832031  272.0
205.0681915283203  223.0
590.762451171875  600.0
441.1949462890625  484.0
392.6536865234375  415.0
272.6977233886719  281.0
496.419677734375  501.0
576.4683227539062  490.0
587.266845703125  539.0
495.90899658203125  508.0
590.6957397460938  573.0
586.7653198242188  492.0
319.67681884765625  316.0
391.23968505859375  358.0
555.6180419921875  552.0
576.3673095703125  520.0
590.771484375  508.0
195.6331024169922  199.0
395.17144775390625  424.0
387.6864013671875  378.0
547.2483520507812  512.0
398.8761901855469  444.0
397.1021423339844  411.0
579.6212158203125  545.0
483.1829528808594  503.0
590.4551391601562  673.0
392.13592529296875  363.0
393.4281005859375  395.0
196.2187957763672  253.0
198.29591369628906  272.0
356.3797607421875  433.0
285.2767028808594  284.0
586.8011474609375  593.0
274.11077880859375  393.0
590.7734375  603.0
383.395751953125  418.0
590.7625122070312  604.0
585.029541015625  592.0
555.87548828125  565.0
MSE : 1731.2641441654391
MAPE : 8.08061691255432
R2 Score : 0.892189340874745
time : 1794.711427259026
