429.0023193359375  548.0
605.5977172851562  569.0
491.9854431152344  488.0
411.1189270019531  419.0
495.15704345703125  513.0
544.8026123046875  577.0
203.07530212402344  130.0
496.9283142089844  486.0
399.56982421875  411.0
435.8798828125  478.0
660.3726806640625  672.0
250.7200469970703  270.0
308.6864929199219  331.0
319.80010986328125  316.0
566.0836791992188  538.0
313.268798828125  345.0
305.1683044433594  260.0
268.91265869140625  268.0
489.2362365722656  459.0
574.63232421875  520.0
265.7026062011719  269.0
541.8564453125  552.0
493.7680969238281  482.0
368.5021667480469  392.0
196.44158935546875  173.0
377.3954162597656  394.0
346.6600646972656  425.0
204.11691284179688  293.0
380.5907287597656  255.0
522.5677490234375  478.0
645.93798828125  763.0
577.3031616210938  615.0
235.8428497314453  220.0
204.8773651123047  194.0
518.6144409179688  534.0
525.6441650390625  523.0
255.94825744628906  373.0
321.52203369140625  323.0
200.7507781982422  213.0
269.61260986328125  266.0
653.4603881835938  577.0
638.0419921875  583.0
629.7588500976562  578.0
707.3057861328125  658.0
376.2355041503906  416.0
621.3055419921875  574.0
495.8764343261719  541.0
467.943359375  458.0
253.85560607910156  390.0
478.319091796875  493.0
535.1532592773438  549.0
548.2184448242188  584.0
717.1810913085938  563.0
614.311767578125  569.0
561.4107055664062  581.0
245.78005981445312  223.0
371.86090087890625  388.0
199.40794372558594  272.0
564.94384765625  538.0
420.8987731933594  363.0
543.1207275390625  568.0
657.0464477539062  658.0
437.8757629394531  419.0
663.81201171875  765.0
386.2896423339844  410.0
340.5636901855469  418.0
364.8544921875  360.0
215.25753784179688  253.0
595.3557739257812  600.0
329.3948669433594  335.0
199.29701232910156  190.0
594.3788452148438  590.0
337.1047058105469  333.0
342.00701904296875  333.0
546.302734375  527.0
525.2711791992188  580.0
540.4590454101562  533.0
623.593017578125  685.0
604.42431640625  603.0
575.0542602539062  562.0
492.56890869140625  493.0
334.5260009765625  397.0
329.0266418457031  330.0
334.21807861328125  321.0
205.01370239257812  213.0
488.2406005859375  478.0
221.26498413085938  192.0
327.6582946777344  388.0
590.5008544921875  587.0
524.2044067382812  493.0
571.3318481445312  539.0
343.0389709472656  347.0
384.3064880371094  373.0
349.999755859375  378.0
486.4205017089844  503.0
MSE : 2225.312588519174
MAPE : 8.310991781230332
R2 Score : 0.8890124764083636
time : 2745.154277952999
