256.24139404296875  270.0
370.38641357421875  378.0
513.894287109375  541.0
565.661865234375  565.0
521.4635009765625  484.0
731.5599975585938  669.0
430.13177490234375  411.0
381.93865966796875  329.0
549.0963134765625  559.0
483.07952880859375  474.0
408.30145263671875  401.0
589.5401000976562  621.0
436.26458740234375  363.0
357.91436767578125  353.0
550.6891479492188  533.0
582.2508544921875  589.0
439.11102294921875  505.0
243.21871948242188  233.0
191.47325134277344  194.0
352.2121887207031  337.0
344.18243408203125  363.0
552.1887817382812  494.0
734.1429443359375  649.0
539.9658203125  517.0
527.725341796875  508.0
530.57421875  538.0
575.8788452148438  603.0
547.97265625  490.0
575.02734375  565.0
298.639892578125  283.0
538.7589111328125  522.0
334.5832214355469  328.0
542.8433837890625  569.0
467.84600830078125  493.0
557.3399047851562  539.0
544.124267578125  536.0
696.2021484375  643.0
364.6575012207031  373.0
570.6533203125  527.0
549.3674926757812  528.0
543.6179809570312  539.0
458.50238037109375  520.0
527.3436279296875  568.0
572.5413818359375  550.0
190.66647338867188  173.0
564.0265502929688  607.0
549.6756591796875  552.0
402.3023681640625  387.0
609.2964477539062  593.0
563.5228271484375  606.0
542.22265625  567.0
258.553466796875  229.0
367.36639404296875  360.0
377.1268615722656  386.0
331.1426696777344  345.0
573.0330200195312  519.0
630.8095703125  685.0
335.446533203125  343.0
558.80322265625  493.0
343.8291320800781  409.0
496.84063720703125  522.0
571.9848022460938  561.0
543.9171142578125  549.0
224.31997680664062  225.0
541.4228515625  549.0
363.94573974609375  523.0
225.08819580078125  228.0
479.8874816894531  668.0
403.62701416015625  563.0
456.0628967285156  449.0
488.761962890625  481.0
517.8787841796875  520.0
278.0846252441406  319.0
444.6458740234375  493.0
493.3424072265625  536.0
242.20126342773438  272.0
217.9962921142578  390.0
500.9729919433594  523.0
482.576904296875  500.0
520.5399169921875  535.0
393.889892578125  433.0
386.96478271484375  467.0
419.79229736328125  433.0
493.1969299316406  458.0
551.6557006835938  538.0
485.77252197265625  478.0
320.7778015136719  316.0
304.7403564453125  417.0
327.9159851074219  378.0
562.8214111328125  562.0
583.2918701171875  573.0
266.74298095703125  331.0
568.5723266601562  550.0
371.39617919921875  374.0
647.9466552734375  569.0
377.7982177734375  378.0
MSE : 2411.1030687962143
MAPE : 6.9389159764579915
R2 Score : 0.8217811678010963
time : 1552.3311770220753
