506.47784423828125  474.0
213.81655883789062  208.0
589.3964233398438  773.0
333.0076599121094  320.0
225.35659790039062  219.0
360.5665283203125  388.0
527.2986450195312  520.0
509.3663635253906  501.0
392.80560302734375  394.0
531.521484375  565.0
410.7345886230469  378.0
507.5989074707031  542.0
549.7947387695312  563.0
554.3399047851562  584.0
333.6622314453125  295.0
493.0164794921875  512.0
199.47979736328125  209.0
150.48141479492188  191.0
351.50152587890625  329.0
556.3761596679688  546.0
342.71063232421875  410.0
521.9120483398438  481.0
510.0075988769531  529.0
554.6151733398438  616.0
603.4529418945312  550.0
195.21902465820312  195.0
497.2999572753906  482.0
420.2892761230469  505.0
176.3977508544922  213.0
391.7044677734375  353.0
203.591064453125  206.0
428.5142517089844  424.0
246.52023315429688  226.0
504.9442443847656  539.0
517.9622192382812  475.0
246.52223205566406  278.0
506.7847900390625  502.0
409.4602355957031  388.0
522.7434692382812  532.0
485.0626525878906  467.0
575.5786743164062  624.0
608.853515625  582.0
318.885009765625  324.0
306.137451171875  233.0
375.4653625488281  384.0
569.3037109375  603.0
360.0133972167969  363.0
402.3735046386719  344.0
435.24755859375  493.0
331.1755676269531  330.0
341.96600341796875  267.0
277.0065612792969  243.0
273.1995849609375  278.0
552.9468994140625  551.0
527.7594604492188  528.0
561.5125732421875  579.0
202.8169403076172  228.0
522.97119140625  478.0
567.5554809570312  561.0
422.1287841796875  360.0
538.8668212890625  494.0
406.8958740234375  406.0
533.419921875  527.0
537.8043212890625  555.0
647.1675415039062  670.0
403.13751220703125  423.0
257.2701721191406  304.0
461.98876953125  523.0
242.15560913085938  286.0
271.86676025390625  243.0
296.34130859375  323.0
584.9490356445312  603.0
405.6854553222656  379.0
501.76171875  483.0
486.1754455566406  459.0
534.8291625976562  554.0
375.5802001953125  360.0
524.7732543945312  500.0
634.3895874023438  623.0
511.4082946777344  488.0
526.3517456054688  512.0
213.1790771484375  216.0
414.6162414550781  444.0
314.047607421875  390.0
318.13458251953125  348.0
316.47540283203125  316.0
508.32733154296875  525.0
368.7279357910156  386.0
580.0460815429688  530.0
549.5308837890625  491.0
571.3294677734375  668.0
596.3455810546875  621.0
377.0632019042969  415.0
312.2922058105469  333.0
557.6639404296875  618.0
217.24058532714844  220.0
535.0634765625  545.0
674.2164306640625  763.0
566.5035400390625  626.0
572.4141235351562  603.0
MSE : 1622.0249777374324
MAPE : 7.103335203819653
R2 Score : 0.9149092437786484
time : 5881.555779448012
