607.837890625  616.0
509.6286315917969  484.0
495.3492126464844  632.0
663.2982177734375  765.0
659.6495971679688  678.0
428.5046081542969  363.0
534.6906127929688  528.0
659.6344604492188  649.0
251.725341796875  251.0
567.486328125  564.0
562.485107421875  546.0
540.9109497070312  650.0
338.0990905761719  330.0
649.8634643554688  593.0
356.4193420410156  360.0
181.1725616455078  130.0
337.5267639160156  333.0
268.306396484375  195.0
417.62738037109375  378.0
536.3785400390625  557.0
207.4597930908203  190.0
364.5076599121094  373.0
355.969482421875  425.0
536.22119140625  508.0
634.1163330078125  616.0
218.0502166748047  272.0
502.9420166015625  474.0
363.01171875  416.0
507.32281494140625  488.0
315.3143005371094  390.0
256.3269958496094  251.0
336.6429748535156  345.0
505.07745361328125  470.0
379.894287109375  366.0
425.3922424316406  407.0
304.4747009277344  379.0
378.5313415527344  389.0
381.1064147949219  368.0
520.4725341796875  545.0
436.4123229980469  419.0
224.44293212890625  273.0
325.1192321777344  279.0
597.8685302734375  580.0
616.6600952148438  546.0
443.8821716308594  493.0
520.4147338867188  490.0
377.81121826171875  403.0
568.7988891601562  561.0
336.3122863769531  321.0
354.4288635253906  373.0
433.4128112792969  411.0
592.3963012695312  493.0
580.1912231445312  566.0
224.66461181640625  228.0
519.7536010742188  513.0
503.79779052734375  484.0
512.1987915039062  501.0
306.7987365722656  315.0
225.6887969970703  221.0
196.7864532470703  194.0
385.2983703613281  384.0
252.8610076904297  331.0
571.8037719726562  560.0
280.554931640625  390.0
641.4725952148438  603.0
578.0606689453125  556.0
576.4898681640625  545.0
633.991455078125  547.0
196.2347869873047  255.0
526.42919921875  512.0
503.7860412597656  482.0
444.59918212890625  419.0
284.7600402832031  253.0
556.1212158203125  563.0
375.2908020019531  363.0
524.0858154296875  563.0
540.87451171875  542.0
491.0768737792969  563.0
575.837890625  584.0
504.3626708984375  473.0
540.706787109375  545.0
520.412109375  508.0
525.6954956054688  522.0
487.2168273925781  488.0
311.7004089355469  333.0
389.8263854980469  358.0
583.4947509765625  573.0
542.6727294921875  528.0
282.9664001464844  249.0
321.7598571777344  418.0
549.798828125  531.0
652.9482421875  583.0
296.5614013671875  293.0
559.01806640625  533.0
526.613037109375  523.0
538.7847900390625  527.0
504.1150207519531  478.0
271.4407653808594  311.0
569.5254516601562  560.0
264.9773254394531  283.0
MSE : 1767.0180515244765
MAPE : 7.508167473174237
R2 Score : 0.8927064801390929
time : 1428.8592101780232
