415.82147216796875  422.0
554.0335083007812  551.0
568.3919677734375  503.0
552.2855224609375  626.0
341.9054870605469  401.0
617.3924560546875  678.0
336.72503662109375  226.0
359.6694641113281  359.0
149.65467834472656  203.0
361.28936767578125  318.0
256.8659973144531  378.0
490.6755676269531  494.0
536.67138671875  522.0
145.7672576904297  331.0
221.05435180664062  203.0
502.9172668457031  515.0
490.92919921875  512.0
222.8168182373047  228.0
373.3184509277344  355.0
673.8223266601562  658.0
353.8993835449219  279.0
565.4488525390625  543.0
565.5785522460938  562.0
549.5963134765625  561.0
488.1426086425781  488.0
94.10874938964844  273.0
623.0861206054688  616.0
353.16241455078125  328.0
319.5794677734375  415.0
514.5009155273438  526.0
448.3922119140625  449.0
176.90447998046875  267.0
533.9161376953125  529.0
537.5287475585938  523.0
577.0203857421875  603.0
482.2987060546875  518.0
435.43701171875  482.0
387.6338806152344  433.0
469.83819580078125  478.0
523.4750366210938  508.0
261.8426513671875  249.0
397.393798828125  420.0
366.1614074707031  373.0
233.61744689941406  293.0
622.6312255859375  643.0
219.0615234375  206.0
563.6103515625  517.0
501.3653869628906  505.0
609.4920654296875  616.0
636.5217895507812  519.0
194.4119110107422  194.0
314.6330261230469  373.0
565.84619140625  555.0
396.98931884765625  403.0
508.6566162109375  458.0
407.1215515136719  395.0
267.8866271972656  241.0
292.1137390136719  255.0
670.7127075195312  616.0
393.5001525878906  394.0
502.55926513671875  503.0
376.9641418457031  409.0
349.6249694824219  365.0
373.1504211425781  386.0
577.5243530273438  528.0
559.021728515625  535.0
553.3683471679688  566.0
554.4652709960938  533.0
563.8278198242188  549.0
346.3011779785156  343.0
239.14915466308594  223.0
458.8307800292969  520.0
264.4350891113281  220.0
554.7217407226562  552.0
556.5181884765625  568.0
634.328369140625  618.0
304.9839782714844  239.0
617.6595458984375  623.0
140.02294921875  390.0
521.7894897460938  563.0
570.0274658203125  527.0
645.3535766601562  574.0
369.821533203125  331.0
533.4155883789062  491.0
230.51693725585938  221.0
304.4094543457031  409.0
357.6921081542969  355.0
560.564697265625  563.0
430.2377014160156  444.0
542.5747680664062  668.0
304.85369873046875  324.0
560.8582763671875  658.0
342.71307373046875  379.0
209.17323303222656  171.0
243.04702758789062  392.0
578.3897705078125  580.0
396.1452941894531  407.0
268.63909912109375  218.0
340.5950012207031  348.0
263.8857421875  315.0
MSE : 3374.8814690653144
MAPE : 10.193471224970724
R2 Score : 0.8102947173629385
time : 926.136615913998
