310.3061218261719  311.0
635.8807373046875  673.0
630.7131958007812  643.0
549.4008178710938  493.0
180.07530212402344  203.0
542.97412109375  618.0
308.44818115234375  308.0
225.95408630371094  213.0
364.37774658203125  377.0
524.3026123046875  551.0
204.8149871826172  196.0
443.93084716796875  503.0
524.934814453125  513.0
407.4561767578125  384.0
644.0482177734375  569.0
595.4375610351562  592.0
490.67852783203125  478.0
294.0874328613281  379.0
342.49822998046875  333.0
321.0919494628906  335.0
379.0365295410156  415.0
303.9333801269531  284.0
634.6195068359375  672.0
549.9325561523438  606.0
351.40533447265625  420.0
599.7899780273438  685.0
549.689453125  567.0
647.0841674804688  615.0
525.8175048828125  520.0
488.5105895996094  600.0
301.2473449707031  228.0
532.6098022460938  773.0
537.0184936523438  566.0
524.9077758789062  484.0
576.3352661132812  616.0
202.28904724121094  366.0
518.93310546875  522.0
352.3843078613281  350.0
551.4782104492188  619.0
558.8162841796875  584.0
222.49717712402344  243.0
489.6712646484375  500.0
493.91082763671875  481.0
384.37060546875  315.0
353.0561218261719  421.0
587.711181640625  569.0
371.4006042480469  384.0
532.43505859375  508.0
403.9166259765625  411.0
575.7691650390625  624.0
481.91265869140625  467.0
376.4688720703125  418.0
544.1058959960938  565.0
539.8794555664062  568.0
587.613037109375  563.0
318.7211608886719  365.0
267.753662109375  240.0
546.4105224609375  527.0
602.9249267578125  616.0
367.87530517578125  306.0
526.1048583984375  595.0
576.68017578125  589.0
223.33860778808594  216.0
295.4117431640625  199.0
242.80763244628906  205.0
351.0936584472656  353.0
160.83689880371094  197.0
438.3874206542969  374.0
536.6924438476562  589.0
426.5171813964844  505.0
534.7044067382812  545.0
315.9981384277344  265.0
451.2303466796875  523.0
541.005859375  526.0
543.0109252929688  549.0
177.40664672851562  173.0
343.5798034667969  315.0
331.9930419921875  295.0
409.635009765625  430.0
545.1444091796875  539.0
561.3418579101562  630.0
521.7865600585938  529.0
524.732666015625  530.0
539.1046752929688  559.0
417.4644775390625  422.0
522.392333984375  587.0
575.8531494140625  555.0
414.66339111328125  423.0
523.351318359375  503.0
271.3625793457031  278.0
365.3909912109375  417.0
547.781005859375  580.0
308.5860595703125  278.0
441.2087097167969  493.0
388.51409912109375  433.0
583.669677734375  593.0
541.59619140625  551.0
MSE : 2536.102185212527
MAPE : 8.403363253101055
R2 Score : 0.8699784670024366
time : 1574.626335362991
