554.7279663085938  565.0
554.7030639648438  522.0
554.8045043945312  493.0
384.77056884765625  333.0
554.7044677734375  526.0
554.7564086914062  563.0
383.1873779296875  560.0
553.6939697265625  403.0
255.13006591796875  241.0
554.7485961914062  494.0
348.59967041015625  324.0
257.25048828125  207.0
554.6927490234375  525.0
554.5831909179688  600.0
351.60064697265625  410.0
554.67236328125  658.0
554.7059936523438  482.0
350.33056640625  385.0
271.51470947265625  228.0
554.5924072265625  615.0
347.059326171875  321.0
554.6719360351562  549.0
352.66290283203125  393.0
319.4024658203125  378.0
298.5766906738281  315.0
311.0732421875  379.0
554.6301879882812  561.0
247.77996826171875  197.0
554.6319580078125  584.0
554.5005493164062  388.0
554.6804809570312  499.0
554.6306762695312  536.0
554.7398681640625  486.0
307.0322265625  344.0
320.9613952636719  398.0
311.11578369140625  324.0
554.7704467773438  467.0
554.6581420898438  604.0
554.6202392578125  600.0
362.43499755859375  457.0
554.2218017578125  618.0
386.0010986328125  430.0
325.030029296875  411.0
368.5317687988281  373.0
554.2013549804688  407.0
341.00091552734375  199.0
348.9168701171875  203.0
554.7069702148438  484.0
554.7730102539062  484.0
292.0243225097656  313.0
252.11962890625  229.0
295.1449890136719  272.0
554.64013671875  569.0
352.0203857421875  327.0
554.679931640625  518.0
535.0189208984375  373.0
319.9198303222656  415.0
350.2372741699219  475.0
554.5952758789062  584.0
327.65667724609375  328.0
554.5631713867188  554.0
236.9013671875  197.0
554.5349731445312  444.0
222.26385498046875  208.0
554.5594482421875  513.0
554.6707763671875  517.0
341.923095703125  206.0
320.71173095703125  374.0
554.7055053710938  615.0
298.0125427246094  401.0
291.54998779296875  259.0
266.4674072265625  203.0
301.75152587890625  272.0
554.6896362304688  552.0
554.6310424804688  529.0
554.6668701171875  549.0
273.0901794433594  221.0
329.149169921875  195.0
554.6265869140625  582.0
366.9609375  345.0
378.10577392578125  590.0
554.6248779296875  551.0
554.695068359375  545.0
389.5461120605469  358.0
554.5961303710938  616.0
226.98805236816406  213.0
325.62506103515625  418.0
293.10302734375  324.0
335.7347106933594  319.0
352.443115234375  548.0
554.6937255859375  500.0
554.7066650390625  528.0
554.615234375  587.0
554.643310546875  539.0
199.0315704345703  255.0
345.6303405761719  324.0
554.72314453125  493.0
554.6679077148438  606.0
346.8326721191406  343.0
270.90228271484375  293.0
MSE : 5140.673030233378
MAPE : 14.67593743877661
R2 Score : 0.7030854651296906
time : 724.0342488489114
