292.5540771484375  482.0
467.3761901855469  419.0
345.11102294921875  345.0
599.5348510742188  547.0
382.5355224609375  387.0
545.5836791992188  566.0
550.3295288085938  563.0
622.9563598632812  668.0
399.6533508300781  388.0
273.3140563964844  304.0
370.5489807128906  410.0
137.77273559570312  260.0
396.4541320800781  411.0
491.8541259765625  495.0
387.7419738769531  376.0
297.9342346191406  253.0
520.4518432617188  549.0
521.5096435546875  538.0
450.8891296386719  433.0
541.172607421875  522.0
207.59429931640625  171.0
513.273193359375  531.0
188.58843994140625  331.0
615.968017578125  604.0
302.4793701171875  266.0
582.1503295898438  567.0
410.1109313964844  423.0
497.1456298828125  493.0
631.2803955078125  523.0
302.5809020996094  363.0
320.5622253417969  323.0
190.52145385742188  390.0
341.58721923828125  315.0
526.9965209960938  536.0
528.42919921875  505.0
434.56585693359375  392.0
559.2644653320312  673.0
555.5595092773438  658.0
537.7627563476562  577.0
388.4209289550781  393.0
367.05078125  401.0
530.5078125  537.0
351.5680847167969  348.0
456.1919250488281  482.0
585.9185791015625  535.0
543.8780517578125  581.0
550.4468383789062  550.0
559.5831909179688  587.0
550.7653198242188  513.0
593.7496948242188  562.0
550.41064453125  573.0
398.2403564453125  359.0
579.10400390625  541.0
476.5621643066406  478.0
527.4292602539062  521.0
404.5215759277344  363.0
223.67831420898438  253.0
564.5147705078125  517.0
335.4955139160156  335.0
419.3777770996094  384.0
628.0444946289062  643.0
219.551025390625  293.0
565.3305053710938  566.0
601.7315673828125  551.0
317.0549621582031  278.0
552.9266357421875  512.0
420.7730712890625  401.0
315.0389099121094  278.0
273.6481628417969  218.0
561.5148315429688  562.0
488.4344787597656  494.0
220.30050659179688  197.0
522.545166015625  529.0
545.8134155273438  557.0
469.8186340332031  474.0
485.0257263183594  488.0
317.0581970214844  293.0
353.6575927734375  402.0
632.5552368164062  618.0
652.5355834960938  569.0
198.02655029296875  194.0
673.3063354492188  590.0
382.6727294921875  389.0
462.0122375488281  459.0
209.86314392089844  223.0
572.883544921875  541.0
370.9752502441406  360.0
528.4287109375  499.0
398.3393859863281  420.0
518.9251098632812  520.0
296.57763671875  293.0
329.98504638671875  348.0
678.258056640625  560.0
391.6276550292969  425.0
533.3338623046875  554.0
202.57720947265625  188.0
375.44384765625  377.0
434.0782165527344  378.0
369.6234130859375  355.0
326.3142395019531  268.0
MSE : 2507.5853694770044
MAPE : 8.35301687308667
R2 Score : 0.8318970735441988
time : 2562.48788041799
