538.9539184570312  539.0
641.34716796875  668.0
375.3016662597656  415.0
253.04721069335938  330.0
261.3661804199219  259.0
439.5576477050781  411.0
344.2333068847656  324.0
546.019775390625  493.0
178.60531616210938  152.0
575.1956176757812  551.0
487.99359130859375  493.0
474.8531799316406  403.0
482.3091735839844  505.0
205.59933471679688  216.0
520.0162963867188  503.0
493.3899230957031  494.0
529.3160400390625  539.0
425.1632995605469  410.0
183.16534423828125  195.0
429.7132263183594  432.0
417.8067321777344  360.0
187.63430786132812  221.0
559.2819213867188  560.0
620.4688720703125  578.0
324.3752136230469  321.0
393.3236389160156  387.0
282.9620056152344  251.0
427.75848388671875  374.0
402.2886657714844  392.0
633.3572998046875  623.0
359.6706237792969  384.0
385.7546691894531  377.0
532.6072998046875  517.0
291.0076599121094  240.0
539.6856689453125  531.0
346.2812194824219  378.0
537.2587890625  532.0
234.60235595703125  253.0
253.56198120117188  249.0
742.79296875  543.0
324.6007385253906  270.0
439.5672912597656  440.0
213.27780151367188  219.0
393.7133483886719  416.0
420.0787048339844  363.0
607.5452880859375  685.0
409.8353271484375  406.0
341.6077880859375  330.0
176.795654296875  390.0
451.8108215332031  378.0
189.07400512695312  204.0
310.7826843261719  366.0
528.5535278320312  520.0
540.8587036132812  363.0
491.2742919921875  484.0
511.1861572265625  537.0
561.963134765625  545.0
571.2196655273438  583.0
293.2640686035156  199.0
339.35198974609375  348.0
576.8953857421875  423.0
325.9356689453125  380.0
526.1976318359375  599.0
230.57583618164062  218.0
199.8656768798828  293.0
531.890625  528.0
359.2515869140625  335.0
622.7296752929688  656.0
473.1229248046875  459.0
562.3361206054688  545.0
397.7139587402344  314.0
470.5971984863281  507.0
433.4201965332031  419.0
388.9574279785156  386.0
385.2055358886719  273.0
639.710205078125  547.0
506.2450256347656  482.0
475.7983703613281  501.0
434.8401184082031  419.0
386.2807312011719  433.0
559.5553588867188  533.0
633.723876953125  678.0
567.46435546875  562.0
527.9332275390625  549.0
610.5731201171875  673.0
525.2575073242188  522.0
590.5458984375  550.0
252.08580017089844  257.0
314.7248840332031  343.0
517.7565307617188  497.0
588.1998291015625  589.0
457.3076477050781  505.0
233.6370849609375  225.0
355.9896545410156  473.0
238.89785766601562  213.0
425.736328125  395.0
369.5048522949219  344.0
243.13478088378906  268.0
603.3313598632812  669.0
507.4028015136719  518.0
MSE : 2939.9056600397707
MAPE : 9.331982595635466
R2 Score : 0.8269795511904592
time : 2483.453686874127
