281.6692810058594  270.0
277.5632019042969  378.0
633.3671264648438  541.0
547.08984375  565.0
531.9183349609375  484.0
615.8312377929688  763.0
420.7696533203125  411.0
349.9777526855469  329.0
514.0297241210938  520.0
491.6537170410156  474.0
387.4710388183594  401.0
559.7327270507812  621.0
413.6766052246094  363.0
376.3031005859375  353.0
507.1022033691406  533.0
594.7183837890625  589.0
425.215087890625  505.0
217.8832244873047  233.0
203.76158142089844  194.0
413.5335388183594  337.0
372.414794921875  363.0
597.9713134765625  494.0
552.3215942382812  649.0
511.105712890625  517.0
508.2104797363281  508.0
475.21240234375  538.0
528.1560668945312  603.0
505.4289245605469  490.0
532.7277221679688  565.0
281.8536376953125  283.0
527.5195922851562  522.0
383.2834167480469  328.0
517.2584838867188  569.0
561.1710815429688  493.0
530.0053100585938  539.0
528.922607421875  536.0
600.461181640625  643.0
386.05169677734375  373.0
542.0841064453125  527.0
545.8777465820312  528.0
527.63330078125  539.0
474.1134033203125  520.0
550.5023803710938  568.0
584.158203125  550.0
168.5281219482422  173.0
534.2664184570312  607.0
689.0244750976562  584.0
410.5087890625  387.0
599.8324584960938  593.0
555.24169921875  606.0
556.7752685546875  567.0
260.341064453125  229.0
377.2809143066406  360.0
559.9566040039062  669.0
397.7646789550781  386.0
353.79620361328125  345.0
540.731689453125  519.0
586.7140502929688  593.0
320.2132568359375  343.0
503.7349853515625  493.0
371.2965087890625  409.0
511.6746826171875  522.0
513.9534301757812  561.0
523.4656982421875  549.0
291.7095031738281  225.0
535.3530883789062  549.0
463.7728576660156  523.0
515.9635620117188  552.0
256.2634582519531  228.0
645.1973266601562  668.0
553.8636474609375  563.0
473.39697265625  449.0
486.4605712890625  481.0
508.435546875  520.0
311.3582458496094  319.0
546.3292236328125  493.0
501.70672607421875  536.0
246.9884490966797  272.0
222.15892028808594  390.0
513.5862426757812  523.0
506.3948974609375  500.0
645.36083984375  535.0
406.0856628417969  433.0
386.53173828125  467.0
391.60418701171875  433.0
468.9837646484375  458.0
521.8590698242188  538.0
487.80755615234375  478.0
602.3295288085938  685.0
326.73834228515625  316.0
375.55206298828125  417.0
322.513671875  378.0
499.3710632324219  562.0
501.71588134765625  573.0
347.0090637207031  331.0
544.6143188476562  559.0
584.2184448242188  550.0
385.370849609375  374.0
599.0450439453125  569.0
408.8848876953125  378.0
MSE : 2411.8960541515353
MAPE : 7.717412917863447
R2 Score : 0.8293845517315257
time : 2474.2107517889235
