542.6190795898438  566.0
543.2468872070312  527.0
489.9682312011719  485.0
397.79852294921875  402.0
499.67913818359375  533.0
231.39370727539062  228.0
624.9671020507812  685.0
524.704345703125  517.0
348.0055236816406  344.0
624.6176147460938  630.0
481.1629333496094  512.0
366.5639343261719  360.0
316.2010803222656  324.0
395.3204345703125  420.0
479.0522155761719  467.0
532.0658569335938  529.0
480.0609130859375  499.0
352.1440124511719  349.0
545.29443359375  550.0
342.9493713378906  327.0
549.1954956054688  527.0
596.9058837890625  616.0
538.8121337890625  560.0
546.0924682617188  545.0
311.6026916503906  387.0
336.31640625  475.0
509.6087951660156  497.0
310.8309020996094  270.0
377.6279602050781  363.0
597.2619018554688  618.0
477.1640625  474.0
200.80491638183594  190.0
544.7960205078125  530.0
547.8756713867188  503.0
600.8599243164062  603.0
358.8780212402344  328.0
541.8724975585938  544.0
582.4144287109375  616.0
477.1610107421875  495.0
554.671630859375  490.0
483.3010559082031  520.0
556.7354125976562  685.0
522.7933959960938  528.0
213.0553741455078  207.0
488.7194519042969  580.0
318.5796203613281  433.0
262.7270812988281  251.0
400.4811096191406  363.0
499.7149963378906  520.0
241.45518493652344  218.0
354.59283447265625  304.0
560.9861450195312  562.0
631.6246948242188  649.0
484.34100341796875  531.0
234.03256225585938  228.0
207.9264678955078  171.0
437.4427795410156  459.0
575.6068115234375  580.0
590.9647827148438  578.0
544.4763793945312  508.0
547.0988159179688  618.0
327.7950744628906  278.0
270.08746337890625  293.0
206.2774200439453  188.0
347.9758605957031  380.0
616.120361328125  613.0
401.0790710449219  421.0
399.3372497558594  267.0
276.0765686035156  319.0
476.3890686035156  518.0
561.7946166992188  560.0
364.9581298828125  350.0
497.4206848144531  519.0
538.081298828125  563.0
282.7994079589844  251.0
476.5089416503906  494.0
531.2797241210938  325.0
377.538818359375  313.0
529.7808837890625  493.0
399.064697265625  397.0
253.55355834960938  259.0
339.1215515136719  130.0
370.9374694824219  265.0
477.3864440917969  486.0
329.8668212890625  373.0
477.4007263183594  493.0
539.8641967773438  560.0
397.9323425292969  368.0
336.8775329589844  378.0
350.8876037597656  379.0
352.9227600097656  347.0
612.0368041992188  273.0
540.692626953125  541.0
531.1482543945312  563.0
478.09783935546875  503.0
204.6007537841797  213.0
348.2117004394531  329.0
374.3175964355469  348.0
397.9268493652344  363.0
535.651123046875  565.0
MSE : 3583.6903263552904
MAPE : 10.347334595165012
R2 Score : 0.7955460650127448
time : 1306.4800508470216
