578.1201782226562  539.0
665.8925170898438  668.0
383.7913818359375  415.0
327.3148498535156  330.0
272.1933898925781  259.0
462.6859436035156  411.0
349.34503173828125  324.0
530.3333740234375  493.0
180.13626098632812  152.0
589.1016235351562  551.0
509.3569030761719  493.0
353.3992004394531  403.0
510.5906066894531  505.0
218.9596405029297  216.0
544.9913940429688  503.0
497.63641357421875  494.0
531.0047607421875  539.0
428.0609130859375  410.0
186.1006622314453  195.0
440.2568054199219  432.0
395.9000244140625  360.0
199.6501007080078  221.0
574.4016723632812  560.0
606.4799194335938  578.0
303.4201965332031  321.0
415.8403625488281  387.0
294.7313232421875  270.0
392.69049072265625  374.0
400.1778564453125  392.0
599.6818237304688  623.0
393.11260986328125  416.0
525.1040649414062  517.0
200.5912322998047  240.0
553.0202026367188  531.0
350.4551696777344  378.0
513.099609375  532.0
282.47784423828125  253.0
258.4020690917969  249.0
629.5043334960938  543.0
488.2862548828125  440.0
242.10064697265625  219.0
408.269287109375  363.0
610.4952392578125  685.0
425.20013427734375  406.0
330.98992919921875  330.0
182.763427734375  390.0
383.1683654785156  378.0
200.9566650390625  204.0
440.8024597167969  366.0
519.1625366210938  520.0
451.31072998046875  363.0
509.85809326171875  484.0
518.6983642578125  537.0
585.9661865234375  545.0
627.56396484375  583.0
236.24130249023438  199.0
320.48321533203125  348.0
395.7618713378906  423.0
416.6783447265625  380.0
536.1190795898438  599.0
283.8078308105469  218.0
225.20619201660156  293.0
546.022216796875  528.0
334.23046875  335.0
590.9325561523438  656.0
482.70294189453125  459.0
558.7178955078125  545.0
329.6872253417969  314.0
491.4601745605469  507.0
399.6077880859375  419.0
415.11724853515625  386.0
189.92532348632812  273.0
599.0477905273438  547.0
502.5970153808594  482.0
512.6932983398438  501.0
430.8125305175781  419.0
407.3856201171875  433.0
567.8185424804688  533.0
599.9610595703125  678.0
569.0084838867188  562.0
520.1412963867188  549.0
594.479248046875  673.0
529.73876953125  522.0
547.7639770507812  550.0
239.26560974121094  257.0
336.6938171386719  343.0
517.3574829101562  497.0
598.3441772460938  589.0
458.2356872558594  505.0
234.53294372558594  225.0
532.7852172851562  473.0
201.3842010498047  213.0
418.5785827636719  395.0
386.2794189453125  344.0
277.0458679199219  268.0
673.0618286132812  669.0
520.7391357421875  518.0
MSE : 1681.1289914173756
MAPE : 7.512861421659978
R2 Score : 0.9020035557078078
time : 2172.27512822696
