518.9395141601562  538.0
324.6524658203125  321.0
502.71453857421875  532.0
218.05520629882812  216.0
196.69883728027344  171.0
551.18505859375  550.0
588.853515625  551.0
529.5457153320312  563.0
503.7359619140625  482.0
424.07171630859375  411.0
395.0322570800781  403.0
538.837890625  526.0
510.1655578613281  470.0
391.1267395019531  389.0
507.56317138671875  490.0
219.19778442382812  223.0
411.2955017089844  387.0
197.7168426513672  220.0
594.4094848632812  580.0
395.7978210449219  432.0
582.1972045898438  613.0
328.5718078613281  324.0
376.6893615722656  373.0
572.9801635742188  561.0
310.76568603515625  324.0
440.22491455078125  419.0
247.1195068359375  229.0
498.8948974609375  459.0
498.193115234375  521.0
521.8108520507812  603.0
297.3703918457031  187.0
574.6810913085938  773.0
578.4298095703125  563.0
338.8303527832031  378.0
229.07989501953125  243.0
365.1417236328125  359.0
510.5721435546875  559.0
538.3334350585938  650.0
542.0673828125  600.0
520.6820068359375  508.0
242.19923400878906  253.0
379.14404296875  398.0
466.7267761230469  459.0
523.0128784179688  526.0
469.1773681640625  548.0
432.1846008300781  411.0
222.2819366455078  209.0
264.6755065917969  270.0
536.52734375  530.0
579.3414916992188  543.0
641.8497314453125  603.0
511.7886962890625  557.0
602.1914672851562  623.0
389.1134948730469  420.0
545.3462524414062  539.0
365.57171630859375  315.0
539.4401245117188  535.0
495.0211181640625  563.0
382.1994323730469  360.0
515.4444580078125  501.0
518.692626953125  519.0
524.476318359375  533.0
386.50244140625  385.0
480.7597961425781  411.0
359.6807861328125  378.0
386.1508483886719  377.0
352.2986755371094  315.0
333.6681823730469  345.0
489.0688781738281  457.0
541.395751953125  566.0
383.742431640625  363.0
502.3133850097656  494.0
601.3583984375  685.0
573.3760375976562  584.0
289.8592834472656  331.0
386.08184814453125  378.0
529.475341796875  528.0
262.513427734375  249.0
367.08709716796875  344.0
440.4856872558594  419.0
310.6382751464844  199.0
372.295654296875  380.0
567.3663940429688  520.0
579.4580688476562  575.0
517.9090576171875  522.0
575.3421630859375  562.0
495.9661560058594  467.0
614.201904296875  593.0
613.983642578125  552.0
347.3751220703125  350.0
229.10498046875  235.0
307.13812255859375  267.0
352.9561767578125  344.0
558.6668701171875  555.0
248.86000061035156  251.0
315.40606689453125  316.0
494.5851745605469  538.0
644.13330078125  626.0
191.13783264160156  197.0
526.2031860351562  599.0
MSE : 1626.2219138349267
MAPE : 6.48004154333947
R2 Score : 0.907423644487828
time : 1395.1451378900092
