132.11459350585938  199.0
259.2281799316406  270.0
480.3080749511719  488.0
534.7884521484375  541.0
211.6956329345703  220.0
397.83001708984375  394.0
545.1414184570312  525.0
254.81430053710938  240.0
158.37225341796875  203.0
481.5894470214844  474.0
521.3038940429688  517.0
432.2871398925781  331.0
363.3690185546875  363.0
512.4935302734375  554.0
396.5805358886719  363.0
230.44837951660156  268.0
572.3602905273438  593.0
536.4429321289062  565.0
274.0491638183594  266.0
308.2509765625  265.0
522.0659790039062  519.0
373.3306579589844  328.0
533.4635620117188  538.0
235.4173583984375  191.0
565.5962524414062  449.0
198.91854858398438  209.0
512.7153930664062  515.0
417.3017272949219  430.0
371.603515625  348.0
349.2783508300781  199.0
500.3972473144531  672.0
213.97064208984375  213.0
377.4799499511719  318.0
573.4818725585938  632.0
383.9032287597656  387.0
268.5713195800781  243.0
389.5464172363281  373.0
367.64825439453125  403.0
208.07186889648438  220.0
362.8858947753906  378.0
553.2321166992188  581.0
561.5153198242188  547.0
555.7482299804688  559.0
396.328369140625  393.0
555.7347412109375  656.0
559.2549438476562  567.0
360.1765441894531  363.0
381.6904602050781  385.0
367.53082275390625  319.0
537.3744506835938  600.0
602.0805053710938  668.0
219.19122314453125  213.0
563.0192260742188  552.0
226.4375  228.0
346.65716552734375  329.0
328.5306701660156  300.0
400.1660461425781  314.0
200.8817138671875  190.0
210.30690002441406  223.0
631.4315795898438  654.0
495.0766906738281  505.0
534.5155639648438  539.0
540.9699096679688  538.0
343.16265869140625  410.0
366.134521484375  353.0
571.0151977539062  551.0
372.1000671386719  370.0
528.7826538085938  563.0
309.8086853027344  330.0
390.2999267578125  358.0
477.5823974609375  507.0
392.6144104003906  360.0
199.111083984375  207.0
472.56072998046875  440.0
603.6054077148438  539.0
576.7409057617188  575.0
393.1167907714844  416.0
508.485107421875  519.0
522.2986450195312  565.0
355.1537780761719  333.0
574.7669067382812  563.0
535.650390625  560.0
224.0215301513672  253.0
484.6593017578125  481.0
437.5233154296875  419.0
509.7905578613281  527.0
351.1976318359375  373.0
316.4778747558594  323.0
583.2394409179688  773.0
411.099365234375  386.0
527.8136596679688  584.0
540.7144775390625  621.0
489.9044494628906  503.0
552.5098266601562  519.0
524.4568481445312  528.0
212.09849548339844  192.0
328.2768249511719  324.0
536.5919189453125  564.0
541.6260375976562  523.0
445.217041015625  473.0
MSE : 2070.031771949364
MAPE : 7.696944692667046
R2 Score : 0.8955232547155353
time : 3631.937301998958
