566.5746459960938  566.0
567.704345703125  527.0
556.0722045898438  485.0
417.70867919921875  402.0
566.1520385742188  533.0
267.5692138671875  228.0
563.8809204101562  685.0
564.1178588867188  517.0
339.1820068359375  344.0
567.62890625  630.0
553.8156127929688  512.0
361.8006286621094  360.0
316.68896484375  324.0
418.0055847167969  420.0
554.7990112304688  467.0
566.0153198242188  529.0
560.1669311523438  499.0
291.1136474609375  349.0
567.3815307617188  550.0
318.2628173828125  327.0
552.4905395507812  527.0
565.2256469726562  616.0
567.2901000976562  560.0
567.8814086914062  545.0
316.8320617675781  387.0
360.4661560058594  475.0
564.98974609375  497.0
315.72021484375  270.0
418.1581726074219  363.0
566.8222045898438  618.0
562.11962890625  474.0
200.3533172607422  190.0
553.2853393554688  530.0
562.7679443359375  503.0
567.6079711914062  603.0
417.73602294921875  328.0
567.24169921875  544.0
565.362060546875  616.0
562.1264038085938  495.0
557.7254028320312  490.0
562.5515747070312  520.0
567.8390502929688  685.0
564.9641723632812  528.0
193.8059539794922  207.0
566.0680541992188  580.0
351.4932861328125  433.0
286.11529541015625  251.0
358.40374755859375  363.0
553.2869262695312  520.0
181.927001953125  218.0
353.8824768066406  304.0
563.0673828125  562.0
559.9949340820312  649.0
561.1478881835938  531.0
199.86886596679688  228.0
274.8868713378906  171.0
556.7080688476562  459.0
554.5213012695312  580.0
552.7680053710938  578.0
566.7986450195312  508.0
552.4193725585938  618.0
352.17889404296875  278.0
261.9924621582031  293.0
183.08840942382812  188.0
314.774658203125  380.0
563.7343139648438  613.0
418.829833984375  421.0
276.1829833984375  267.0
183.09127807617188  319.0
556.8649291992188  518.0
561.185302734375  560.0
361.2908630371094  350.0
554.7412719726562  519.0
567.7300415039062  563.0
311.93341064453125  251.0
556.4710693359375  494.0
351.0753173828125  325.0
258.35064697265625  313.0
567.3582763671875  493.0
418.9334716796875  397.0
303.58544921875  259.0
177.93792724609375  130.0
354.9430847167969  265.0
555.2437133789062  486.0
352.7558898925781  373.0
561.0075073242188  493.0
567.4686889648438  560.0
418.9123229980469  368.0
417.9603576660156  378.0
418.0751647949219  379.0
335.5215148925781  347.0
324.2568054199219  273.0
554.6982421875  541.0
555.8121948242188  563.0
562.0201416015625  503.0
351.5635070800781  213.0
295.97137451171875  329.0
327.0910339355469  348.0
418.8106689453125  363.0
565.8505249023438  565.0
MSE : 2958.2803867749635
MAPE : 11.52789063466728
R2 Score : 0.8312264702606459
time : 654.8490715450025
