410.62408447265625  410.0
521.046875  520.0
553.3970947265625  568.0
506.2539367675781  507.0
521.2135620117188  536.0
383.2880859375  378.0
314.0086364746094  318.0
500.1445617675781  520.0
550.1265869140625  556.0
419.1876525878906  377.0
543.6141967773438  563.0
654.940185546875  668.0
366.1923828125  314.0
384.6361999511719  413.0
277.6856689453125  187.0
377.09295654296875  363.0
492.9552307128906  472.0
209.9139862060547  215.0
515.6321411132812  529.0
547.3264770507812  541.0
565.6895751953125  560.0
265.4441223144531  240.0
497.8584899902344  457.0
578.6766357421875  590.0
494.52850341796875  503.0
307.92742919921875  311.0
336.8455505371094  390.0
290.6698913574219  284.0
536.1591796875  650.0
514.5550537109375  500.0
429.54693603515625  392.0
517.4556274414062  482.0
607.60791015625  621.0
280.0627136230469  390.0
624.4125366210938  563.0
283.550048828125  233.0
428.70989990234375  419.0
615.1968383789062  656.0
345.0688781738281  330.0
334.6570739746094  330.0
513.8920288085938  551.0
656.1350708007812  589.0
341.21148681640625  324.0
258.3284912109375  191.0
349.2588806152344  366.0
272.6858215332031  348.0
550.0529174804688  555.0
233.8483123779297  293.0
277.44610595703125  226.0
245.90232849121094  239.0
496.2127380371094  459.0
602.6397094726562  626.0
407.86749267578125  421.0
202.81214904785156  190.0
511.61383056640625  497.0
378.6767272949219  397.0
515.4365234375  531.0
494.87884521484375  478.0
544.6121215820312  577.0
710.1212768554688  643.0
441.4632873535156  459.0
428.0803527832031  423.0
554.382568359375  618.0
259.54937744140625  228.0
509.7935791015625  541.0
498.1116027832031  481.0
230.1880645751953  225.0
559.8108520507812  561.0
367.3236999511719  425.0
390.380615234375  389.0
316.0751953125  315.0
534.5327758789062  502.0
283.4764099121094  301.0
509.8509826660156  493.0
273.6334533691406  313.0
217.7728729248047  195.0
335.50164794921875  379.0
674.1680297851562  653.0
492.42669677734375  494.0
300.3555908203125  281.0
341.9936218261719  315.0
401.1378479003906  363.0
202.2246856689453  209.0
211.0090789794922  260.0
609.08984375  670.0
574.9451904296875  565.0
548.8378295898438  546.0
525.3086547851562  530.0
544.3378295898438  555.0
341.70660400390625  267.0
631.8956298828125  623.0
280.6293029785156  241.0
495.1899108886719  473.0
605.6088256835938  551.0
346.90045166015625  333.0
234.02806091308594  203.0
385.64947509765625  433.0
629.4915771484375  557.0
532.5846557617188  508.0
367.1778564453125  315.0
MSE : 1372.1882329333039
MAPE : 7.534512096212182
R2 Score : 0.9249751783408501
time : 2526.039223433938
