525.7879638671875  565.0
543.0186767578125  522.0
517.0414428710938  493.0
341.89898681640625  333.0
537.768798828125  526.0
519.9697265625  563.0
632.9541015625  560.0
386.9687805175781  403.0
342.82391357421875  241.0
480.98876953125  494.0
317.1846008300781  324.0
200.70529174804688  207.0
549.568359375  525.0
547.0186767578125  600.0
384.9042663574219  410.0
664.3108520507812  658.0
488.3887939453125  482.0
372.8240661621094  385.0
217.92222595214844  228.0
588.2196655273438  615.0
338.1751708984375  321.0
538.2902221679688  549.0
409.0303039550781  393.0
468.51947021484375  378.0
272.3685607910156  315.0
321.0144348144531  379.0
557.3683471679688  561.0
189.15325927734375  197.0
552.3292236328125  584.0
407.6183166503906  388.0
466.6783142089844  499.0
544.9000854492188  536.0
474.4244689941406  486.0
325.3883972167969  344.0
301.21795654296875  398.0
327.8810729980469  324.0
483.9460144042969  467.0
615.0379028320312  604.0
526.7405395507812  600.0
457.71990966796875  457.0
593.5676879882812  618.0
520.6206665039062  430.0
351.0624694824219  411.0
220.46005249023438  373.0
398.8246154785156  407.0
177.75698852539062  199.0
194.06320190429688  203.0
523.495849609375  484.0
506.495361328125  484.0
329.0965270996094  313.0
249.43646240234375  229.0
208.4934539794922  272.0
552.719482421875  569.0
358.5611877441406  327.0
521.2214965820312  518.0
314.9849548339844  373.0
298.8572692871094  415.0
420.3423767089844  475.0
579.6148071289062  584.0
331.60369873046875  328.0
562.2610473632812  554.0
181.91543579101562  197.0
418.6070251464844  444.0
207.13551330566406  208.0
568.489013671875  513.0
509.5223693847656  517.0
202.67323303222656  206.0
407.310546875  374.0
576.911865234375  615.0
407.25347900390625  401.0
298.7763366699219  259.0
191.22091674804688  203.0
259.2862548828125  272.0
556.7825317382812  552.0
554.4662475585938  529.0
546.3226928710938  549.0
245.8837890625  221.0
191.21356201171875  195.0
582.4932861328125  582.0
334.8744812011719  345.0
672.3898315429688  590.0
541.489013671875  551.0
554.3382568359375  545.0
408.489990234375  358.0
669.3555908203125  616.0
210.30918884277344  213.0
382.3882141113281  418.0
343.6094665527344  324.0
304.0957336425781  319.0
356.29461669921875  548.0
518.7263793945312  500.0
529.9442749023438  528.0
557.0145263671875  587.0
527.8052978515625  539.0
220.9173583984375  255.0
313.2357482910156  324.0
522.1978149414062  493.0
587.2962646484375  606.0
316.5623474121094  343.0
254.55470275878906  293.0
MSE : 1893.8758082946251
MAPE : 7.331962047415043
R2 Score : 0.8906136897999908
time : 2131.279047545977
