496.4967956542969  475.0
341.53216552734375  226.0
251.99900817871094  229.0
346.1949768066406  333.0
249.36312866210938  220.0
609.5065307617188  411.0
519.4093017578125  508.0
504.5947570800781  505.0
521.6277465820312  530.0
396.99444580078125  422.0
569.9766235351562  584.0
631.2640380859375  593.0
564.3160400390625  563.0
417.6754455566406  467.0
282.4185791015625  206.0
528.1212158203125  564.0
547.3179931640625  580.0
382.89300537109375  360.0
208.5784912109375  203.0
314.4341735839844  330.0
496.2705993652344  493.0
487.9696044921875  479.0
519.7998046875  538.0
531.3610229492188  566.0
268.5439453125  323.0
203.1316375732422  130.0
480.39544677734375  260.0
560.171142578125  546.0
393.7298583984375  482.0
398.80975341796875  420.0
204.7557830810547  173.0
386.71173095703125  363.0
523.925048828125  527.0
387.2322692871094  191.0
306.7680358886719  211.0
558.3292846679688  549.0
621.0135498046875  615.0
548.8700561523438  584.0
386.6008605957031  360.0
576.6744384765625  546.0
380.19549560546875  360.0
385.54925537109375  393.0
396.501220703125  374.0
531.41357421875  551.0
217.7074432373047  194.0
558.5601806640625  565.0
619.6928100585938  670.0
501.1944580078125  500.0
218.60047912597656  257.0
474.026123046875  541.0
550.088134765625  568.0
490.6624450683594  498.0
489.3605041503906  457.0
396.81378173828125  325.0
216.63340759277344  188.0
215.54098510742188  213.0
318.6748352050781  272.0
367.9446105957031  187.0
501.37945556640625  517.0
407.3298034667969  433.0
376.3577880859375  390.0
521.4974365234375  550.0
557.0459594726562  520.0
299.0835266113281  324.0
398.7674255371094  410.0
250.95428466796875  302.0
533.71826171875  526.0
608.5824584960938  494.0
611.454833984375  624.0
389.26910400390625  267.0
617.0180053710938  550.0
257.9006042480469  259.0
327.2236328125  313.0
564.026611328125  566.0
582.0784912109375  562.0
279.2301025390625  345.0
320.22210693359375  218.0
532.1539916992188  525.0
268.941650390625  251.0
211.10853576660156  152.0
359.18865966796875  348.0
527.4129028320312  599.0
473.5923156738281  563.0
382.9663391113281  378.0
535.0394897460938  554.0
559.4713134765625  508.0
343.252685546875  333.0
385.4415588378906  359.0
393.3511657714844  386.0
512.2567749023438  470.0
377.2146301269531  377.0
509.749267578125  519.0
620.8217163085938  618.0
245.61871337890625  207.0
272.9531555175781  421.0
524.787109375  522.0
560.7705688476562  535.0
378.2103576660156  319.0
MSE : 3530.1207601223687
MAPE : 12.763152020705222
R2 Score : 0.8160250582611527
time : 1047.0281373430043
