481.7500305175781  459.0
384.6237487792969  374.0
590.85791015625  582.0
483.03326416015625  474.0
379.0286865234375  345.0
565.7161865234375  554.0
545.1719360351562  522.0
227.8185577392578  207.0
246.8612823486328  233.0
201.9249267578125  223.0
500.340087890625  529.0
527.1533813476562  526.0
541.2001342773438  621.0
493.4910583496094  483.0
607.118896484375  616.0
227.12576293945312  218.0
411.0710144042969  388.0
449.06866455078125  422.0
442.7221374511719  425.0
225.0876922607422  207.0
238.2191619873047  195.0
227.21646118164062  203.0
519.1620483398438  562.0
298.35821533203125  281.0
191.79933166503906  217.0
512.36669921875  488.0
395.5810241699219  396.0
484.1624450683594  502.0
578.7736206054688  613.0
292.0523986816406  259.0
559.9498901367188  589.0
534.240966796875  531.0
448.3976135253906  440.0
572.0476684570312  584.0
350.92816162109375  327.0
490.25933837890625  500.0
533.7313232421875  583.0
394.1746826171875  388.0
487.65692138671875  520.0
335.6937561035156  398.0
202.1582794189453  208.0
469.5065612792969  478.0
492.0442199707031  363.0
538.6353149414062  508.0
382.48681640625  416.0
345.63433837890625  386.0
504.05389404296875  508.0
562.585693359375  606.0
428.51226806640625  385.0
530.4304809570312  600.0
680.4522094726562  423.0
583.7445678710938  580.0
397.2110900878906  325.0
234.92982482910156  229.0
384.2071533203125  337.0
554.9287109375  574.0
554.6310424804688  533.0
258.97039794921875  298.0
557.2020874023438  587.0
643.2120971679688  649.0
316.8000793457031  295.0
322.3401184082031  324.0
330.746826171875  403.0
210.88937377929688  196.0
534.4523315429688  618.0
248.69923400878906  199.0
419.9331359863281  360.0
489.465087890625  599.0
502.11614990234375  569.0
377.90765380859375  410.0
512.265625  501.0
376.3377990722656  520.0
314.96063232421875  315.0
345.7154846191406  335.0
266.328857421875  278.0
468.5232849121094  482.0
331.3497009277344  373.0
497.7369689941406  517.0
576.9784545898438  557.0
280.16497802734375  255.0
258.1725769042969  358.0
357.4666442871094  324.0
272.1067810058594  319.0
377.620849609375  363.0
198.0751495361328  215.0
257.43023681640625  320.0
371.85540771484375  413.0
675.0878295898438  658.0
564.498046875  565.0
474.25787353515625  479.0
361.51336669921875  380.0
478.38702392578125  493.0
225.22789001464844  213.0
574.2168579101562  562.0
497.7139892578125  538.0
656.3442993164062  654.0
186.3794708251953  203.0
405.063720703125  392.0
MSE : 2246.558565128288
MAPE : 8.082733077908346
R2 Score : 0.8764897234264677
time : 2049.6587464380027
