524.1664428710938  522.0
471.56024169921875  363.0
570.2625732421875  590.0
596.6524047851562  606.0
544.5473022460938  522.0
520.2357788085938  534.0
385.37908935546875  421.0
509.6243591308594  503.0
486.40155029296875  485.0
375.4023742675781  359.0
414.101806640625  403.0
542.5639038085938  573.0
225.79104614257812  221.0
400.1729431152344  401.0
494.7023010253906  502.0
627.1533813476562  673.0
353.8095397949219  373.0
549.3825073242188  525.0
522.8270874023438  523.0
609.7324829101562  773.0
251.0537109375  254.0
509.8046875  411.0
499.8019104003906  500.0
380.2735900878906  376.0
189.04843139648438  171.0
483.4466857910156  478.0
247.86038208007812  251.0
514.3045043945312  503.0
563.8163452148438  577.0
358.697265625  314.0
529.5208740234375  545.0
322.6944885253906  330.0
188.99444580078125  190.0
557.236083984375  498.0
461.6968994140625  478.0
568.0119018554688  559.0
619.4053344726562  604.0
486.5355529785156  474.0
537.0299682617188  527.0
293.6513977050781  348.0
490.7940979003906  484.0
587.3828735351562  604.0
333.6939392089844  187.0
480.0876770019531  470.0
476.4345703125  488.0
493.2906799316406  481.0
584.0254516601562  603.0
328.3427429199219  324.0
522.4100952148438  559.0
662.9230346679688  523.0
567.0679931640625  535.0
563.9559936523438  562.0
525.3985595703125  530.0
397.0493469238281  359.0
568.7252197265625  584.0
494.65350341796875  484.0
347.1349182128906  378.0
204.783935546875  208.0
393.6817932128906  548.0
541.3449096679688  533.0
512.331298828125  497.0
584.4938354492188  630.0
409.8397216796875  407.0
419.2336730957031  390.0
348.6853332519531  363.0
375.6281433105469  385.0
536.0326538085938  527.0
495.7903137207031  519.0
301.3470153808594  319.0
622.7471313476562  623.0
514.2128295898438  491.0
226.7119140625  235.0
204.13095092773438  195.0
285.4607238769531  301.0
368.5203552246094  393.0
534.2355346679688  517.0
622.9032592773438  578.0
262.5118103027344  251.0
344.7033996582031  327.0
342.6929931640625  377.0
197.98098754882812  188.0
400.6910095214844  520.0
569.6163940429688  573.0
336.2808532714844  337.0
321.0579833984375  293.0
492.2906799316406  500.0
198.1478271484375  196.0
447.8501281738281  440.0
588.2207641601562  580.0
469.3038635253906  419.0
494.9877624511719  501.0
343.83453369140625  345.0
558.3837280273438  528.0
350.2436218261719  330.0
405.5971984863281  325.0
388.3897705078125  418.0
382.8069763183594  482.0
339.4513244628906  418.0
603.9121704101562  589.0
MSE : 1912.73410739903
MAPE : 6.404855022206702
R2 Score : 0.8797291862954164
time : 1437.3726387329807
