563.7435913085938  530.0
538.9417724609375  589.0
548.5931396484375  536.0
485.01190185546875  499.0
204.53924560546875  366.0
535.3491821289062  599.0
283.8028564453125  392.0
500.15020751953125  600.0
546.6633911132812  577.0
265.9342041015625  221.0
296.9559631347656  313.0
402.44512939453125  363.0
472.34088134765625  493.0
278.9381408691406  195.0
314.826416015625  350.0
282.4678955078125  253.0
325.0342712402344  413.0
523.9532470703125  550.0
559.376220703125  520.0
483.3497314453125  482.0
264.05615234375  323.0
586.3551635742188  560.0
316.6961669921875  199.0
444.010009765625  363.0
260.755126953125  284.0
490.9271240234375  503.0
486.242919921875  505.0
496.2449645996094  498.0
577.04638671875  568.0
506.0142517089844  541.0
487.39404296875  521.0
518.0426635742188  457.0
579.6505737304688  678.0
452.5517578125  256.0
283.74786376953125  195.0
532.6407470703125  544.0
476.7665100097656  486.0
298.26678466796875  377.0
322.195556640625  344.0
371.0196838378906  379.0
186.8771514892578  199.0
432.1014099121094  519.0
556.2322387695312  549.0
480.445068359375  508.0
255.74656677246094  432.0
270.299560546875  327.0
236.76376342773438  249.0
287.2542419433594  269.0
525.2507934570312  565.0
475.221435546875  467.0
565.386474609375  411.0
550.7705078125  484.0
494.6051330566406  563.0
584.9320678710938  545.0
228.6601104736328  243.0
350.023681640625  300.0
626.4603271484375  569.0
565.7462158203125  537.0
244.38812255859375  194.0
571.502197265625  765.0
528.51953125  606.0
513.1873168945312  401.0
513.6273803710938  554.0
265.8090515136719  228.0
622.1946411132812  527.0
540.9379272460938  621.0
502.2197570800781  538.0
235.76307678222656  213.0
286.37725830078125  377.0
471.35711669921875  580.0
466.21612548828125  615.0
549.613525390625  584.0
250.93368530273438  207.0
291.4909362792969  241.0
370.74761962890625  409.0
495.3031311035156  415.0
528.18994140625  519.0
363.865234375  331.0
511.48101806640625  658.0
526.2748413085938  545.0
548.584716796875  555.0
417.76171875  423.0
579.0504760742188  567.0
363.5452575683594  314.0
448.4620361328125  418.0
494.7561340332031  531.0
252.73928833007812  293.0
490.64990234375  515.0
327.5513610839844  393.0
480.0751037597656  481.0
516.8216552734375  520.0
350.51837158203125  388.0
480.77215576171875  488.0
546.38525390625  508.0
531.1122436523438  581.0
MSE : 4587.207687568919
MAPE : 13.057576047747487
R2 Score : 0.7389012698245501
time : 1368.5528717169072
