243.86875915527344  253.0
578.7667846679688  568.0
616.1142578125  569.0
352.3371887207031  324.0
609.5454711914062  565.0
545.8604125976562  559.0
611.5961303710938  670.0
581.3741455078125  529.0
593.4213256835938  541.0
489.6622314453125  444.0
510.7585754394531  549.0
607.305419921875  649.0
203.80474853515625  215.0
412.4774475097656  407.0
582.0265502929688  618.0
273.50286865234375  323.0
578.0352172851562  590.0
272.66107177734375  330.0
593.106201171875  546.0
477.7202453613281  411.0
539.6436767578125  523.0
539.6856079101562  584.0
436.67706298828125  419.0
304.8673400878906  313.0
390.15673828125  328.0
264.78350830078125  257.0
576.775390625  538.0
480.45947265625  493.0
338.3682556152344  347.0
274.81573486328125  293.0
582.6397094726562  569.0
491.5938720703125  449.0
510.1544189453125  512.0
215.0859375  216.0
377.4433288574219  370.0
478.40545654296875  523.0
281.51409912109375  269.0
399.77496337890625  420.0
495.6523742675781  485.0
629.872314453125  563.0
392.3128967285156  484.0
505.9566955566406  624.0
572.4864501953125  613.0
600.8167114257812  678.0
217.3305206298828  217.0
286.5135498046875  266.0
279.3616943359375  315.0
366.8424987792969  348.0
275.08258056640625  278.0
193.66941833496094  228.0
497.87774658203125  459.0
672.5523681640625  606.0
523.5874633789062  538.0
577.240478515625  669.0
541.6312866210938  515.0
360.65130615234375  349.0
552.2110595703125  530.0
389.1041259765625  377.0
582.8184814453125  604.0
268.73101806640625  366.0
551.3811645507812  653.0
357.1832580566406  415.0
563.7150268554688  579.0
587.8384399414062  616.0
556.1012573242188  528.0
558.6572875976562  545.0
611.27392578125  550.0
551.1064453125  534.0
634.5081787109375  763.0
630.3796997070312  603.0
591.3331298828125  574.0
540.506591796875  508.0
345.13336181640625  327.0
253.69129943847656  272.0
570.2173461914062  565.0
500.44677734375  529.0
547.2877807617188  581.0
593.5791015625  593.0
342.8049011230469  345.0
238.09242248535156  195.0
516.9874877929688  483.0
336.0777282714844  324.0
569.64892578125  604.0
355.7749938964844  304.0
398.76580810546875  393.0
215.9642791748047  195.0
268.0997619628906  331.0
584.8930053710938  580.0
505.2666320800781  470.0
611.2318115234375  615.0
521.54345703125  526.0
430.3087463378906  363.0
601.51611328125  643.0
603.71533203125  561.0
590.6532592773438  481.0
335.6115417480469  380.0
283.7470397949219  304.0
539.2979125976562  401.0
249.99220275878906  272.0
366.67376708984375  293.0
MSE : 2117.649953152777
MAPE : 7.927559036773586
R2 Score : 0.8854083359089906
time : 2481.712642180966
