586.51904296875  539.0
608.44677734375  668.0
373.4638671875  415.0
290.6246032714844  330.0
244.8448028564453  259.0
550.6551513671875  411.0
343.1499328613281  324.0
527.0693359375  493.0
180.48867797851562  152.0
601.4931640625  551.0
483.4509582519531  493.0
344.0273742675781  403.0
481.10137939453125  505.0
210.91567993164062  216.0
518.934814453125  503.0
469.8855895996094  494.0
566.6043701171875  539.0
415.4385070800781  410.0
206.05648803710938  195.0
368.32940673828125  432.0
426.61285400390625  360.0
198.01632690429688  221.0
528.2756958007812  560.0
555.6596069335938  578.0
326.5885925292969  321.0
387.50787353515625  387.0
248.2546844482422  270.0
378.91119384765625  374.0
356.9090881347656  392.0
562.5278930664062  623.0
387.494140625  416.0
542.0347290039062  517.0
218.68838500976562  240.0
536.0513916015625  531.0
351.029296875  378.0
521.7222900390625  532.0
222.8189697265625  253.0
248.0117950439453  249.0
579.7163696289062  543.0
508.1303405761719  440.0
227.32762145996094  219.0
403.4884948730469  363.0
604.1422119140625  685.0
387.9560241699219  406.0
331.0194396972656  330.0
222.62353515625  390.0
380.0736389160156  378.0
208.14471435546875  204.0
367.0085144042969  366.0
509.8208312988281  520.0
380.7926330566406  363.0
480.0101623535156  484.0
528.9893798828125  537.0
512.497802734375  545.0
587.9188232421875  583.0
320.71978759765625  199.0
348.9874572753906  348.0
356.7486572265625  423.0
406.4776611328125  380.0
520.4710693359375  599.0
215.3831329345703  218.0
239.6571044921875  293.0
572.9840087890625  528.0
323.5120544433594  335.0
550.2536010742188  656.0
468.4320068359375  459.0
607.1414184570312  545.0
313.4934387207031  314.0
471.0154724121094  507.0
431.4299011230469  419.0
405.10943603515625  386.0
214.88287353515625  273.0
467.2362365722656  547.0
499.8294982910156  482.0
501.34381103515625  501.0
408.8638610839844  419.0
410.80938720703125  433.0
556.8702392578125  533.0
585.5257568359375  678.0
582.2252807617188  562.0
499.2957458496094  549.0
592.7899169921875  673.0
575.7509765625  522.0
499.4056396484375  550.0
214.6329803466797  257.0
306.77349853515625  343.0
519.227783203125  497.0
626.7247314453125  589.0
447.1177673339844  505.0
233.07989501953125  225.0
486.14141845703125  473.0
218.0361785888672  213.0
383.8788757324219  395.0
335.5491638183594  344.0
275.26953125  268.0
642.3348388671875  669.0
506.4534912109375  518.0
MSE : 2017.2305276012887
MAPE : 7.836652200575568
R2 Score : 0.8824115103410821
time : 2667.847035041079
