493.37530517578125  538.0
317.0997619628906  321.0
496.7874755859375  532.0
212.86920166015625  216.0
197.3154296875  171.0
557.8909912109375  550.0
585.3758544921875  551.0
547.9293823242188  563.0
485.0616760253906  482.0
389.106201171875  411.0
376.95928955078125  403.0
498.42083740234375  526.0
484.74267578125  470.0
389.1793212890625  389.0
528.9089965820312  490.0
215.2027130126953  223.0
269.28216552734375  387.0
208.3411865234375  220.0
564.2069091796875  580.0
408.4405517578125  432.0
648.2093505859375  613.0
341.922607421875  324.0
381.326171875  373.0
562.37109375  561.0
322.9855041503906  324.0
431.44866943359375  419.0
243.28038024902344  229.0
486.8778381347656  459.0
487.27862548828125  521.0
533.1974487304688  603.0
364.960693359375  187.0
604.4462890625  773.0
652.4874267578125  563.0
304.3312683105469  378.0
364.0592041015625  243.0
317.65594482421875  359.0
516.189208984375  559.0
569.37109375  650.0
494.0324401855469  600.0
479.9490966796875  508.0
238.31289672851562  253.0
382.4687805175781  398.0
426.9385681152344  459.0
492.6347351074219  526.0
447.5901794433594  548.0
433.6781005859375  411.0
200.5189971923828  209.0
258.625244140625  270.0
544.8038940429688  530.0
667.3582763671875  543.0
588.2313842773438  603.0
519.3104248046875  557.0
633.2494506835938  623.0
376.51934814453125  420.0
538.493896484375  539.0
322.5967712402344  315.0
571.3909912109375  535.0
586.6705322265625  563.0
360.82672119140625  360.0
483.0992431640625  501.0
496.3098449707031  519.0
482.06195068359375  533.0
378.8537902832031  385.0
478.9834899902344  411.0
355.44781494140625  378.0
388.3185119628906  377.0
362.51397705078125  315.0
372.82000732421875  345.0
461.4809265136719  457.0
543.905029296875  566.0
318.1080322265625  363.0
482.9400634765625  494.0
560.779052734375  685.0
540.3489990234375  584.0
359.28240966796875  331.0
389.24688720703125  378.0
494.0176696777344  528.0
278.3677978515625  249.0
369.5474548339844  344.0
406.1893005371094  419.0
297.0759582519531  199.0
308.4259948730469  380.0
532.9443359375  520.0
553.655517578125  575.0
482.58251953125  522.0
537.8394775390625  562.0
487.3409423828125  467.0
606.7387084960938  593.0
581.739501953125  552.0
355.72802734375  350.0
242.09030151367188  235.0
372.8833923339844  267.0
347.78057861328125  344.0
551.048828125  555.0
264.72149658203125  251.0
315.0799865722656  316.0
521.767333984375  538.0
601.1220703125  626.0
196.85797119140625  197.0
522.3074951171875  599.0
MSE : 2503.705616516897
MAPE : 8.62692266122954
R2 Score : 0.8574709027835559
time : 2073.8836891211104
