306.6238098144531  311.0
615.77783203125  673.0
676.1906127929688  643.0
496.04046630859375  493.0
198.83645629882812  203.0
518.5086669921875  618.0
302.734619140625  308.0
218.3525390625  213.0
338.85980224609375  377.0
518.521484375  551.0
197.5805206298828  196.0
433.90960693359375  503.0
555.7711791992188  556.0
386.00469970703125  384.0
602.8751220703125  569.0
579.2486572265625  592.0
506.3687744140625  478.0
286.81854248046875  379.0
360.1826171875  333.0
333.3663024902344  335.0
364.7401123046875  415.0
300.1329040527344  284.0
563.6307373046875  672.0
432.6075134277344  606.0
386.33038330078125  420.0
468.13885498046875  685.0
559.11962890625  567.0
616.0975952148438  615.0
482.7998352050781  520.0
520.0665283203125  600.0
251.68716430664062  228.0
539.234375  773.0
558.9400024414062  566.0
520.7379150390625  484.0
553.3021850585938  616.0
229.15786743164062  366.0
508.478271484375  522.0
335.69915771484375  350.0
666.1234741210938  619.0
566.7627563476562  584.0
289.11871337890625  243.0
520.9464721679688  500.0
538.8793334960938  513.0
505.2896728515625  481.0
334.1282653808594  315.0
375.1776123046875  421.0
588.653564453125  569.0
386.3567199707031  416.0
508.9004821777344  508.0
402.8416748046875  411.0
619.9760131835938  624.0
505.53387451171875  467.0
386.3922119140625  387.0
548.642822265625  565.0
548.032958984375  568.0
676.7392578125  563.0
297.7623596191406  365.0
290.41558837890625  240.0
512.9864501953125  527.0
603.9830322265625  616.0
326.1625671386719  306.0
625.5377197265625  595.0
594.30908203125  589.0
222.19680786132812  216.0
325.4674072265625  199.0
234.00033569335938  205.0
386.43505859375  353.0
199.6522674560547  197.0
386.828369140625  374.0
542.2813720703125  589.0
434.5921630859375  505.0
559.506591796875  545.0
307.64599609375  265.0
394.2301025390625  523.0
512.6533813476562  526.0
550.6549072265625  549.0
199.8401336669922  173.0
387.1131286621094  418.0
322.3053894042969  315.0
322.0806884765625  295.0
375.3963623046875  430.0
567.8980712890625  539.0
597.0704345703125  630.0
518.2191162109375  529.0
511.5634765625  530.0
559.2898559570312  559.0
390.70623779296875  422.0
592.4490356445312  587.0
559.3578491210938  555.0
391.2770690917969  423.0
506.9707946777344  503.0
246.54550170898438  278.0
357.7648620605469  417.0
542.552734375  580.0
358.39141845703125  384.0
308.8044128417969  278.0
467.72174072265625  493.0
386.2933044433594  433.0
540.80712890625  593.0
536.8984375  551.0
MSE : 3144.9296349913043
MAPE : 8.305865963108989
R2 Score : 0.8352125573192775
time : 4196.964299418993
