519.3195190429688  538.0
324.7210693359375  321.0
516.8361206054688  532.0
221.27366638183594  216.0
209.91514587402344  171.0
530.3544921875  550.0
575.6031494140625  551.0
551.1360473632812  563.0
515.8321533203125  482.0
437.41473388671875  411.0
416.1205139160156  403.0
515.1881713867188  526.0
535.30419921875  470.0
384.06298828125  389.0
507.59600830078125  490.0
213.92919921875  223.0
415.1065979003906  387.0
193.3809356689453  220.0
598.9547729492188  580.0
383.6905212402344  432.0
583.6702270507812  613.0
333.92340087890625  324.0
383.2431335449219  373.0
594.6294555664062  561.0
315.0728759765625  324.0
417.1356201171875  419.0
257.3563232421875  229.0
508.9996337890625  459.0
506.75823974609375  521.0
506.58203125  603.0
332.63592529296875  187.0
531.064208984375  773.0
531.155029296875  563.0
375.6719970703125  378.0
254.1623992919922  243.0
363.93865966796875  359.0
518.1206665039062  559.0
512.9976806640625  650.0
519.6735229492188  600.0
531.1747436523438  508.0
244.3081512451172  253.0
369.67645263671875  398.0
481.2391357421875  459.0
550.3087768554688  526.0
489.66748046875  548.0
436.33349609375  411.0
204.0347442626953  209.0
240.53463745117188  270.0
521.1749267578125  530.0
600.06298828125  543.0
577.5756225585938  603.0
520.4086303710938  557.0
602.82763671875  623.0
432.75628662109375  420.0
566.1982421875  539.0
377.7947082519531  315.0
515.82861328125  535.0
504.672119140625  563.0
405.6490783691406  360.0
517.2714233398438  501.0
493.1839294433594  519.0
522.0828247070312  533.0
386.8685302734375  385.0
498.0019226074219  411.0
384.6639404296875  378.0
426.15509033203125  377.0
334.6021728515625  315.0
376.77703857421875  345.0
475.2774963378906  457.0
551.0706787109375  566.0
368.1645812988281  363.0
510.2279052734375  494.0
591.028564453125  685.0
580.6724853515625  584.0
270.63482666015625  331.0
386.599365234375  378.0
526.77978515625  528.0
275.35418701171875  249.0
380.7912902832031  344.0
460.568603515625  419.0
316.1322326660156  199.0
388.1654052734375  380.0
572.0040283203125  520.0
582.3836669921875  575.0
520.55517578125  522.0
580.8742065429688  562.0
506.16888427734375  467.0
590.22314453125  593.0
554.9066162109375  552.0
357.2840576171875  350.0
257.0170593261719  235.0
377.1804504394531  267.0
338.9326171875  344.0
560.3330078125  555.0
271.08135986328125  251.0
302.7310485839844  316.0
551.0521240234375  538.0
542.0672607421875  626.0
161.04063415527344  197.0
528.0798950195312  599.0
MSE : 2359.8455505827606
MAPE : 8.170441546939967
R2 Score : 0.8656604619664823
time : 1155.376229187008
