248.19256591796875  253.0
441.81085205078125  573.0
340.6405029296875  319.0
335.4779968261719  343.0
353.14202880859375  362.0
493.5934143066406  493.0
354.397705078125  378.0
364.47161865234375  413.0
411.7829895019531  420.0
239.1595916748047  268.0
315.44488525390625  390.0
510.2120666503906  508.0
557.2780151367188  545.0
363.8813171386719  398.0
564.427978515625  560.0
384.9968566894531  300.0
546.8865966796875  580.0
647.7252807617188  763.0
573.3739624023438  613.0
391.6409606933594  368.0
277.84637451171875  251.0
229.38519287109375  207.0
289.4612121582031  269.0
505.6888427734375  545.0
541.967529296875  533.0
205.66172790527344  171.0
479.1106262207031  459.0
409.60833740234375  318.0
484.51715087890625  503.0
372.6727600097656  325.0
239.39044189453125  257.0
350.462158203125  418.0
485.41571044921875  481.0
197.96347045898438  223.0
382.95086669921875  433.0
501.3919982910156  458.0
437.5260009765625  520.0
398.99359130859375  433.0
416.2718505859375  475.0
207.2482147216797  207.0
517.9044189453125  411.0
282.5118713378906  320.0
667.7079467773438  568.0
635.2767333984375  653.0
363.6109619140625  347.0
382.0719909667969  417.0
207.11502075195312  197.0
535.4475708007812  557.0
535.8082275390625  554.0
530.080078125  531.0
473.7947998046875  500.0
217.2818603515625  228.0
573.0859985351562  493.0
322.0128479003906  304.0
497.7532653808594  520.0
616.6893310546875  649.0
491.16058349609375  523.0
617.632080078125  685.0
581.894287109375  623.0
539.271240234375  563.0
413.0374755859375  401.0
499.5421447753906  527.0
565.2410888671875  582.0
219.6700439453125  253.0
471.3201904296875  467.0
493.9403381347656  484.0
529.3079833984375  538.0
234.1231689453125  272.0
546.1106567382812  538.0
558.0338134765625  551.0
468.1080017089844  482.0
260.18353271484375  239.0
509.4891662597656  600.0
375.028564453125  319.0
630.1279907226562  685.0
234.6398162841797  251.0
230.37245178222656  331.0
527.5379638671875  523.0
390.0420837402344  359.0
321.7677307128906  324.0
509.5350646972656  521.0
408.537109375  444.0
593.6948852539062  566.0
544.6953125  525.0
570.5534057617188  584.0
467.4228210449219  501.0
353.0966796875  378.0
237.68002319335938  278.0
634.3817138671875  670.0
448.2940979003906  581.0
270.93719482421875  284.0
628.3819580078125  618.0
627.0264892578125  603.0
553.018798828125  672.0
561.1663818359375  668.0
527.51953125  517.0
198.27935791015625  188.0
562.1024780273438  577.0
350.7037353515625  390.0
368.109130859375  353.0
MSE : 2158.586413755922
MAPE : 8.047647503694176
R2 Score : 0.8876306283293828
time : 1161.3428145399957
