404.16864013671875  503.0
542.0695190429688  673.0
330.7847900390625  348.0
595.7833862304688  569.0
335.804443359375  378.0
341.1296691894531  424.0
560.8472290039062  523.0
361.8750305175781  384.0
253.89315795898438  337.0
575.0518188476562  503.0
592.0687866210938  541.0
244.98765563964844  218.0
357.6746826171875  191.0
423.7540283203125  373.0
507.59515380859375  481.0
552.3005981445312  520.0
513.9658203125  507.0
450.8372802734375  457.0
364.7889709472656  295.0
559.2381591796875  549.0
562.4413452148438  509.0
525.1243896484375  520.0
508.8897399902344  512.0
564.5913696289062  478.0
402.552490234375  325.0
595.4096069335938  554.0
575.1427612304688  529.0
565.911376953125  513.0
336.4019775390625  378.0
540.7876586914062  554.0
334.5585021972656  251.0
557.6698608398438  535.0
560.9266967773438  568.0
373.17108154296875  398.0
329.9732360839844  333.0
319.42633056640625  206.0
307.0009460449219  433.0
545.2554321289062  545.0
573.8637084960938  556.0
358.228271484375  416.0
344.9522399902344  353.0
603.4874877929688  638.0
543.510498046875  474.0
333.3876953125  226.0
331.831298828125  199.0
544.6845092773438  525.0
550.1663818359375  532.0
587.1171875  508.0
556.0999145507812  521.0
544.903564453125  474.0
529.7966918945312  508.0
562.9682006835938  577.0
552.5604248046875  536.0
237.9823455810547  397.0
565.33740234375  527.0
400.878662109375  422.0
599.3219604492188  618.0
603.5191040039062  668.0
522.2088623046875  543.0
510.4349670410156  459.0
591.5746459960938  539.0
577.3223876953125  577.0
371.2540588378906  421.0
392.8247985839844  374.0
328.461181640625  195.0
376.52911376953125  350.0
420.161376953125  388.0
353.1844177246094  409.0
579.8069458007812  590.0
562.8739013671875  575.0
547.3845825195312  773.0
415.1910400390625  444.0
602.8108520507812  550.0
236.5525360107422  293.0
343.1758728027344  393.0
601.0249633789062  589.0
571.7837524414062  584.0
239.8937225341797  376.0
237.58102416992188  216.0
239.56285095214844  208.0
557.6633911132812  577.0
325.17303466796875  393.0
561.2440795898438  561.0
279.180419921875  324.0
603.2874145507812  593.0
239.98028564453125  194.0
297.2613220214844  324.0
602.7313842773438  584.0
269.0876770019531  203.0
236.22337341308594  196.0
243.48228454589844  324.0
245.73876953125  205.0
287.833740234375  366.0
236.54029846191406  269.0
479.60302734375  475.0
555.4017944335938  551.0
248.9871826171875  310.0
362.1079406738281  359.0
581.1224975585938  616.0
MSE : 3902.8672775167292
MAPE : 13.212023717134647
R2 Score : 0.7761343198981776
time : 464.93758116298704
