619.0341796875  548.0
596.2687377929688  569.0
512.3591918945312  488.0
508.7751770019531  419.0
501.09613037109375  513.0
525.3767700195312  577.0
208.64376831054688  130.0
479.2217102050781  486.0
472.9107666015625  411.0
617.93310546875  478.0
602.8580932617188  560.0
299.2665710449219  270.0
369.0666809082031  331.0
276.2465515136719  316.0
539.7400512695312  538.0
356.03179931640625  345.0
417.1336669921875  260.0
226.61981201171875  268.0
522.5660400390625  459.0
527.1094970703125  559.0
299.0623779296875  269.0
526.4153442382812  552.0
498.89776611328125  482.0
380.6012878417969  389.0
211.62442016601562  173.0
386.79449462890625  394.0
367.9573974609375  425.0
265.6996765136719  293.0
369.375244140625  255.0
498.4076232910156  478.0
754.2403564453125  763.0
550.2708129882812  615.0
203.59927368164062  220.0
205.53292846679688  194.0
533.15673828125  534.0
516.40087890625  523.0
367.84423828125  373.0
309.9229431152344  323.0
195.01058959960938  213.0
334.6080017089844  266.0
560.5416870117188  577.0
526.9365234375  520.0
525.6004028320312  583.0
597.9392700195312  578.0
531.7244262695312  658.0
384.8945617675781  416.0
566.1790771484375  606.0
525.908935546875  541.0
585.2007446289062  458.0
341.4403381347656  390.0
586.8654174804688  493.0
530.5756225585938  549.0
549.7657470703125  584.0
748.9234008789062  563.0
608.7544555664062  604.0
531.8641967773438  581.0
205.72271728515625  223.0
393.19866943359375  388.0
205.46434020996094  272.0
537.8809814453125  538.0
407.0841369628906  363.0
538.461181640625  568.0
615.94677734375  658.0
622.3814086914062  419.0
523.1627807617188  765.0
352.17626953125  410.0
358.3297424316406  418.0
385.1319274902344  360.0
301.851318359375  253.0
538.4502563476562  600.0
238.37657165527344  335.0
563.90673828125  574.0
198.9359893798828  190.0
535.8944702148438  590.0
357.7193908691406  333.0
355.8150634765625  333.0
374.76519775390625  392.0
504.4961853027344  527.0
517.4130249023438  580.0
506.84271240234375  533.0
630.166015625  685.0
532.0435180664062  603.0
539.5110473632812  562.0
641.034912109375  493.0
400.33123779296875  397.0
294.3017272949219  330.0
272.9273986816406  321.0
232.51986694335938  213.0
510.86163330078125  478.0
197.58282470703125  192.0
316.8267822265625  388.0
571.3356323242188  587.0
608.1442260742188  569.0
530.455322265625  493.0
576.7214965820312  539.0
548.4539184570312  672.0
306.2174072265625  347.0
381.3839111328125  373.0
375.408447265625  378.0
480.40997314453125  503.0
MSE : 4083.1337385822435
MAPE : 11.160375597622908
R2 Score : 0.7943806138651947
time : 1781.9185862750164
