537.1505126953125  526.0
504.56390380859375  488.0
610.5693359375  623.0
559.4056396484375  580.0
175.1395721435547  152.0
386.4134521484375  256.0
322.6499938964844  324.0
253.54698181152344  253.0
503.9325866699219  501.0
451.8694152832031  419.0
422.91204833984375  373.0
368.7950439453125  355.0
593.214111328125  550.0
382.2817687988281  384.0
518.22314453125  497.0
209.75962829589844  197.0
504.82977294921875  534.0
211.82177734375  194.0
179.7643585205078  206.0
567.4653930664062  513.0
421.60528564453125  444.0
426.1190185546875  392.0
223.9608612060547  219.0
431.9605712890625  363.0
538.35107421875  482.0
238.06607055664062  251.0
623.1904296875  685.0
376.56805419921875  416.0
211.8891143798828  194.0
574.2294311523438  538.0
585.218017578125  603.0
564.5601196289062  626.0
189.3551788330078  199.0
334.8245849609375  365.0
431.98187255859375  419.0
355.37200927734375  373.0
180.16050720214844  218.0
521.245361328125  633.0
308.25762939453125  243.0
416.43115234375  418.0
557.5380859375  632.0
580.2955322265625  539.0
344.45416259765625  330.0
339.0411071777344  306.0
511.572998046875  488.0
561.2863159179688  618.0
447.15301513671875  378.0
254.63063049316406  255.0
200.1255645751953  197.0
363.9854736328125  362.0
428.8772888183594  473.0
370.11956787109375  384.0
436.316162109375  411.0
382.6776123046875  394.0
531.38720703125  538.0
503.00238037109375  520.0
601.2499389648438  547.0
280.2332763671875  325.0
577.5914306640625  530.0
505.12469482421875  481.0
315.19329833984375  314.0
418.66400146484375  422.0
388.27581787109375  409.0
729.2642822265625  763.0
542.4756469726562  517.0
563.0560302734375  603.0
593.384765625  562.0
395.12908935546875  420.0
594.0974731445312  573.0
574.0136108398438  581.0
348.9041442871094  199.0
420.52081298828125  440.0
519.9658203125  478.0
586.0355834960938  541.0
562.26806640625  600.0
348.6405029296875  378.0
388.67767333984375  406.0
251.68321228027344  203.0
362.3877258300781  413.0
350.00848388671875  313.0
544.1988525390625  545.0
534.221923828125  532.0
655.4957885742188  494.0
523.358154296875  537.0
259.08929443359375  270.0
204.41500854492188  204.0
538.7113037109375  519.0
336.3726501464844  265.0
521.1868896484375  562.0
593.5995483398438  658.0
559.7800903320312  603.0
323.4804992675781  316.0
180.5169219970703  195.0
553.951416015625  559.0
565.8253784179688  500.0
414.86541748046875  363.0
350.03839111328125  187.0
227.0068817138672  205.0
548.2349243164062  567.0
222.19659423828125  286.0
MSE : 2181.1396066559037
MAPE : 9.347540010804513
R2 Score : 0.893713247815842
time : 2976.561650955002
