209.6236114501953  192.0
606.1803588867188  668.0
540.258056640625  600.0
525.59130859375  523.0
525.8043823242188  515.0
224.51815795898438  219.0
434.45355224609375  520.0
547.7692260742188  538.0
317.4941101074219  330.0
407.7463684082031  420.0
597.8118896484375  574.0
535.6015625  599.0
502.6783142089844  470.0
506.9784851074219  545.0
508.9833679199219  478.0
485.6182556152344  493.0
325.6634826660156  378.0
509.9073791503906  521.0
495.7839050292969  519.0
654.7536010742188  623.0
590.2785034179688  579.0
427.2005615234375  419.0
578.9742431640625  562.0
357.8204040527344  279.0
575.1846923828125  527.0
390.2933654785156  360.0
312.74090576171875  315.0
427.2143249511719  329.0
277.4023742675781  302.0
668.0165405273438  560.0
506.9491882324219  482.0
346.4944152832031  295.0
440.463134765625  478.0
257.2177429199219  239.0
658.6629028320312  552.0
538.359619140625  581.0
196.56004333496094  204.0
486.7453308105469  548.0
504.145751953125  499.0
505.4612731933594  513.0
660.6376342773438  685.0
423.9435119628906  475.0
323.885498046875  348.0
345.769775390625  344.0
521.8275756835938  493.0
512.1615600585938  518.0
562.6773681640625  551.0
557.279296875  537.0
372.0230407714844  433.0
394.1926574707031  433.0
323.3006896972656  324.0
280.8811950683594  226.0
542.8226318359375  530.0
362.5892333984375  362.0
185.05047607421875  203.0
570.8018798828125  539.0
522.9295043945312  557.0
313.25213623046875  281.0
368.7242736816406  345.0
543.0899658203125  526.0
508.0486755371094  411.0
421.7144775390625  390.0
250.67898559570312  205.0
576.9525756835938  577.0
375.9046630859375  337.0
286.8038024902344  358.0
274.98614501953125  272.0
568.4343872070312  559.0
235.9346160888672  228.0
203.5957794189453  215.0
500.0244140625  484.0
369.7597351074219  373.0
219.57733154296875  216.0
649.6299438476562  593.0
516.7763671875  563.0
653.1453857421875  685.0
538.1763916015625  523.0
577.671630859375  566.0
496.5082702636719  546.0
373.9241027832031  363.0
433.509033203125  318.0
414.3056945800781  415.0
186.20913696289062  173.0
511.5534362792969  517.0
590.358154296875  580.0
324.9075927734375  359.0
495.7797546386719  520.0
501.6128234863281  522.0
319.0663757324219  333.0
356.7046203613281  348.0
670.5816650390625  658.0
539.1356811523438  467.0
495.5976257324219  509.0
312.5277404785156  330.0
386.6846008300781  421.0
242.3302764892578  233.0
587.9757080078125  673.0
244.16452026367188  203.0
360.046630859375  363.0
2.2556474208831787  130.0
MSE : 1774.5619207103969
MAPE : 8.241682567019705
R2 Score : 0.904124564760681
time : 1960.5551607850066
