481.0385437011719  474.0
221.311279296875  208.0
547.2078857421875  773.0
288.6265563964844  320.0
221.3365020751953  219.0
375.91339111328125  388.0
422.3046569824219  520.0
505.5265808105469  502.0
387.85968017578125  394.0
530.657958984375  527.0
368.12188720703125  379.0
506.8944091796875  542.0
566.4747314453125  563.0
540.4544067382812  584.0
319.4255676269531  295.0
525.7564697265625  512.0
214.8018035888672  209.0
441.4418029785156  191.0
326.44439697265625  329.0
524.52978515625  546.0
372.90557861328125  410.0
525.5556030273438  481.0
518.9417724609375  491.0
581.9451904296875  621.0
593.8477783203125  550.0
166.24639892578125  195.0
489.59210205078125  482.0
435.4691162109375  505.0
174.89027404785156  213.0
354.5242919921875  353.0
160.62413024902344  206.0
372.7945556640625  424.0
192.1805877685547  226.0
510.22821044921875  539.0
508.1548156738281  475.0
270.96087646484375  278.0
399.77099609375  388.0
496.8094787597656  532.0
477.1565856933594  467.0
606.5162353515625  624.0
612.2022705078125  582.0
372.10968017578125  324.0
225.5236358642578  233.0
375.318115234375  384.0
523.9495849609375  603.0
421.0109558105469  363.0
340.40997314453125  344.0
421.5757751464844  493.0
310.8251953125  330.0
387.4177551269531  267.0
185.3431854248047  243.0
267.5123596191406  278.0
529.875732421875  551.0
516.6946411132812  528.0
587.7052612304688  579.0
252.38671875  228.0
470.5597839355469  478.0
565.6802978515625  561.0
391.4866943359375  360.0
605.311767578125  494.0
394.05999755859375  406.0
530.0394287109375  555.0
620.4432983398438  670.0
407.68988037109375  423.0
369.0504150390625  304.0
590.9050903320312  523.0
242.61476135253906  286.0
238.9620361328125  243.0
250.6373291015625  323.0
502.7702331542969  483.0
455.147705078125  459.0
522.8714599609375  554.0
401.0191650390625  360.0
496.3080749511719  500.0
568.93701171875  623.0
505.6903076171875  488.0
542.1914672851562  512.0
218.26707458496094  216.0
404.86016845703125  444.0
381.7486267089844  390.0
309.6482238769531  348.0
312.7662353515625  316.0
519.4942626953125  525.0
364.990478515625  386.0
528.6524047851562  530.0
609.3846435546875  668.0
372.4642639160156  415.0
335.89935302734375  333.0
554.9004516601562  618.0
196.8948516845703  220.0
553.462890625  545.0
736.3499755859375  763.0
593.473388671875  626.0
632.9674072265625  603.0
MSE : 2631.7135229908235
MAPE : 8.77621412435867
R2 Score : 0.8636587515987597
time : 1481.05368733895
