567.4058837890625  526.0
520.496337890625  488.0
635.799072265625  623.0
645.57666015625  580.0
304.6051025390625  152.0
323.76165771484375  256.0
289.6650390625  324.0
290.21368408203125  253.0
512.380126953125  501.0
460.8788757324219  419.0
384.5415954589844  373.0
384.2449951171875  355.0
645.3651123046875  550.0
379.470947265625  384.0
516.7160034179688  497.0
294.3747863769531  197.0
537.1282958984375  534.0
289.1543884277344  194.0
311.53143310546875  206.0
464.3375549316406  513.0
378.1578063964844  444.0
378.6667785644531  392.0
289.81646728515625  219.0
424.14703369140625  363.0
527.4326782226562  482.0
289.1861572265625  251.0
607.824951171875  685.0
355.8548583984375  416.0
291.24884033203125  194.0
513.9191284179688  538.0
645.7857666015625  603.0
636.9012451171875  626.0
289.12158203125  199.0
290.81219482421875  365.0
443.5192565917969  419.0
297.62548828125  373.0
332.5584716796875  218.0
553.3806762695312  633.0
396.6024169921875  243.0
358.2353515625  418.0
645.9918823242188  632.0
624.0926513671875  539.0
289.77239990234375  330.0
296.5569152832031  306.0
510.45477294921875  488.0
514.7313232421875  618.0
452.0677490234375  378.0
295.8678894042969  255.0
289.12548828125  197.0
377.45672607421875  362.0
331.0479431152344  473.0
372.5833740234375  384.0
461.041748046875  411.0
365.33349609375  394.0
523.3023681640625  538.0
512.2821044921875  520.0
645.986083984375  547.0
457.977783203125  325.0
637.008056640625  530.0
517.3551635742188  481.0
289.66162109375  314.0
409.65411376953125  422.0
361.9689636230469  409.0
645.9903564453125  763.0
519.0594482421875  517.0
645.6376953125  603.0
645.9425048828125  562.0
459.75396728515625  420.0
645.9432373046875  573.0
519.4710693359375  581.0
289.0649108886719  199.0
412.5263366699219  440.0
526.5922241210938  478.0
517.033203125  541.0
460.5941162109375  600.0
289.3226623535156  378.0
414.35546875  406.0
289.0536804199219  203.0
376.895751953125  413.0
352.45721435546875  313.0
516.470947265625  545.0
524.57666015625  532.0
635.30908203125  494.0
523.8790893554688  537.0
289.0732727050781  270.0
289.3011474609375  204.0
645.56591796875  519.0
289.2773742675781  265.0
599.114990234375  562.0
472.184814453125  658.0
586.7410888671875  603.0
308.4754638671875  316.0
314.968017578125  195.0
587.1736450195312  559.0
645.9674072265625  500.0
382.269287109375  363.0
449.97607421875  187.0
319.9087829589844  205.0
645.6763916015625  567.0
289.78424072265625  286.0
MSE : 5798.723958790517
MAPE : 18.303721325577087
R2 Score : 0.7174286622866601
time : 734.2653154180152
