386.021240234375  503.0
592.4039306640625  673.0
358.7349548339844  348.0
607.2683715820312  569.0
397.4774169921875  378.0
351.6542663574219  424.0
436.4791564941406  523.0
394.31341552734375  384.0
338.0992431640625  337.0
543.4942626953125  503.0
493.515380859375  541.0
341.6850891113281  218.0
317.6626281738281  191.0
399.10888671875  373.0
542.638671875  481.0
535.0419311523438  520.0
539.9295654296875  507.0
435.79791259765625  457.0
391.9703674316406  295.0
587.180419921875  549.0
536.0372314453125  509.0
554.7299194335938  520.0
514.727294921875  512.0
551.3244018554688  478.0
334.4315490722656  325.0
576.5360717773438  554.0
575.0567626953125  529.0
552.365966796875  513.0
417.0058898925781  378.0
562.452392578125  554.0
279.49542236328125  251.0
572.2388916015625  535.0
575.855712890625  568.0
392.2001953125  398.0
350.9231872558594  333.0
304.8547058105469  206.0
409.00091552734375  433.0
479.9377746582031  545.0
587.74560546875  556.0
396.7643737792969  416.0
359.1886901855469  353.0
523.2750244140625  638.0
551.3458251953125  474.0
358.8403625488281  226.0
205.68795776367188  199.0
558.4970703125  525.0
537.8741455078125  532.0
521.3631591796875  508.0
546.0663452148438  521.0
551.26318359375  474.0
532.3414306640625  508.0
594.315185546875  577.0
575.6978149414062  536.0
344.05621337890625  397.0
533.9447021484375  527.0
416.2675476074219  422.0
608.5279541015625  618.0
579.1849975585938  668.0
581.9700927734375  543.0
558.3876342773438  459.0
583.873291015625  539.0
578.3955688476562  577.0
409.1993103027344  421.0
426.364501953125  374.0
313.41473388671875  195.0
401.52001953125  350.0
425.73846435546875  388.0
372.5127258300781  409.0
570.5982666015625  590.0
589.74267578125  575.0
609.5617065429688  773.0
532.4368286132812  444.0
538.6970825195312  550.0
239.9548797607422  293.0
397.7396240234375  393.0
570.3329467773438  589.0
576.0418701171875  584.0
378.1884460449219  376.0
226.37815856933594  216.0
226.39944458007812  208.0
551.861083984375  577.0
392.919921875  393.0
575.2978515625  561.0
345.8658142089844  324.0
605.47509765625  593.0
220.4785919189453  194.0
336.33404541015625  324.0
596.9742431640625  584.0
211.44302368164062  203.0
203.66226196289062  196.0
360.5826110839844  324.0
202.51890563964844  205.0
380.3405456542969  366.0
221.41017150878906  269.0
486.487548828125  475.0
571.8609619140625  551.0
324.2191162109375  310.0
397.1299133300781  359.0
593.5023193359375  616.0
MSE : 2636.792854128154
MAPE : 9.891424068009922
R2 Score : 0.8487554447527599
time : 807.2097142950224
