229.57496643066406  213.0
435.72442626953125  457.0
616.004638671875  670.0
199.1363525390625  204.0
548.3048095703125  508.0
521.0357666015625  508.0
264.9112854003906  268.0
560.9487915039062  449.0
318.38885498046875  284.0
392.8860778808594  406.0
540.42138671875  503.0
610.5911254882812  685.0
613.791015625  621.0
292.16326904296875  253.0
586.401123046875  551.0
618.6026000976562  638.0
547.457275390625  773.0
340.4623718261719  330.0
213.2793426513672  192.0
572.5430908203125  626.0
342.35321044921875  335.0
315.3214111328125  301.0
384.59564208984375  393.0
494.1256103515625  650.0
543.4471435546875  581.0
210.9036407470703  188.0
566.5027465820312  517.0
489.7669677734375  501.0
375.1402282714844  362.0
323.9636535644531  324.0
198.51551818847656  152.0
495.74755859375  484.0
568.1644287109375  522.0
207.98548889160156  243.0
550.4806518554688  560.0
387.8601989746094  363.0
429.8010559082031  403.0
290.19219970703125  320.0
283.958740234375  324.0
312.77508544921875  313.0
495.51165771484375  498.0
556.2254028320312  562.0
251.60336303710938  253.0
190.7677764892578  199.0
557.2073364257812  494.0
371.31353759765625  314.0
570.9080200195312  562.0
312.12115478515625  316.0
554.2600708007812  568.0
218.1858673095703  302.0
218.59645080566406  293.0
570.94921875  582.0
234.5431365966797  272.0
573.7759399414062  581.0
499.29150390625  470.0
607.3200073242188  573.0
419.2831115722656  407.0
201.6788330078125  203.0
546.9866943359375  493.0
287.75006103515625  279.0
396.41900634765625  387.0
530.1600341796875  512.0
332.3186950683594  327.0
582.4334716796875  587.0
346.7659912109375  365.0
228.40304565429688  207.0
474.45501708984375  500.0
548.19189453125  581.0
427.94427490234375  401.0
456.238037109375  423.0
206.51214599609375  197.0
591.3145751953125  444.0
366.31298828125  374.0
575.7352905273438  564.0
260.6322021484375  255.0
508.7489318847656  543.0
232.08595275878906  206.0
196.29644775390625  213.0
515.5067749023438  520.0
516.751953125  523.0
491.1086120605469  500.0
510.171142578125  519.0
223.22183227539062  225.0
505.74713134765625  523.0
281.28082275390625  377.0
358.9855041503906  348.0
613.4744873046875  633.0
245.55662536621094  286.0
236.56956481933594  208.0
337.52142333984375  315.0
375.987060546875  384.0
321.9837646484375  390.0
507.33685302734375  551.0
545.0189208984375  563.0
515.9425659179688  449.0
MSE : 2138.849400532795
MAPE : 7.538689497725739
R2 Score : 0.896401747010342
time : 468.1219827879977
