628.037353515625  548.0
535.8486938476562  569.0
532.8477172851562  488.0
415.81011962890625  419.0
525.8786010742188  513.0
532.893798828125  577.0
235.35183715820312  130.0
523.3071899414062  486.0
416.4093017578125  411.0
628.356689453125  478.0
627.38818359375  560.0
274.46148681640625  270.0
411.344482421875  331.0
298.295654296875  316.0
550.3859252929688  538.0
268.4030456542969  345.0
428.62548828125  260.0
237.20790100097656  268.0
524.2752075195312  459.0
549.7979736328125  559.0
271.09796142578125  269.0
543.096923828125  552.0
532.544189453125  482.0
390.7391357421875  389.0
235.3386993408203  173.0
382.44384765625  394.0
390.45465087890625  425.0
235.42587280273438  293.0
483.4653015136719  255.0
526.7100830078125  478.0
524.3816528320312  763.0
602.6048583984375  615.0
285.77752685546875  220.0
237.56747436523438  194.0
551.8372802734375  534.0
527.28759765625  523.0
302.75823974609375  373.0
250.27969360351562  323.0
235.5400848388672  213.0
254.54217529296875  266.0
531.74462890625  577.0
545.3804931640625  520.0
522.009765625  583.0
518.5218505859375  578.0
519.896728515625  658.0
395.3121643066406  416.0
627.119140625  606.0
513.8386840820312  541.0
626.9531860351562  458.0
236.1185760498047  390.0
626.8968505859375  493.0
521.8709716796875  549.0
519.8200073242188  584.0
561.2026977539062  563.0
628.172607421875  604.0
542.426513671875  581.0
237.69924926757812  223.0
646.8468017578125  388.0
297.162109375  272.0
521.3389282226562  538.0
391.12109375  363.0
543.3834838867188  568.0
593.47314453125  658.0
628.4373779296875  419.0
525.28076171875  765.0
286.20294189453125  410.0
295.6892395019531  418.0
345.26519775390625  360.0
246.77096557617188  253.0
519.5592041015625  600.0
297.9632263183594  335.0
626.721435546875  574.0
263.06292724609375  190.0
538.2001342773438  590.0
298.55010986328125  333.0
296.66229248046875  333.0
403.5389404296875  392.0
539.36865234375  527.0
532.0643310546875  580.0
539.324462890625  533.0
522.2864990234375  685.0
529.4623413085938  603.0
607.712646484375  562.0
624.6561279296875  493.0
415.22076416015625  397.0
297.3757019042969  330.0
297.78253173828125  321.0
296.1044616699219  213.0
524.0689697265625  478.0
234.91668701171875  192.0
346.444091796875  388.0
627.29345703125  587.0
628.1390380859375  569.0
550.687744140625  493.0
537.9239501953125  539.0
603.6385498046875  672.0
297.6160888671875  347.0
369.7752685546875  373.0
296.4120178222656  378.0
512.13330078125  503.0
MSE : 6633.005877674902
MAPE : 14.703343787463636
R2 Score : 0.6659735673341826
time : 1041.618244131998
