552.4544677734375  549.0
517.3303833007812  479.0
562.211181640625  546.0
487.7626647949219  472.0
378.901611328125  390.0
522.14404296875  555.0
543.0988159179688  577.0
563.71533203125  493.0
523.0545043945312  419.0
564.2861328125  607.0
528.4330444335938  590.0
532.9364013671875  419.0
531.6424560546875  523.0
564.7830200195312  580.0
551.0050659179688  505.0
519.9169921875  556.0
395.609619140625  315.0
208.31275939941406  205.0
508.9727783203125  191.0
544.2506103515625  529.0
548.5355224609375  599.0
562.7784423828125  656.0
232.47398376464844  233.0
386.65301513671875  315.0
494.4215087890625  497.0
238.57884216308594  330.0
553.4580078125  539.0
533.2402954101562  520.0
314.86956787109375  348.0
564.7293701171875  567.0
536.15478515625  430.0
556.49365234375  638.0
489.91180419921875  502.0
507.2674560546875  493.0
564.7020874023438  673.0
489.9419860839844  403.0
386.41748046875  333.0
487.79119873046875  488.0
275.8370361328125  333.0
402.79034423828125  226.0
524.3140869140625  554.0
521.7252197265625  530.0
440.2421875  410.0
509.45745849609375  542.0
413.5610046386719  358.0
521.8297119140625  459.0
199.26760864257812  197.0
559.92138671875  539.0
564.7284545898438  557.0
245.0412139892578  215.0
507.1302795410156  546.0
488.13726806640625  503.0
352.93603515625  344.0
546.0584716796875  615.0
559.9652709960938  668.0
220.05381774902344  254.0
415.4546813964844  393.0
302.2069396972656  253.0
512.4744262695312  478.0
296.4780578613281  216.0
221.56304931640625  203.0
554.5528564453125  584.0
263.3105773925781  286.0
366.5513610839844  293.0
529.270263671875  566.0
213.28407287597656  225.0
564.6141357421875  550.0
564.7109985351562  613.0
0.7825850248336792  260.0
533.9280395507812  459.0
200.26290893554688  130.0
529.5523681640625  552.0
560.717041015625  522.0
551.3162841796875  574.0
504.90985107421875  493.0
6.31494140625  217.0
416.6432800292969  475.0
564.1005859375  530.0
564.7396850585938  618.0
338.13739013671875  348.0
491.74835205078125  554.0
405.44830322265625  324.0
386.2931213378906  328.0
409.8236999511719  389.0
202.52003479003906  213.0
412.9752502441406  402.0
387.29791259765625  377.0
449.78717041015625  595.0
240.17855834960938  293.0
314.1092224121094  251.0
431.2898254394531  360.0
359.1220397949219  378.0
564.3317260742188  626.0
479.4305725097656  520.0
498.8354187011719  548.0
536.5127563476562  440.0
413.6572265625  366.0
563.0819091796875  616.0
MSE : 5168.592841026492
MAPE : 14.497663872665445
R2 Score : 0.7239158149484811
time : 775.8041524928994
