502.4720153808594  508.0
484.4853820800781  488.0
236.32400512695312  253.0
593.5499267578125  563.0
576.965576171875  618.0
589.8763427734375  580.0
275.04437255859375  228.0
495.9104309082031  505.0
541.2447509765625  581.0
552.593017578125  607.0
498.4284362792969  581.0
579.934326171875  411.0
552.3597412109375  624.0
510.3188171386719  545.0
445.3406677246094  363.0
423.0597229003906  396.0
422.9295654296875  459.0
612.3533935546875  615.0
322.3513488769531  310.0
692.9962158203125  606.0
210.55294799804688  221.0
548.1701049804688  546.0
488.83642578125  503.0
574.1549072265625  508.0
201.7880401611328  203.0
369.24041748046875  388.0
486.8436584472656  470.0
201.99505615234375  194.0
201.20083618164062  225.0
564.680419921875  556.0
308.3389892578125  281.0
259.0016174316406  293.0
627.6804809570312  600.0
606.7828369140625  619.0
273.4261779785156  302.0
563.314208984375  552.0
536.17138671875  529.0
530.6281127929688  541.0
343.0793151855469  379.0
372.962890625  360.0
191.11788940429688  272.0
177.3013153076172  203.0
571.0458374023438  569.0
543.4075317382812  520.0
285.8994445800781  308.0
607.2509155273438  632.0
576.2241821289062  603.0
405.031494140625  423.0
369.9329528808594  345.0
500.9569091796875  604.0
484.5643615722656  523.0
293.9295349121094  300.0
595.9276733398438  566.0
357.5216369628906  333.0
587.71728515625  626.0
524.2318725585938  481.0
502.8141784667969  517.0
546.218505859375  549.0
616.77099609375  547.0
381.7492980957031  374.0
505.2802429199219  530.0
580.1035766601562  579.0
386.4909973144531  430.0
324.9327392578125  315.0
365.1494140625  390.0
230.84304809570312  286.0
380.5473327636719  402.0
434.1939392089844  475.0
552.9061889648438  538.0
258.3659362792969  251.0
429.8825988769531  478.0
509.6777038574219  500.0
195.7306671142578  194.0
510.24298095703125  500.0
328.8550720214844  324.0
268.6170959472656  251.0
363.591552734375  373.0
491.66937255859375  508.0
562.6720581054688  630.0
373.9493408203125  337.0
431.5829772949219  411.0
255.94229125976562  206.0
320.9120788574219  187.0
196.52081298828125  197.0
413.8445129394531  523.0
540.2117919921875  566.0
341.2735900878906  315.0
509.4540710449219  525.0
542.055908203125  552.0
695.2080688476562  595.0
293.30462646484375  318.0
402.8661804199219  473.0
434.8532409667969  423.0
627.8756713867188  563.0
177.5855712890625  130.0
541.275390625  560.0
410.2621765136719  392.0
431.6664123535156  433.0
191.31687927246094  197.0
489.5932312011719  500.0
MSE : 1873.7876358447131
MAPE : 7.958047943743284
R2 Score : 0.8999672040039524
time : 2567.488761188928
