531.649169921875  530.0
710.4152221679688  589.0
542.49853515625  536.0
480.8746643066406  499.0
359.530517578125  366.0
533.705322265625  599.0
412.6646728515625  392.0
620.3557739257812  600.0
574.6746826171875  577.0
218.05902099609375  221.0
224.8918914794922  313.0
384.8453674316406  363.0
485.33807373046875  493.0
194.16000366210938  195.0
351.9775085449219  350.0
252.54119873046875  253.0
372.9854736328125  433.0
534.1452026367188  527.0
499.47784423828125  520.0
481.10498046875  482.0
549.4945068359375  550.0
299.678955078125  323.0
609.2490234375  560.0
357.5000915527344  199.0
477.73846435546875  363.0
286.5828857421875  284.0
470.33477783203125  503.0
483.9449462890625  505.0
454.229248046875  498.0
559.2896728515625  568.0
534.45654296875  541.0
533.798095703125  521.0
486.523193359375  457.0
607.4064331054688  685.0
348.128173828125  256.0
226.01358032226562  195.0
531.276123046875  544.0
498.16107177734375  486.0
347.6828918457031  398.0
382.2031555175781  377.0
322.8030090332031  344.0
353.3247985839844  379.0
155.06973266601562  199.0
549.0142822265625  519.0
511.71832275390625  549.0
515.9142456054688  508.0
386.4564208984375  424.0
346.98187255859375  327.0
238.29904174804688  249.0
259.2073974609375  269.0
560.0003662109375  565.0
480.26800537109375  467.0
428.0013732910156  411.0
514.2168579101562  484.0
560.3521728515625  563.0
615.5665283203125  545.0
283.047607421875  243.0
232.6187744140625  300.0
545.138427734375  569.0
489.5498962402344  537.0
194.58050537109375  194.0
618.6397705078125  765.0
580.7032470703125  606.0
395.453369140625  401.0
527.8919677734375  554.0
230.11782836914062  228.0
531.02880859375  527.0
549.7366943359375  621.0
533.3038330078125  538.0
209.80059814453125  213.0
374.6971435546875  377.0
553.3949584960938  580.0
651.064697265625  615.0
591.4915161132812  584.0
216.59532165527344  207.0
228.28817749023438  241.0
361.49090576171875  413.0
411.855224609375  409.0
425.50250244140625  415.0
506.03485107421875  519.0
350.82342529296875  331.0
563.2838134765625  658.0
526.85205078125  545.0
541.345703125  555.0
410.3930969238281  423.0
543.3751220703125  567.0
333.3815612792969  314.0
396.19976806640625  418.0
532.09130859375  531.0
286.743408203125  293.0
634.4700927734375  678.0
519.3573608398438  515.0
360.6011962890625  432.0
413.86041259765625  393.0
499.8807373046875  481.0
513.29638671875  520.0
407.25848388671875  388.0
497.49859619140625  488.0
566.0769653320312  508.0
502.94390869140625  581.0
MSE : 1820.3471718416781
MAPE : 6.969351958316431
R2 Score : 0.8951196730643096
time : 3964.1087088452186
