597.9215087890625  537.0
268.0129089355469  204.0
590.18408203125  545.0
386.3025207519531  318.0
571.1737060546875  526.0
327.9338684082031  349.0
532.8818969726562  509.0
319.4776916503906  316.0
390.4643859863281  363.0
301.1299133300781  226.0
590.10302734375  545.0
227.5300750732422  253.0
245.92413330078125  203.0
596.018310546875  619.0
270.6671142578125  270.0
209.86781311035156  215.0
392.7815856933594  401.0
225.03956604003906  235.0
593.8611450195312  549.0
367.4383850097656  407.0
340.3877868652344  380.0
305.6023864746094  199.0
394.6650695800781  353.0
592.2048950195312  528.0
589.7215576171875  593.0
349.81640625  344.0
529.484619140625  545.0
407.5917663574219  392.0
530.4791870117188  584.0
589.4974365234375  595.0
307.6961364746094  387.0
591.2338256835938  569.0
590.8106079101562  520.0
559.8345336914062  533.0
590.5812377929688  630.0
590.6600341796875  529.0
533.2196655273438  538.0
298.4627990722656  329.0
349.6802062988281  403.0
288.8893737792969  348.0
589.7760620117188  632.0
590.9963989257812  500.0
591.0810546875  618.0
589.4904174804688  560.0
324.1878356933594  304.0
344.5248718261719  366.0
590.380126953125  520.0
590.1146850585938  603.0
589.5424194335938  590.0
370.19390869140625  379.0
526.9152221679688  498.0
210.1011962890625  197.0
590.4205932617188  538.0
590.4939575195312  590.0
529.9376220703125  474.0
274.5548400878906  300.0
529.5302124023438  548.0
589.7202758789062  678.0
348.4156188964844  328.0
246.16502380371094  278.0
590.0540161132812  513.0
529.8851928710938  503.0
396.33074951171875  187.0
246.76515197753906  257.0
369.0732116699219  362.0
597.5704956054688  527.0
352.5867614746094  409.0
275.3331298828125  313.0
372.25225830078125  360.0
277.14794921875  323.0
593.7236938476562  531.0
278.6659240722656  249.0
595.4700927734375  490.0
387.6033020019531  385.0
530.0186157226562  521.0
591.4773559570312  626.0
310.41448974609375  272.0
566.6548461914062  606.0
354.834228515625  360.0
350.5799255371094  396.0
284.5705261230469  206.0
592.4618530273438  492.0
348.90618896484375  359.0
590.0305786132812  536.0
589.7225952148438  621.0
228.0882568359375  213.0
390.5093994140625  191.0
589.8984985351562  606.0
595.9254760742188  604.0
589.7877807617188  673.0
215.4914093017578  216.0
395.14178466796875  393.0
529.7136840820312  411.0
591.1952514648438  604.0
590.1287231445312  493.0
529.8805541992188  527.0
523.9197387695312  388.0
533.0327758789062  541.0
529.8966674804688  668.0
530.545166015625  500.0
MSE : 3296.0022978742745
MAPE : 11.553740239117277
R2 Score : 0.8282431450733115
time : 1481.0324979259894
