313.7064208984375  321.0
520.5548706054688  561.0
300.46826171875  315.0
387.1650390625  415.0
369.3976135253906  379.0
370.8206481933594  388.0
439.2049865722656  419.0
594.2141723632812  565.0
203.5633544921875  390.0
523.3029174804688  533.0
395.941650390625  324.0
520.8222045898438  513.0
526.315673828125  475.0
334.6236572265625  365.0
612.4296264648438  623.0
522.0371704101562  546.0
264.9365234375  211.0
612.5831298828125  763.0
452.1068115234375  478.0
520.7923583984375  522.0
268.76898193359375  229.0
527.2382202148438  578.0
609.8901977539062  678.0
522.2318725585938  538.0
521.2711791992188  493.0
387.788330078125  376.0
292.0010986328125  300.0
438.2144470214844  410.0
605.6163330078125  530.0
392.7568359375  359.0
525.4432373046875  490.0
609.6896362304688  668.0
601.7979736328125  559.0
527.7431030273438  519.0
209.32350158691406  221.0
254.8334197998047  240.0
396.21282958984375  389.0
296.28973388671875  319.0
438.4012451171875  407.0
260.40191650390625  251.0
369.8946533203125  385.0
205.57142639160156  203.0
523.0562744140625  502.0
520.3724365234375  526.0
522.0869140625  520.0
368.04083251953125  348.0
391.6156005859375  256.0
533.9635009765625  541.0
597.3086547851562  573.0
525.6115112304688  685.0
370.1636962890625  395.0
396.54229736328125  363.0
378.033447265625  384.0
392.7045593261719  380.0
612.2951049804688  638.0
389.2384033203125  360.0
380.1737060546875  363.0
373.0399475097656  348.0
306.0032043457031  329.0
322.5301513671875  293.0
566.3995971679688  560.0
573.0202026367188  626.0
520.5388793945312  500.0
531.0800170898438  520.0
281.93377685546875  249.0
438.40496826171875  422.0
379.699462890625  393.0
396.34442138671875  392.0
314.751708984375  324.0
612.01708984375  547.0
446.62109375  498.0
303.8313293457031  233.0
612.4296875  563.0
524.7569580078125  584.0
388.59613037109375  366.0
477.4210510253906  548.0
612.2374877929688  552.0
391.88555908203125  420.0
528.6629638671875  539.0
367.27032470703125  359.0
610.1467895507812  566.0
311.4937438964844  320.0
195.84046936035156  190.0
611.94580078125  763.0
522.8883666992188  554.0
246.51051330566406  254.0
194.1785430908203  204.0
499.7835998535156  493.0
520.8357543945312  523.0
381.8860778808594  333.0
559.6680297851562  559.0
566.8675537109375  544.0
606.9885864257812  763.0
521.3253784179688  500.0
393.34991455078125  394.0
389.1920166015625  420.0
330.14910888671875  311.0
214.4542999267578  218.0
549.6031494140625  493.0
553.37451171875  534.0
MSE : 2440.6659200217923
MAPE : 7.609518468009975
R2 Score : 0.8648874070995619
time : 1759.916349851992
