537.6756591796875  531.0
482.9768981933594  501.0
328.1904296875  378.0
349.398681640625  358.0
269.6052551269531  228.0
471.0858459472656  478.0
435.2588806152344  403.0
403.28326416015625  363.0
686.2885131835938  589.0
576.46484375  581.0
346.9796447753906  324.0
536.2669067382812  565.0
266.9117431640625  300.0
244.7572784423828  283.0
477.0628967285156  493.0
468.3641662597656  493.0
611.5540161132812  550.0
404.7334899902344  433.0
434.6424865722656  392.0
475.1380920410156  482.0
300.9964294433594  331.0
540.504638671875  550.0
243.12953186035156  286.0
242.4170684814453  251.0
519.034423828125  523.0
517.8718872070312  541.0
403.6902160644531  482.0
233.97657775878906  206.0
416.9232482910156  363.0
374.0123291015625  388.0
664.7559814453125  563.0
591.38720703125  552.0
378.7193908691406  350.0
541.4497680664062  536.0
330.671875  315.0
615.687255859375  633.0
508.7151184082031  488.0
491.6205749511719  494.0
528.6156616210938  519.0
224.4666748046875  293.0
598.5752563476562  535.0
592.2587890625  606.0
603.7258911132812  685.0
536.8070068359375  584.0
570.54541015625  565.0
398.8787536621094  362.0
500.2922058105469  505.0
320.3895263671875  284.0
539.0984497070312  534.0
498.0674743652344  363.0
208.16079711914062  197.0
553.0131225585938  555.0
502.4651184082031  507.0
488.22589111328125  467.0
190.27713012695312  195.0
259.4482116699219  251.0
543.530517578125  458.0
205.60861206054688  194.0
397.0959777832031  416.0
490.6915588378906  486.0
223.17129516601562  319.0
198.5399627685547  206.0
271.8704528808594  195.0
520.283447265625  529.0
210.28497314453125  171.0
377.9730224609375  187.0
549.061279296875  555.0
573.3658447265625  551.0
349.63397216796875  313.0
574.154052734375  650.0
513.912353515625  508.0
601.9419555664062  592.0
525.9044799804688  528.0
591.7318115234375  638.0
592.9219360351562  560.0
490.6229553222656  499.0
400.379150390625  432.0
554.8906860351562  538.0
545.4359130859375  599.0
422.6030578613281  360.0
594.5870971679688  563.0
185.5417022705078  152.0
514.847412109375  527.0
488.2665710449219  500.0
243.58604431152344  235.0
516.032958984375  503.0
220.08656311035156  207.0
569.6395874023438  539.0
482.6326599121094  481.0
556.4393920898438  573.0
489.8583068847656  503.0
559.1320190429688  557.0
632.826171875  632.0
415.2965393066406  430.0
332.61151123046875  333.0
576.9867553710938  603.0
399.0090637207031  348.0
397.0385437011719  385.0
245.87832641601562  205.0
614.5322875976562  630.0
MSE : 1848.1175075532403
MAPE : 8.388657993711146
R2 Score : 0.9004665995250339
time : 2102.43289127099
