305.0586853027344  321.0
527.1074829101562  561.0
348.73138427734375  315.0
376.21270751953125  415.0
398.0674133300781  379.0
381.9704895019531  388.0
429.5059509277344  419.0
551.7327270507812  565.0
287.3006896972656  390.0
530.7724609375  533.0
357.7095947265625  324.0
488.4635925292969  513.0
476.06103515625  475.0
312.47906494140625  365.0
622.6713256835938  623.0
506.6060791015625  546.0
212.73011779785156  211.0
652.7713012695312  763.0
419.2064514160156  478.0
487.882080078125  522.0
258.9835510253906  229.0
622.8952026367188  578.0
633.384521484375  678.0
550.4114990234375  538.0
488.87896728515625  493.0
342.590087890625  376.0
316.71014404296875  300.0
406.0981750488281  410.0
538.3096923828125  530.0
382.70086669921875  359.0
490.83575439453125  490.0
640.54296875  668.0
511.778076171875  559.0
505.431396484375  519.0
234.06796264648438  221.0
209.08570861816406  240.0
374.83306884765625  389.0
378.8907470703125  319.0
409.0890808105469  407.0
226.6284942626953  251.0
377.07623291015625  385.0
164.85836791992188  203.0
475.22247314453125  502.0
513.9298706054688  526.0
505.3379821777344  520.0
358.97723388671875  348.0
375.04827880859375  256.0
624.353759765625  541.0
555.4092407226562  573.0
590.0364379882812  685.0
411.64990234375  395.0
381.6725769042969  363.0
350.8465576171875  384.0
329.6398620605469  380.0
634.7437133789062  638.0
353.1927490234375  360.0
399.25433349609375  363.0
369.56396484375  348.0
346.378173828125  329.0
335.881103515625  293.0
534.611572265625  560.0
545.3081665039062  626.0
474.280029296875  500.0
530.351806640625  520.0
277.9123840332031  249.0
403.5146789550781  422.0
434.34429931640625  393.0
396.48968505859375  392.0
320.11279296875  324.0
622.0150756835938  547.0
435.3092956542969  498.0
299.98150634765625  233.0
580.6070556640625  563.0
541.3687744140625  584.0
357.2843933105469  366.0
433.3249206542969  548.0
595.571533203125  552.0
457.68743896484375  420.0
507.2189636230469  539.0
331.40313720703125  359.0
587.0230712890625  566.0
301.362548828125  320.0
200.26927185058594  190.0
655.7423706054688  763.0
553.041748046875  554.0
216.3489990234375  254.0
197.69569396972656  204.0
497.6067810058594  493.0
525.611572265625  523.0
344.5213623046875  333.0
538.7982177734375  559.0
538.6063232421875  544.0
652.5919799804688  763.0
486.4623718261719  500.0
406.3215026855469  394.0
401.41937255859375  420.0
358.406982421875  311.0
223.9313201904297  218.0
527.81689453125  493.0
535.6498413085938  534.0
MSE : 1714.6588306026301
MAPE : 7.237041687126379
R2 Score : 0.9050783646209614
time : 2655.6515858040657
