597.9384155273438  533.0
506.7376708984375  577.0
247.93190002441406  221.0
184.16134643554688  206.0
316.64947509765625  319.0
243.1655731201172  207.0
334.11834716796875  293.0
364.8577880859375  379.0
502.8590087890625  503.0
633.7886352539062  638.0
476.3436279296875  492.0
255.27159118652344  272.0
382.3263244628906  398.0
358.4485778808594  347.0
530.5084838867188  535.0
217.63436889648438  194.0
418.04913330078125  255.0
364.5123291015625  409.0
251.72723388671875  229.0
214.25732421875  196.0
531.1067504882812  545.0
482.1435241699219  478.0
500.24609375  529.0
219.6104736328125  171.0
354.1737060546875  373.0
500.4445495605469  523.0
537.7916870117188  563.0
481.2934875488281  473.0
224.55560302734375  208.0
344.1083679199219  378.0
595.3392333984375  569.0
372.71453857421875  520.0
409.102783203125  387.0
341.3499755859375  365.0
331.8028869628906  304.0
268.6612243652344  239.0
550.2048950195312  633.0
490.02935791015625  523.0
388.86444091796875  396.0
643.24072265625  670.0
304.2350158691406  358.0
495.2884216308594  500.0
315.701416015625  281.0
544.2925415039062  566.0
320.24560546875  373.0
476.26800537109375  507.0
387.2259521484375  366.0
572.4159545898438  621.0
524.5599365234375  538.0
266.6683654785156  278.0
355.5643005371094  363.0
498.500244140625  458.0
468.1380920410156  512.0
484.9369201660156  475.0
203.3270721435547  203.0
432.3067932128906  423.0
438.30810546875  411.0
237.52374267578125  209.0
577.3856201171875  584.0
482.1043701171875  493.0
395.9825744628906  377.0
355.2650451660156  360.0
541.1742553710938  552.0
576.9468994140625  590.0
488.1620788574219  502.0
534.9048461914062  549.0
299.1012268066406  283.0
261.53167724609375  268.0
502.22039794921875  363.0
500.173828125  508.0
662.9398193359375  590.0
328.0491638183594  319.0
336.37518310546875  482.0
533.6524047851562  584.0
531.7382202148438  566.0
526.4261474609375  541.0
503.0931396484375  513.0
390.6192932128906  433.0
514.0537109375  539.0
471.43292236328125  449.0
544.5789794921875  587.0
225.3993377685547  228.0
370.41693115234375  376.0
227.9598388671875  194.0
538.7792358398438  568.0
382.7742919921875  410.0
445.1884765625  419.0
477.234130859375  474.0
516.701416015625  569.0
650.7813110351562  547.0
371.3062744140625  373.0
539.0538940429688  494.0
481.1973571777344  481.0
258.4572448730469  293.0
498.6307067871094  520.0
494.87530517578125  512.0
316.0113830566406  330.0
218.47607421875  188.0
379.47637939453125  413.0
MSE : 1828.1649441920583
MAPE : 7.766259804106819
R2 Score : 0.8911489104443231
time : 1683.4527369081043
