513.2324829101562  537.0
193.72848510742188  204.0
551.3948974609375  545.0
375.7597961425781  318.0
547.167724609375  526.0
305.0607604980469  349.0
577.6752319335938  509.0
295.37982177734375  316.0
384.5094299316406  363.0
400.3163757324219  226.0
498.0847473144531  545.0
229.26797485351562  253.0
233.28073120117188  203.0
525.094970703125  619.0
303.3912658691406  270.0
194.34884643554688  215.0
396.870849609375  393.0
211.64523315429688  235.0
565.3174438476562  531.0
395.7055358886719  407.0
366.0826110839844  380.0
313.9958801269531  199.0
374.02484130859375  353.0
545.3967895507812  541.0
524.750732421875  678.0
390.586669921875  344.0
467.8393249511719  545.0
290.0883483886719  392.0
609.140380859375  584.0
561.9159545898438  595.0
411.5941467285156  387.0
573.9346313476562  604.0
501.8321533203125  520.0
518.08251953125  603.0
579.1198120117188  630.0
582.1185302734375  513.0
559.5549926757812  538.0
379.1617736816406  329.0
361.1756286621094  403.0
274.6336975097656  348.0
441.11883544921875  632.0
495.4237060546875  500.0
521.5101318359375  618.0
539.7142944335938  560.0
294.3798522949219  304.0
374.9624328613281  366.0
578.0921630859375  520.0
574.6138916015625  590.0
378.0046081542969  379.0
480.8795471191406  498.0
206.16293334960938  197.0
360.2054138183594  538.0
585.419189453125  590.0
502.48748779296875  474.0
310.11334228515625  300.0
430.5217590332031  548.0
348.3764953613281  328.0
289.5499572753906  278.0
551.2318725585938  527.0
335.74969482421875  187.0
228.54934692382812  257.0
371.9668273925781  362.0
540.4823608398438  527.0
380.7654113769531  409.0
357.9947509765625  313.0
398.6883850097656  360.0
349.0084533691406  323.0
256.4481201171875  249.0
509.82373046875  490.0
395.724365234375  385.0
501.2695007324219  521.0
568.9456787109375  626.0
218.8345947265625  272.0
577.4320068359375  606.0
397.3142395019531  360.0
366.1462707519531  396.0
187.907958984375  206.0
485.68634033203125  492.0
335.1537780761719  359.0
559.1590576171875  536.0
573.1860961914062  621.0
197.2003173828125  213.0
258.53607177734375  191.0
579.7401733398438  606.0
577.0117797851562  604.0
535.1617431640625  673.0
204.6725616455078  216.0
426.2651672363281  411.0
534.58935546875  493.0
479.4388732910156  388.0
644.2761840820312  668.0
508.8525695800781  500.0
MSE : 3464.153523125962
MAPE : 10.868715571109757
R2 Score : 0.825796303299504
time : 1587.7106024770037
