581.3519287109375  539.0
590.686279296875  668.0
362.3027038574219  415.0
301.91888427734375  330.0
289.78936767578125  259.0
416.0682067871094  411.0
389.53143310546875  324.0
468.8094177246094  493.0
216.9713897705078  152.0
602.7040405273438  551.0
506.8923034667969  493.0
375.25225830078125  403.0
515.3743896484375  505.0
223.49789428710938  216.0
508.29229736328125  503.0
515.5853271484375  494.0
563.0348510742188  539.0
413.3805236816406  410.0
226.2007598876953  195.0
411.4778747558594  432.0
360.8973083496094  360.0
217.31216430664062  221.0
612.45947265625  560.0
537.0667724609375  578.0
303.44818115234375  321.0
302.7680969238281  387.0
295.50726318359375  251.0
402.631591796875  374.0
398.5577392578125  392.0
592.6041259765625  623.0
390.34686279296875  384.0
393.9947814941406  377.0
537.7345581054688  517.0
298.66973876953125  240.0
545.8604736328125  531.0
303.33868408203125  378.0
523.808349609375  532.0
214.19126892089844  253.0
302.74468994140625  249.0
536.9061279296875  543.0
301.1455993652344  270.0
406.8925476074219  440.0
243.00489807128906  219.0
394.2583312988281  416.0
314.95159912109375  363.0
551.1033325195312  685.0
405.0863952636719  406.0
301.28594970703125  330.0
212.3364715576172  390.0
304.4582824707031  378.0
224.7281951904297  204.0
304.3804931640625  366.0
521.8325805664062  520.0
390.91448974609375  363.0
500.26220703125  484.0
606.5989379882812  537.0
444.5046691894531  545.0
589.4056396484375  583.0
303.045166015625  199.0
304.1236877441406  348.0
413.815673828125  423.0
304.8014831542969  380.0
570.307861328125  599.0
214.64382934570312  218.0
217.32923889160156  293.0
537.4805908203125  528.0
303.3536682128906  335.0
591.1844482421875  656.0
509.5531311035156  459.0
595.21142578125  545.0
312.41900634765625  314.0
505.8621826171875  507.0
498.8571472167969  419.0
372.223876953125  386.0
455.3685607910156  273.0
590.912353515625  547.0
500.37750244140625  482.0
501.20062255859375  501.0
433.7998352050781  419.0
386.6569519042969  433.0
530.8817138671875  533.0
603.2014770507812  678.0
600.3720703125  562.0
556.1717529296875  549.0
588.8510131835938  673.0
572.9381103515625  522.0
598.4639282226562  550.0
301.2357177734375  257.0
326.020751953125  343.0
531.2897338867188  497.0
613.7577514648438  589.0
408.1058044433594  505.0
216.912841796875  225.0
396.4855651855469  473.0
253.15736389160156  213.0
398.1462097167969  395.0
401.45867919921875  344.0
227.433837890625  268.0
543.4883422851562  669.0
501.1453857421875  518.0
MSE : 2801.827990878401
MAPE : 10.378591747826869
R2 Score : 0.835105750821148
time : 1540.342602014076
