541.5653076171875  548.0
581.857666015625  569.0
509.0759582519531  488.0
426.48455810546875  419.0
488.5630798339844  513.0
544.9259643554688  577.0
170.21368408203125  130.0
498.9181823730469  486.0
423.3757629394531  411.0
421.6801452636719  478.0
645.5535888671875  672.0
266.1918029785156  270.0
292.1546325683594  331.0
317.2439270019531  316.0
553.858154296875  538.0
243.65365600585938  345.0
245.1793670654297  260.0
267.4776306152344  268.0
495.5391540527344  459.0
561.191162109375  520.0
286.1190490722656  269.0
570.4797973632812  552.0
482.5836486816406  482.0
391.4479064941406  392.0
191.04566955566406  173.0
353.7599792480469  394.0
284.5377197265625  425.0
232.3338165283203  293.0
264.6400451660156  255.0
528.8333129882812  478.0
596.4511108398438  763.0
568.9933471679688  615.0
237.16285705566406  220.0
186.97903442382812  194.0
532.7427978515625  534.0
501.3854064941406  523.0
330.9132385253906  373.0
336.0995178222656  323.0
184.864013671875  213.0
296.41851806640625  266.0
567.7149658203125  577.0
647.0059204101562  583.0
606.6883544921875  578.0
620.2068481445312  658.0
364.527587890625  416.0
602.1800537109375  574.0
563.8275756835938  541.0
552.8900146484375  458.0
287.7931823730469  390.0
523.8834838867188  493.0
535.108642578125  549.0
534.9132080078125  584.0
579.3624267578125  563.0
583.579833984375  569.0
549.59033203125  581.0
246.20632934570312  223.0
406.9798278808594  388.0
264.5580139160156  272.0
552.6615600585938  538.0
379.1221008300781  363.0
544.3818969726562  568.0
655.2579956054688  658.0
484.83026123046875  419.0
558.3125610351562  765.0
398.9403991699219  410.0
328.2413330078125  418.0
386.3545227050781  360.0
244.58084106445312  253.0
592.080322265625  600.0
326.2576904296875  335.0
183.0907745361328  190.0
561.4191284179688  590.0
378.950439453125  333.0
348.0657958984375  333.0
532.8372802734375  527.0
570.1710205078125  580.0
531.180419921875  533.0
595.64453125  685.0
574.7540893554688  603.0
581.241943359375  562.0
521.2000122070312  493.0
423.6422424316406  397.0
334.8917541503906  330.0
342.7510681152344  321.0
231.9090576171875  213.0
480.1198425292969  478.0
205.0539093017578  192.0
329.6408386230469  388.0
569.7271728515625  587.0
532.7724609375  493.0
537.377197265625  539.0
336.7568359375  347.0
450.6094055175781  373.0
356.6656188964844  378.0
466.73956298828125  503.0
MSE : 2185.78739338353
MAPE : 7.42753129381333
R2 Score : 0.8909837965501781
time : 2340.4057296569954
