562.1238403320312  566.0
573.224365234375  493.0
533.5154418945312  486.0
360.8182373046875  402.0
522.25732421875  533.0
197.2718048095703  228.0
602.135498046875  685.0
600.6021118164062  517.0
312.3324279785156  344.0
599.994140625  630.0
532.1504516601562  512.0
225.832763671875  360.0
299.1858215332031  324.0
429.9482727050781  420.0
527.8045654296875  467.0
600.3994750976562  529.0
535.15576171875  499.0
448.6207275390625  349.0
470.2811279296875  327.0
601.7040405273438  527.0
601.61328125  616.0
594.42431640625  544.0
513.3970336914062  545.0
422.4315185546875  387.0
449.669189453125  475.0
568.764892578125  497.0
344.1057434082031  251.0
463.4671325683594  363.0
530.5650024414062  618.0
532.8818359375  474.0
223.8304443359375  190.0
598.8711547851562  530.0
471.6751708984375  503.0
542.9125366210938  603.0
385.9189147949219  328.0
585.95556640625  616.0
544.6395874023438  495.0
573.6925659179688  490.0
512.05322265625  520.0
503.27313232421875  685.0
597.6936645507812  528.0
209.51251220703125  207.0
593.4142456054688  580.0
518.0664672851562  433.0
534.8001708984375  363.0
601.5772705078125  520.0
286.3913269042969  218.0
338.25830078125  304.0
601.7764282226562  562.0
602.0712280273438  649.0
599.0430297851562  531.0
311.5767517089844  228.0
219.26560974121094  171.0
502.7590026855469  459.0
601.8490600585938  580.0
539.6331787109375  578.0
596.8148803710938  508.0
527.2963256835938  618.0
323.4559631347656  278.0
253.5877227783203  293.0
226.2321014404297  188.0
468.9128723144531  380.0
601.9089965820312  613.0
421.090576171875  421.0
267.021484375  267.0
1.0770635604858398  319.0
515.3421630859375  518.0
600.0007934570312  560.0
419.6167297363281  350.0
512.98193359375  519.0
512.5277099609375  563.0
287.43853759765625  251.0
328.0372619628906  325.0
52.45744323730469  313.0
179.10250854492188  397.0
311.96844482421875  259.0
145.20364379882812  130.0
280.75054931640625  265.0
270.8809509277344  373.0
598.833251953125  493.0
503.6382141113281  560.0
477.17108154296875  368.0
408.8205871582031  379.0
327.1867980957031  347.0
176.67311096191406  273.0
594.6669311523438  541.0
600.5524291992188  563.0
548.9205322265625  503.0
209.5952606201172  213.0
358.208740234375  329.0
359.2884216308594  348.0
367.4345397949219  363.0
583.4267578125  565.0
MSE : 6244.0292514110615
MAPE : 15.058881154254466
R2 Score : 0.6541924220389932
time : 439.38425947201904
