496.37713623046875  546.0
500.6015625  473.0
276.3905029296875  206.0
408.54461669921875  403.0
559.527099609375  552.0
548.8565063476562  649.0
314.12939453125  329.0
243.26071166992188  228.0
513.6734008789062  519.0
571.6746826171875  653.0
525.66650390625  490.0
593.7169799804688  678.0
597.73095703125  621.0
537.3757934570312  530.0
559.9671020507812  566.0
270.47418212890625  204.0
403.57501220703125  384.0
561.8228759765625  581.0
495.3131103515625  518.0
525.935546875  491.0
565.5047607421875  563.0
552.271484375  551.0
385.3992614746094  418.0
294.12554931640625  308.0
339.0359191894531  251.0
567.8375244140625  563.0
439.36199951171875  419.0
198.90672302246094  152.0
527.0389404296875  488.0
543.533935546875  517.0
582.9625244140625  668.0
547.7679443359375  615.0
240.50035095214844  221.0
291.79119873046875  387.0
384.81060791015625  355.0
384.0364685058594  256.0
395.6506042480469  482.0
500.81768798828125  673.0
274.0911865234375  233.0
407.575927734375  315.0
562.0126342773438  573.0
517.5511474609375  493.0
257.0730895996094  249.0
568.6351318359375  530.0
333.4991760253906  324.0
498.114501953125  495.0
501.071044921875  658.0
595.8529663085938  587.0
596.3482666015625  569.0
210.7696990966797  194.0
561.8174438476562  615.0
407.917236328125  409.0
419.7125244140625  397.0
559.3989868164062  539.0
498.27105712890625  508.0
562.1270751953125  590.0
398.991943359375  373.0
524.1541137695312  401.0
554.25537109375  545.0
420.167236328125  419.0
595.2662353515625  590.0
559.875732421875  569.0
333.4022216796875  283.0
504.33978271484375  583.0
389.34674072265625  379.0
250.80824279785156  331.0
595.6134033203125  589.0
407.3844299316406  475.0
498.00946044921875  485.0
207.27684020996094  235.0
537.153076171875  537.0
605.9663696289062  626.0
470.806396484375  503.0
421.32440185546875  388.0
236.76153564453125  253.0
500.54144287109375  503.0
526.3048095703125  532.0
496.66876220703125  470.0
509.8529052734375  529.0
419.3564453125  344.0
321.26336669921875  358.0
223.31602478027344  209.0
495.54595947265625  488.0
547.445556640625  550.0
321.56195068359375  378.0
259.3045654296875  270.0
393.3507385253906  473.0
358.55731201171875  378.0
596.7073974609375  658.0
404.14306640625  418.0
319.30322265625  301.0
395.61749267578125  363.0
605.7539672851562  603.0
571.3367309570312  568.0
424.44580078125  449.0
221.25038146972656  216.0
395.0931701660156  378.0
374.3019104003906  359.0
377.8601989746094  384.0
550.9169921875  556.0
MSE : 2384.659117250142
MAPE : 8.54573093132561
R2 Score : 0.8680044432540619
time : 1466.3068434600718
