507.85076904296875  502.0
516.6954345703125  520.0
558.8802490234375  555.0
171.07608032226562  207.0
184.2034912109375  194.0
380.3526306152344  386.0
505.81573486328125  473.0
324.120361328125  347.0
500.532958984375  484.0
617.2620849609375  565.0
246.57958984375  257.0
535.0256958007812  523.0
553.2493896484375  763.0
447.7264709472656  457.0
412.541748046875  420.0
325.1720886230469  267.0
377.953369140625  379.0
499.0391540527344  488.0
222.3741912841797  240.0
507.15716552734375  520.0
514.7147827148438  600.0
644.0938720703125  583.0
361.97821044921875  378.0
197.90017700195312  188.0
553.4609375  560.0
337.2273864746094  318.0
547.331787109375  551.0
227.7310333251953  228.0
194.2614288330078  192.0
381.02911376953125  420.0
406.8957824707031  433.0
628.1925048828125  618.0
520.3285522460938  523.0
566.1715698242188  545.0
182.08970642089844  273.0
343.987060546875  315.0
299.7956848144531  366.0
329.58636474609375  295.0
618.2399291992188  672.0
581.2927856445312  668.0
265.6397705078125  323.0
401.8075256347656  318.0
626.8060913085938  568.0
509.8151550292969  474.0
395.81884765625  393.0
223.69898986816406  206.0
506.1492919921875  484.0
379.4808654785156  392.0
386.7740173339844  394.0
386.59942626953125  409.0
540.9306030273438  599.0
536.1712646484375  537.0
299.15899658203125  344.0
387.78997802734375  377.0
216.2641143798828  272.0
373.4810485839844  329.0
372.3116760253906  415.0
522.5626831054688  557.0
655.981689453125  765.0
212.6179962158203  213.0
318.4660339355469  293.0
397.11114501953125  395.0
192.5369415283203  194.0
440.5107116699219  520.0
216.9636688232422  293.0
231.64085388183594  213.0
618.7425537109375  621.0
471.4498596191406  503.0
502.7400817871094  500.0
527.31591796875  584.0
549.1620483398438  538.0
695.6622924804688  643.0
355.12646484375  315.0
297.6639404296875  233.0
196.18893432617188  190.0
459.77392578125  419.0
330.9033203125  378.0
367.7376403808594  355.0
616.2615966796875  678.0
505.203369140625  505.0
536.6854858398438  559.0
550.1185913085938  517.0
534.9437866210938  542.0
320.8798828125  324.0
243.83253479003906  217.0
336.6033020019531  187.0
564.0306396484375  567.0
565.8804321289062  575.0
672.3399658203125  563.0
510.53118896484375  470.0
508.74932861328125  500.0
468.7184753417969  505.0
518.2191162109375  536.0
509.6144714355469  600.0
364.03607177734375  353.0
628.1202392578125  624.0
MSE : 2276.296648413843
MAPE : 8.245077046488237
R2 Score : 0.891350826850895
time : 908.8271377878264
