564.2095947265625  533.0
559.3324584960938  577.0
206.4242706298828  221.0
216.88023376464844  206.0
330.9723815917969  319.0
193.91024780273438  207.0
308.68487548828125  293.0
348.0302429199219  379.0
512.7088623046875  503.0
610.763427734375  638.0
477.06829833984375  492.0
220.749755859375  272.0
364.07305908203125  398.0
360.1434631347656  347.0
534.9868774414062  535.0
189.02056884765625  194.0
221.85989379882812  255.0
375.7434997558594  409.0
252.57029724121094  229.0
205.2877655029297  196.0
518.183837890625  545.0
495.05291748046875  478.0
516.1900024414062  529.0
215.32940673828125  171.0
362.8753662109375  373.0
498.6164245605469  523.0
539.7671508789062  563.0
492.8072204589844  473.0
217.7418212890625  208.0
371.232177734375  378.0
599.3119506835938  569.0
443.5682373046875  520.0
383.35858154296875  387.0
315.26629638671875  365.0
288.240234375  304.0
246.14031982421875  239.0
701.1945190429688  633.0
512.2381591796875  523.0
385.2040100097656  396.0
614.2634887695312  670.0
243.39935302734375  358.0
495.0805969238281  500.0
280.1216125488281  281.0
571.3187255859375  566.0
306.7310791015625  373.0
492.07977294921875  507.0
394.32574462890625  366.0
598.3316650390625  621.0
531.6246337890625  538.0
260.04339599609375  278.0
361.2457275390625  363.0
559.3355102539062  458.0
505.4144287109375  512.0
484.2590637207031  475.0
190.8816375732422  203.0
417.8768615722656  423.0
449.6698913574219  411.0
211.94241333007812  209.0
573.9745483398438  584.0
595.2254028320312  493.0
384.3534851074219  377.0
358.2679443359375  360.0
545.4889526367188  552.0
560.098388671875  590.0
494.132080078125  502.0
558.75341796875  549.0
257.8409423828125  283.0
268.3620300292969  268.0
392.9041442871094  363.0
504.23211669921875  508.0
548.9119262695312  590.0
340.9891357421875  319.0
363.93634033203125  482.0
569.0845947265625  584.0
550.9786376953125  566.0
524.810546875  541.0
504.1488342285156  513.0
391.8894958496094  433.0
541.9509887695312  539.0
496.9192199707031  449.0
551.645751953125  587.0
218.9421844482422  228.0
363.1187744140625  376.0
197.77108764648438  194.0
556.2747192382812  568.0
373.01043701171875  410.0
417.2205505371094  419.0
495.65643310546875  474.0
539.7719116210938  569.0
610.4192504882812  547.0
348.7353515625  373.0
487.80682373046875  494.0
497.4328308105469  481.0
263.0954895019531  293.0
523.3157348632812  520.0
513.11328125  512.0
330.9938049316406  330.0
195.47085571289062  188.0
350.86102294921875  413.0
MSE : 1143.894083306311
MAPE : 5.840278844422652
R2 Score : 0.9318912017759906
time : 1618.8107689300086
