514.7791748046875  508.0
589.0645141601562  560.0
472.42889404296875  503.0
397.3997802734375  403.0
513.741455078125  534.0
563.8104858398438  552.0
571.9580078125  544.0
225.95399475097656  205.0
377.4041748046875  319.0
191.29446411132812  223.0
513.6755981445312  486.0
513.2282104492188  474.0
336.66497802734375  360.0
595.9923706054688  606.0
197.5594940185547  293.0
564.3975219726562  529.0
402.8533630371094  387.0
512.1630249023438  485.0
489.9931945800781  374.0
282.9162292480469  432.0
455.4552307128906  519.0
561.0269165039062  672.0
176.67066955566406  221.0
229.5690155029297  213.0
389.5788879394531  388.0
590.959228515625  569.0
590.9678955078125  562.0
517.76806640625  493.0
578.4796142578125  539.0
385.5592956542969  387.0
446.27984619140625  457.0
501.1227722167969  539.0
301.74761962890625  308.0
358.229248046875  345.0
298.5609436035156  345.0
586.71337890625  579.0
165.0290985107422  213.0
548.0083618164062  525.0
510.70953369140625  581.0
593.572265625  538.0
369.5718994140625  347.0
556.7937622070312  650.0
309.916015625  319.0
602.7330322265625  567.0
515.668212890625  529.0
230.70147705078125  197.0
567.4104614257812  566.0
539.957763671875  673.0
377.8814697265625  409.0
418.9200134277344  378.0
396.68310546875  363.0
283.76751708984375  320.0
365.5243225097656  386.0
658.2470703125  618.0
509.85028076171875  484.0
591.1806640625  562.0
590.46240234375  616.0
505.7542419433594  488.0
357.1849060058594  359.0
504.8897705078125  513.0
423.1034851074219  363.0
434.139892578125  374.0
309.2847595214844  416.0
384.0790100097656  366.0
579.3845825195312  555.0
355.6571350097656  333.0
508.7083435058594  503.0
227.28419494628906  213.0
479.76361083984375  500.0
444.469482421875  493.0
396.5360412597656  411.0
592.0941772460938  563.0
585.0582275390625  566.0
514.8885498046875  481.0
615.768310546875  580.0
589.2299194335938  643.0
511.7104797363281  500.0
229.62850952148438  208.0
504.680419921875  522.0
377.3073425292969  373.0
283.44805908203125  348.0
287.18609619140625  324.0
353.56298828125  362.0
513.3048706054688  491.0
586.1135864257812  550.0
554.81640625  541.0
267.13543701171875  311.0
620.5459594726562  616.0
566.0872802734375  525.0
657.8185424804688  670.0
200.53509521484375  221.0
515.1583251953125  559.0
583.5186767578125  575.0
167.16354370117188  192.0
555.95361328125  545.0
353.60107421875  355.0
274.6938781738281  315.0
513.470703125  472.0
376.1912841796875  420.0
MSE : 1865.7574610410568
MAPE : 7.94673516145987
R2 Score : 0.8807994065769619
time : 901.9796594078653
