541.3726196289062  531.0
493.9281921386719  501.0
358.0422058105469  378.0
383.9065246582031  358.0
254.18638610839844  228.0
435.7440185546875  478.0
424.102783203125  403.0
406.6959228515625  363.0
535.5961303710938  589.0
572.5081176757812  581.0
378.4461975097656  324.0
542.0142211914062  565.0
220.49618530273438  300.0
268.062255859375  283.0
547.6212768554688  493.0
564.5835571289062  493.0
610.284912109375  550.0
381.1444396972656  433.0
427.61669921875  392.0
517.0125122070312  482.0
440.63922119140625  331.0
540.4157104492188  550.0
216.76492309570312  286.0
221.17184448242188  251.0
546.0523681640625  523.0
540.805419921875  541.0
410.5692443847656  482.0
229.5462646484375  206.0
436.06304931640625  363.0
391.2673645019531  388.0
663.9645385742188  563.0
603.552001953125  552.0
364.396484375  350.0
574.8423461914062  536.0
262.1523132324219  315.0
547.841552734375  633.0
546.5533447265625  488.0
562.5673217773438  494.0
528.78662109375  519.0
206.18812561035156  293.0
571.3179931640625  535.0
623.13623046875  606.0
625.158203125  685.0
536.9961547851562  584.0
615.9210815429688  565.0
385.8233947753906  362.0
542.7606201171875  505.0
260.5403747558594  284.0
572.6561889648438  534.0
545.4707641601562  363.0
205.83773803710938  197.0
548.94775390625  555.0
501.6492614746094  507.0
498.64837646484375  467.0
212.82614135742188  195.0
280.8781433105469  251.0
476.0196533203125  458.0
205.9013671875  194.0
403.30743408203125  416.0
557.1732177734375  486.0
207.1102294921875  319.0
218.88760375976562  206.0
254.4322052001953  195.0
581.2957763671875  529.0
205.2157440185547  171.0
334.41790771484375  187.0
546.767333984375  555.0
545.1875  551.0
344.6806335449219  313.0
573.0194091796875  650.0
503.6805725097656  508.0
634.2022705078125  592.0
540.8027954101562  528.0
626.741943359375  638.0
610.1681518554688  560.0
574.6815185546875  499.0
373.01177978515625  432.0
572.4248046875  538.0
557.5503540039062  599.0
414.9065246582031  360.0
616.1422729492188  563.0
207.4865264892578  152.0
518.271728515625  527.0
511.60833740234375  500.0
213.09359741210938  235.0
518.220947265625  503.0
206.8139190673828  207.0
562.1275024414062  539.0
597.5991821289062  481.0
584.5870361328125  573.0
532.9378051757812  503.0
544.4387817382812  557.0
618.6167602539062  632.0
382.654052734375  430.0
321.90081787109375  333.0
624.497802734375  603.0
364.9500427246094  348.0
407.7992858886719  385.0
206.83457946777344  205.0
634.9802856445312  630.0
MSE : 2556.288183136822
MAPE : 10.250656786226402
R2 Score : 0.8623269059344426
time : 1764.6890258259955
