497.7231750488281  475.0
276.5137023925781  226.0
242.01161193847656  229.0
328.2240905761719  333.0
231.7216339111328  220.0
521.6409912109375  411.0
513.235107421875  497.0
510.1026306152344  505.0
523.53955078125  530.0
405.4885559082031  422.0
532.800537109375  561.0
568.908935546875  593.0
575.4227294921875  563.0
555.3526611328125  584.0
395.6147155761719  467.0
223.90443420410156  206.0
562.7637329101562  564.0
541.71533203125  580.0
389.1295471191406  360.0
220.7437744140625  203.0
329.9485168457031  330.0
484.8659973144531  493.0
474.7018127441406  479.0
575.8102416992188  538.0
559.096435546875  566.0
220.9764404296875  323.0
222.67222595214844  130.0
480.477783203125  260.0
568.5784912109375  546.0
394.4241638183594  482.0
418.9933166503906  420.0
221.01492309570312  173.0
355.6998596191406  363.0
511.6313171386719  527.0
245.93572998046875  191.0
241.81068420410156  211.0
529.645263671875  549.0
620.9373779296875  615.0
547.5458984375  584.0
319.9309997558594  360.0
586.2425537109375  546.0
364.8034973144531  360.0
395.5584411621094  393.0
373.6558532714844  374.0
552.2688598632812  551.0
207.11317443847656  194.0
582.8162231445312  565.0
628.4864501953125  670.0
478.8898010253906  500.0
246.1556854248047  257.0
507.60498046875  541.0
570.302734375  568.0
458.2326965332031  498.0
499.3009338378906  457.0
344.3580017089844  325.0
207.4960174560547  188.0
215.5336151123047  213.0
377.45855712890625  272.0
320.2181091308594  187.0
535.7828979492188  517.0
377.3955383300781  433.0
323.5802307128906  390.0
548.8699951171875  550.0
532.4429931640625  520.0
324.2166442871094  324.0
404.2315979003906  410.0
244.56874084472656  302.0
551.3580322265625  526.0
538.3323974609375  494.0
576.2569580078125  624.0
310.82958984375  267.0
514.0970458984375  508.0
584.8074951171875  550.0
240.58160400390625  259.0
271.5039978027344  313.0
580.4896240234375  566.0
568.308837890625  562.0
326.6302795410156  345.0
249.53565979003906  218.0
530.06982421875  525.0
247.21295166015625  251.0
223.1324005126953  152.0
323.5965270996094  348.0
506.0436706542969  599.0
582.6229248046875  563.0
334.6392517089844  378.0
554.8159790039062  554.0
520.4266357421875  508.0
300.67669677734375  333.0
388.4456481933594  359.0
352.4798889160156  386.0
473.0470886230469  470.0
373.6524353027344  377.0
517.4873657226562  519.0
574.8798217773438  618.0
212.2033233642578  207.0
382.0216369628906  421.0
543.609130859375  522.0
535.0819702148438  535.0
404.0801086425781  319.0
MSE : 2064.1509503575253
MAPE : 9.574259235206327
R2 Score : 0.89175624963056
time : 4694.773929079995
