539.7424926757812  549.0
536.5546264648438  479.0
545.0823974609375  546.0
536.1956176757812  472.0
404.5068359375  390.0
540.8109130859375  555.0
568.31396484375  577.0
507.6688232421875  493.0
412.60821533203125  419.0
561.9786987304688  607.0
541.1265258789062  590.0
420.17291259765625  419.0
527.3883666992188  523.0
553.2329711914062  580.0
427.9858093261719  505.0
532.9336547851562  556.0
293.90283203125  315.0
251.89114379882812  205.0
279.9820251464844  191.0
542.9877319335938  529.0
535.9469604492188  599.0
565.3035888671875  656.0
245.36224365234375  233.0
322.9317932128906  315.0
533.6514282226562  497.0
325.7509460449219  330.0
545.2026977539062  539.0
525.3391723632812  520.0
246.297119140625  348.0
557.4343872070312  567.0
416.185546875  430.0
646.7267456054688  638.0
538.25048828125  502.0
544.0866088867188  493.0
617.0315551757812  673.0
412.1968078613281  403.0
387.9603271484375  333.0
531.8893432617188  488.0
275.0791931152344  333.0
376.0384216308594  226.0
549.1304321289062  554.0
532.4390869140625  530.0
405.2052307128906  410.0
536.0816650390625  542.0
404.81610107421875  358.0
539.6199951171875  459.0
208.01419067382812  197.0
568.6468505859375  539.0
547.4590454101562  557.0
199.94070434570312  215.0
529.8822021484375  546.0
541.4337158203125  503.0
269.017578125  344.0
597.0509643554688  615.0
563.1392211914062  668.0
230.0156707763672  254.0
396.488525390625  393.0
284.99810791015625  253.0
537.3339233398438  478.0
210.0032958984375  216.0
229.0144805908203  203.0
542.5576171875  584.0
278.95709228515625  286.0
325.62921142578125  293.0
553.4287719726562  566.0
224.54306030273438  225.0
545.2654418945312  550.0
548.3507080078125  613.0
359.2634582519531  260.0
432.0490417480469  459.0
176.38809204101562  130.0
532.3001708984375  552.0
550.8617553710938  522.0
529.7796630859375  574.0
438.460693359375  493.0
269.8499755859375  217.0
410.3117370605469  475.0
542.7819213867188  530.0
590.3519897460938  618.0
327.8736572265625  348.0
538.1981811523438  554.0
372.718505859375  324.0
369.61761474609375  328.0
362.21051025390625  389.0
210.40658569335938  213.0
371.1739807128906  402.0
382.18798828125  377.0
655.1206665039062  595.0
258.95965576171875  293.0
252.26002502441406  251.0
427.5991516113281  360.0
328.75115966796875  378.0
543.30859375  626.0
435.28948974609375  520.0
442.0685119628906  548.0
426.71844482421875  440.0
206.10317993164062  366.0
549.29248046875  616.0
MSE : 2402.0152610364175
MAPE : 9.513139900092051
R2 Score : 0.871694589567855
time : 553.3711248480104
