524.5016479492188  668.0
332.8965148925781  379.0
397.7017822265625  379.0
500.13421630859375  563.0
485.34039306640625  580.0
299.7214050292969  320.0
512.1618041992188  589.0
601.4920043945312  552.0
397.407470703125  374.0
196.3693389892578  390.0
218.56704711914062  219.0
169.72354125976562  199.0
326.354736328125  321.0
202.46548461914062  203.0
392.28375244140625  384.0
636.1018676757812  658.0
631.6355590820312  656.0
260.9324645996094  249.0
502.61566162109375  494.0
385.6065979003906  389.0
405.756103515625  378.0
452.7240295410156  650.0
567.8189086914062  541.0
582.4859619140625  563.0
632.9873657226562  630.0
570.7918701171875  543.0
397.6942138671875  318.0
567.173583984375  493.0
595.9923706054688  557.0
320.3768615722656  233.0
494.1970520019531  539.0
211.31875610351562  213.0
568.193115234375  539.0
474.7576904296875  508.0
390.28564453125  398.0
221.820068359375  228.0
547.4264526367188  653.0
271.68463134765625  324.0
531.1146240234375  490.0
488.8526306152344  584.0
530.7166137695312  615.0
389.069091796875  385.0
385.8330993652344  363.0
488.87530517578125  522.0
506.4337463378906  536.0
394.504638671875  368.0
473.14971923828125  765.0
574.028564453125  255.0
257.13494873046875  253.0
513.1803588867188  567.0
204.5777130126953  215.0
570.6306762695312  560.0
488.1685791015625  481.0
449.71343994140625  548.0
492.142578125  566.0
322.44744873046875  205.0
376.2002868652344  421.0
228.8861846923828  253.0
406.23309326171875  430.0
568.4697265625  616.0
503.7831726074219  495.0
265.7035827636719  344.0
507.64581298828125  474.0
404.57843017578125  360.0
564.7081298828125  563.0
520.4351806640625  763.0
247.4109649658203  302.0
342.7636413574219  330.0
192.6261444091797  192.0
578.403076171875  484.0
346.5771789550781  376.0
199.03526306152344  243.0
248.32510375976562  283.0
504.5810241699219  515.0
327.6305847167969  378.0
229.60781860351562  311.0
398.37506103515625  386.0
369.2986145019531  265.0
636.7164306640625  618.0
361.3417053222656  300.0
189.17710876464844  213.0
315.447998046875  217.0
512.9011840820312  773.0
332.31170654296875  423.0
381.11822509765625  355.0
496.97235107421875  512.0
533.65869140625  563.0
509.9416809082031  512.0
472.8043212890625  669.0
436.3682861328125  505.0
527.5716552734375  260.0
395.5619201660156  401.0
378.2382507324219  424.0
500.69281005859375  457.0
346.3775329589844  396.0
239.9864501953125  319.0
574.593017578125  670.0
475.1138916015625  562.0
496.5916442871094  559.0
563.9684448242188  526.0
MSE : 7571.593334672877
MAPE : 13.913027683748572
R2 Score : 0.6538280827312624
time : 1012.0706847719848
