352.7380065917969  355.0
335.9984436035156  373.0
511.5939636230469  539.0
389.90484619140625  337.0
563.5629272460938  552.0
533.091796875  523.0
623.3138427734375  493.0
504.01171875  470.0
234.03126525878906  243.0
613.6094360351562  618.0
359.3744201660156  360.0
535.345703125  503.0
241.7042236328125  229.0
592.992431640625  543.0
423.8194580078125  411.0
569.64794921875  566.0
528.8128662109375  538.0
358.7774353027344  386.0
585.8230590820312  546.0
270.7702331542969  323.0
321.1378479003906  378.0
525.2166748046875  519.0
295.8349304199219  311.0
531.3551025390625  533.0
418.4889831542969  403.0
525.873291015625  557.0
244.9576873779297  206.0
382.1195068359375  416.0
213.76600646972656  220.0
521.3732299804688  449.0
624.0953369140625  654.0
258.98193359375  283.0
359.5265197753906  333.0
592.6326904296875  554.0
409.7850646972656  401.0
552.7879638671875  512.0
246.77639770507812  171.0
439.051513671875  444.0
590.8900146484375  561.0
623.2733154296875  623.0
344.4338684082031  298.0
534.27490234375  488.0
354.3211364746094  420.0
386.23223876953125  358.0
216.45391845703125  194.0
461.9839782714844  459.0
551.981201171875  569.0
495.6399841308594  475.0
329.8051452636719  265.0
222.31341552734375  192.0
598.3228759765625  566.0
224.3520965576172  196.0
306.0858459472656  199.0
614.7100830078125  563.0
596.3416137695312  563.0
520.3113403320312  541.0
442.8900451660156  505.0
381.6142578125  374.0
343.5245056152344  467.0
246.11158752441406  272.0
229.30833435058594  223.0
532.260498046875  600.0
519.4782104492188  484.0
364.5427551269531  415.0
277.16253662109375  281.0
500.11981201171875  501.0
545.6851806640625  490.0
596.6010131835938  539.0
508.7193908691406  508.0
573.23974609375  573.0
564.7109375  492.0
327.6572570800781  316.0
579.966064453125  520.0
569.4257202148438  508.0
172.994873046875  199.0
400.2618103027344  424.0
354.6430969238281  378.0
574.055419921875  444.0
417.83642578125  411.0
568.3145751953125  545.0
479.733154296875  503.0
594.9320678710938  673.0
380.0069274902344  363.0
398.7535705566406  395.0
273.7782287597656  253.0
247.37159729003906  272.0
369.2267150878906  433.0
301.77301025390625  284.0
589.5699462890625  593.0
354.0176696777344  393.0
539.0015869140625  603.0
286.4272766113281  418.0
608.73876953125  604.0
589.8173217773438  592.0
544.0569458007812  565.0
MSE : 2031.3468820498251
MAPE : 8.68760546735857
R2 Score : 0.8750129919492649
time : 1115.2539200619794
