652.2159423828125  668.0
300.0570983886719  379.0
358.6788635253906  378.0
561.6834716796875  563.0
581.9010009765625  580.0
296.8503112792969  320.0
557.0582885742188  589.0
619.9563598632812  552.0
351.1061096191406  374.0
219.10623168945312  390.0
213.29832458496094  219.0
149.65956115722656  199.0
309.9902648925781  321.0
210.16221618652344  203.0
373.8499755859375  384.0
690.3411865234375  658.0
654.429443359375  656.0
257.5186767578125  249.0
549.5848999023438  494.0
382.8299560546875  389.0
536.3880615234375  650.0
533.7403564453125  541.0
445.3982238769531  563.0
561.38330078125  630.0
579.5025634765625  543.0
448.9980773925781  318.0
458.0483093261719  493.0
578.18701171875  557.0
239.7549591064453  233.0
501.97186279296875  539.0
211.58377075195312  213.0
542.1689453125  539.0
532.259521484375  508.0
367.1065673828125  398.0
247.32151794433594  228.0
606.422119140625  653.0
307.3420715332031  324.0
514.93994140625  490.0
563.5846557617188  584.0
681.743408203125  615.0
374.3648681640625  385.0
385.0988464355469  363.0
519.6124267578125  522.0
518.6036987304688  515.0
382.5362854003906  368.0
622.4383544921875  765.0
396.7378234863281  255.0
257.87353515625  253.0
563.158935546875  567.0
204.7381134033203  215.0
554.1040649414062  560.0
492.2381896972656  481.0
433.93316650390625  548.0
539.9525146484375  566.0
232.26222229003906  205.0
361.97711181640625  421.0
225.11561584472656  253.0
416.3000183105469  430.0
630.8060302734375  616.0
501.693603515625  495.0
313.49920654296875  344.0
495.0849304199219  474.0
408.0671691894531  360.0
597.4290771484375  563.0
694.2830200195312  763.0
239.92208862304688  302.0
299.9456481933594  330.0
200.0004425048828  192.0
502.5934753417969  484.0
337.72393798828125  376.0
201.84461975097656  243.0
272.11370849609375  283.0
331.48797607421875  378.0
279.9951477050781  311.0
340.7080383300781  386.0
298.19561767578125  265.0
626.32177734375  618.0
295.7680969238281  300.0
199.58387756347656  213.0
228.89744567871094  217.0
569.512451171875  773.0
551.2958984375  423.0
346.1751708984375  355.0
484.0235290527344  512.0
550.3203125  563.0
537.6310424804688  512.0
695.1795043945312  669.0
414.0865478515625  505.0
356.0902099609375  260.0
405.2412414550781  401.0
427.8681945800781  424.0
482.0732727050781  457.0
372.7524108886719  396.0
291.1432189941406  319.0
622.6437377929688  670.0
563.421142578125  562.0
521.383056640625  559.0
524.7971801757812  526.0
MSE : 2872.3396165133645
MAPE : 8.607704671052115
R2 Score : 0.8705439896066225
time : 946.1922733009851
