218.3556365966797  241.0
228.77906799316406  191.0
610.8607177734375  763.0
360.8148498535156  425.0
241.07907104492188  213.0
493.71533203125  499.0
593.9669189453125  653.0
571.8472290039062  565.0
391.7083435058594  440.0
518.7564697265625  515.0
524.4681396484375  534.0
570.0131225585938  569.0
655.8013916015625  618.0
522.2786865234375  503.0
517.3902587890625  584.0
522.146484375  533.0
398.949462890625  409.0
569.0022583007812  545.0
310.3359375  330.0
507.5188903808594  539.0
543.7755126953125  538.0
598.3030395507812  550.0
489.1338195800781  499.0
369.630126953125  398.0
564.0436401367188  584.0
387.7847900390625  378.0
366.4176330566406  187.0
198.99685668945312  192.0
327.3365783691406  355.0
480.29156494140625  493.0
521.89404296875  555.0
383.6413269042969  384.0
266.1102600097656  243.0
476.1996765136719  512.0
563.6685791015625  556.0
588.1359252929688  593.0
566.9671630859375  557.0
334.76580810546875  344.0
531.683837890625  527.0
307.1952209472656  281.0
511.8802795410156  508.0
237.7338409423828  211.0
513.1719970703125  549.0
519.4066772460938  492.0
570.9549560546875  577.0
335.15362548828125  360.0
593.1928100585938  589.0
255.9620819091797  233.0
533.0906372070312  484.0
580.5841674804688  569.0
335.4219665527344  380.0
310.0643615722656  376.0
207.10833740234375  197.0
405.5771484375  475.0
474.9830017089844  459.0
555.7164306640625  311.0
476.2228698730469  541.0
376.97918701171875  420.0
398.24395751953125  392.0
650.0345458984375  550.0
230.94076538085938  206.0
402.6751403808594  411.0
511.10833740234375  497.0
561.5479736328125  557.0
249.56016540527344  251.0
497.9612731933594  325.0
370.1560974121094  362.0
565.639404296875  626.0
249.0105743408203  293.0
592.9688720703125  401.0
401.0859680175781  423.0
202.66184997558594  194.0
278.1876525878906  308.0
514.6099853515625  523.0
523.1527709960938  545.0
247.50515747070312  239.0
395.10540771484375  419.0
263.0699462890625  270.0
316.404296875  319.0
615.2542114257812  273.0
390.9042663574219  417.0
335.97113037109375  378.0
593.6769409179688  658.0
367.93914794921875  366.0
490.3988037109375  618.0
478.6094055175781  501.0
431.7517395019531  363.0
541.4306030273438  551.0
255.622802734375  253.0
311.2222595214844  318.0
377.4881286621094  331.0
577.4943237304688  535.0
495.69146728515625  508.0
415.65570068359375  478.0
476.96380615234375  503.0
192.1531982421875  204.0
547.5009765625  545.0
552.7704467773438  566.0
401.114501953125  449.0
594.6077880859375  547.0
MSE : 4141.778007320713
MAPE : 10.047630781614325
R2 Score : 0.7647664644842467
time : 2020.2647201920627
