555.5970458984375  533.0
610.4618530273438  552.0
520.4866943359375  530.0
488.7542724609375  500.0
509.6802062988281  522.0
376.1508483886719  384.0
528.2630004882812  569.0
600.7285766601562  765.0
256.8307800292969  239.0
271.0088806152344  251.0
483.8502197265625  538.0
383.5368347167969  387.0
510.7299499511719  529.0
336.2153625488281  344.0
485.65264892578125  512.0
396.0991516113281  420.0
537.7009887695312  587.0
184.2566375732422  203.0
593.8731079101562  551.0
362.6577453613281  389.0
426.4449768066406  411.0
251.50927734375  217.0
355.0626525878906  394.0
540.54052734375  538.0
574.3828735351562  573.0
515.3386840820312  517.0
617.006591796875  600.0
528.6296997070312  577.0
499.82342529296875  503.0
555.2886352539062  562.0
222.89552307128906  195.0
525.6422119140625  554.0
537.0758666992188  566.0
573.224853515625  560.0
245.08653259277344  278.0
567.3034057617188  653.0
541.7880859375  552.0
332.7676696777344  304.0
429.5256042480469  363.0
217.12747192382812  207.0
381.6407165527344  482.0
503.01068115234375  545.0
544.0348510742188  568.0
372.4037170410156  409.0
619.4232788085938  584.0
488.22564697265625  493.0
197.0197296142578  203.0
517.6692504882812  508.0
208.9619140625  216.0
231.32492065429688  199.0
632.0791625976562  649.0
187.02816772460938  195.0
309.6522216796875  343.0
403.9675598144531  433.0
567.6921997070312  551.0
505.3711242675781  534.0
603.8356323242188  583.0
564.2622680664062  535.0
586.84521484375  624.0
597.373046875  604.0
546.5927124023438  548.0
499.15509033203125  503.0
343.5617980957031  373.0
568.1456909179688  592.0
306.0885009765625  330.0
501.1268005371094  505.0
501.0940246582031  532.0
639.1815795898438  547.0
476.6068420410156  481.0
357.1712951660156  401.0
270.6734924316406  249.0
376.6816711425781  388.0
510.2469482421875  549.0
490.0265808105469  474.0
350.6480712890625  359.0
384.9651794433594  378.0
262.9700622558594  253.0
553.4673461914062  550.0
477.5463562011719  473.0
354.8725891113281  353.0
388.9051818847656  378.0
486.327880859375  595.0
515.9188842773438  530.0
375.5677795410156  396.0
463.6490173339844  459.0
334.9186706542969  378.0
499.8691101074219  563.0
326.2930603027344  424.0
229.54623413085938  223.0
619.6340942382812  621.0
234.2444305419922  221.0
364.9653015136719  392.0
589.1690063476562  669.0
360.1334533691406  360.0
523.9479370117188  525.0
485.3599853515625  500.0
512.9196166992188  526.0
575.6815795898438  560.0
481.1124572753906  484.0
517.7723388671875  542.0
MSE : 1406.7736763691273
MAPE : 5.826244345955461
R2 Score : 0.916708416769661
time : 2554.33769253199
