246.34437561035156  225.0
531.11572265625  569.0
538.3319091796875  545.0
522.6546020507812  481.0
205.90121459960938  206.0
579.410888671875  678.0
619.51708984375  653.0
522.4609985351562  490.0
199.0487060546875  213.0
337.11053466796875  320.0
506.0862731933594  488.0
239.26258850097656  270.0
206.2261505126953  302.0
362.7724914550781  378.0
545.77880859375  568.0
525.5333862304688  520.0
582.2202758789062  560.0
539.2465209960938  580.0
298.8667907714844  315.0
400.2912292480469  420.0
469.8376159667969  444.0
412.0874938964844  410.0
558.1500244140625  773.0
502.93145751953125  482.0
387.8998718261719  410.0
258.27093505859375  223.0
532.9588623046875  508.0
578.5772094726562  668.0
309.023681640625  241.0
490.79498291015625  481.0
563.9268188476562  550.0
543.0270385742188  580.0
361.64862060546875  359.0
553.9678955078125  587.0
362.0897521972656  256.0
292.7373962402344  207.0
240.27035522460938  217.0
527.4047241210938  600.0
187.27459716796875  152.0
407.0100402832031  407.0
587.9444580078125  618.0
569.1183471679688  619.0
398.3525390625  388.0
223.50830078125  233.0
434.6578063964844  548.0
364.1143798828125  353.0
519.5848999023438  650.0
362.5829772949219  413.0
365.3180236816406  415.0
358.8722839355469  409.0
540.0128173828125  494.0
552.0986938476562  562.0
534.754150390625  584.0
580.766357421875  603.0
529.73291015625  542.0
583.0208740234375  579.0
636.319091796875  649.0
378.9215393066406  363.0
533.8637084960938  508.0
531.0384521484375  512.0
391.459716796875  409.0
503.53057861328125  521.0
505.5128173828125  520.0
353.32940673828125  349.0
587.3086547851562  590.0
329.68597412109375  191.0
356.95697021484375  378.0
307.76611328125  324.0
580.2617797851562  580.0
546.3115234375  530.0
359.11260986328125  397.0
294.4463806152344  301.0
200.42681884765625  204.0
495.9857482910156  472.0
222.25210571289062  272.0
285.7415466308594  379.0
589.9486083984375  658.0
547.085205078125  590.0
348.44512939453125  267.0
570.1368408203125  569.0
190.9619903564453  173.0
355.2776794433594  380.0
548.8289184570312  606.0
333.5029602050781  315.0
332.6098937988281  425.0
508.157958984375  531.0
541.9917602539062  526.0
535.2431640625  564.0
500.5440673828125  503.0
230.70309448242188  259.0
425.9201965332031  457.0
565.5982666015625  574.0
381.7999267578125  417.0
330.343994140625  327.0
516.5809326171875  508.0
384.56597900390625  416.0
579.033447265625  592.0
MSE : 2422.3620146269786
MAPE : 8.760182665710863
R2 Score : 0.8789807006131266
time : 2877.1568503029994
