331.9027404785156  331.0
399.6120910644531  392.0
653.0509033203125  669.0
563.0360107421875  555.0
580.5905151367188  563.0
240.33445739746094  254.0
574.9808349609375  668.0
593.0263671875  481.0
570.8216552734375  552.0
587.8746337890625  546.0
177.0922393798828  206.0
536.1038818359375  554.0
523.266845703125  488.0
519.2227783203125  538.0
371.7451171875  365.0
679.1560668945312  630.0
598.3016357421875  577.0
520.8507690429688  528.0
313.8708801269531  243.0
762.7469482421875  595.0
429.8838195800781  353.0
611.7760009765625  658.0
236.52586364746094  313.0
284.5826110839844  308.0
355.3371276855469  298.0
485.2107238769531  494.0
186.42137145996094  195.0
491.4019470214844  485.0
583.3649291992188  579.0
504.99542236328125  493.0
502.8410949707031  481.0
141.59800720214844  152.0
626.0965576171875  590.0
341.0482177734375  349.0
465.2759704589844  507.0
557.5400390625  580.0
500.1990661621094  458.0
524.0789184570312  492.0
272.53912353515625  300.0
494.1584777832031  500.0
342.0599670410156  360.0
602.245849609375  493.0
604.1947631835938  550.0
720.7105712890625  484.0
614.7974853515625  650.0
387.36492919921875  374.0
493.6446228027344  444.0
358.158447265625  256.0
435.9811096191406  373.0
401.97723388671875  348.0
593.6887817382812  584.0
409.9259338378906  393.0
259.6983337402344  217.0
461.1622619628906  457.0
591.591552734375  580.0
353.6187438964844  359.0
605.378173828125  618.0
396.3229675292969  473.0
512.278076171875  495.0
524.6421508789062  526.0
196.22911071777344  228.0
396.81109619140625  475.0
329.42376708984375  191.0
408.1383056640625  421.0
612.3136596679688  619.0
439.5139465332031  545.0
257.2893981933594  219.0
523.6701049804688  517.0
482.7643127441406  475.0
596.512451171875  569.0
407.4611511230469  433.0
539.4117431640625  513.0
508.5063781738281  523.0
530.2025756835938  532.0
424.9421081542969  403.0
534.23095703125  536.0
526.0543823242188  491.0
204.7487335205078  203.0
455.00213623046875  419.0
536.569580078125  545.0
564.209228515625  536.0
323.46990966796875  324.0
413.9017028808594  393.0
413.5408630371094  424.0
500.1921081542969  449.0
561.5035400390625  533.0
587.332763671875  530.0
604.8335571289062  606.0
569.0762939453125  545.0
328.3109130859375  331.0
466.7861022949219  479.0
325.51654052734375  321.0
502.9162292480469  502.0
382.6787414550781  415.0
217.8629608154297  213.0
272.4145812988281  302.0
519.4107666015625  549.0
521.1617431640625  500.0
566.608154296875  541.0
604.41943359375  589.0
MSE : 2476.716148140924
MAPE : 8.18868125374981
R2 Score : 0.8432783986070767
time : 4632.795013566036
