314.9322814941406  241.0
412.3956298828125  191.0
682.4781494140625  763.0
375.1099853515625  425.0
235.70199584960938  213.0
520.6495971679688  499.0
643.5135498046875  653.0
586.2612915039062  565.0
501.1330261230469  440.0
540.8726196289062  515.0
507.3947448730469  534.0
593.5093383789062  569.0
627.6538696289062  569.0
544.8853759765625  503.0
567.1085815429688  584.0
544.1649169921875  533.0
388.7334289550781  409.0
580.0299682617188  545.0
309.8579406738281  330.0
499.0920104980469  539.0
606.5255737304688  538.0
591.1644287109375  550.0
481.31884765625  499.0
394.75640869140625  398.0
538.932861328125  584.0
367.25115966796875  378.0
372.83935546875  187.0
212.31446838378906  192.0
380.84710693359375  355.0
498.1366882324219  493.0
550.41064453125  549.0
368.8852233886719  384.0
221.5433807373047  243.0
472.8934631347656  512.0
537.53369140625  556.0
598.4568481445312  593.0
586.1567993164062  557.0
354.41064453125  344.0
515.9408569335938  527.0
310.776123046875  281.0
523.4830932617188  508.0
244.48019409179688  211.0
410.8592834472656  492.0
640.4481201171875  577.0
560.2925415039062  360.0
589.8939208984375  626.0
217.92010498046875  233.0
509.0347595214844  484.0
412.5963134765625  380.0
361.9023742675781  376.0
218.49928283691406  197.0
438.178955078125  475.0
529.8716430664062  459.0
329.3145446777344  311.0
615.5643310546875  541.0
413.4295349121094  420.0
370.02252197265625  392.0
567.591796875  550.0
222.0272674560547  206.0
404.8997497558594  411.0
506.3502502441406  497.0
529.050048828125  557.0
234.81338500976562  270.0
404.17266845703125  325.0
392.9022216796875  362.0
312.37152099609375  293.0
394.93695068359375  401.0
413.131591796875  423.0
202.6728515625  194.0
334.42926025390625  308.0
547.7499389648438  523.0
526.7405395507812  545.0
235.09336853027344  239.0
407.2095642089844  419.0
310.3870849609375  319.0
375.8297424316406  273.0
414.0182189941406  417.0
329.03704833984375  378.0
644.5768432617188  658.0
375.7689514160156  366.0
540.782958984375  618.0
516.5906982421875  501.0
418.5503845214844  363.0
571.1144409179688  551.0
266.194091796875  253.0
334.7647399902344  318.0
349.0055236816406  331.0
553.0756225585938  535.0
529.3214111328125  508.0
432.8528747558594  478.0
507.6242980957031  503.0
202.70692443847656  204.0
490.3343811035156  545.0
562.6702880859375  566.0
427.97784423828125  449.0
610.2235107421875  547.0
MSE : 2543.44424074619
MAPE : 9.518959000549446
R2 Score : 0.8524675958116278
time : 947.5076327529969
