677.1633911132812  763.0
585.8279418945312  773.0
513.8380126953125  584.0
559.2454223632812  584.0
438.2215576171875  423.0
526.377685546875  533.0
284.08673095703125  300.0
550.7445068359375  531.0
501.501708984375  458.0
298.66192626953125  269.0
552.4619140625  522.0
554.5765991210938  517.0
339.47039794921875  409.0
386.488525390625  385.0
514.99853515625  519.0
580.2141723632812  557.0
545.6270751953125  541.0
506.00982666015625  557.0
512.6889038085938  545.0
357.5557861328125  433.0
297.57818603515625  310.0
380.06646728515625  392.0
482.28717041015625  488.0
310.08758544921875  265.0
321.8541259765625  324.0
486.01806640625  563.0
200.01815795898438  196.0
526.7910766601562  527.0
192.8453826904297  213.0
496.824462890625  520.0
369.96820068359375  370.0
326.1766357421875  330.0
565.7160034179688  589.0
379.6007080078125  373.0
255.84869384765625  220.0
226.40000915527344  253.0
549.8070678710938  581.0
334.6778259277344  359.0
384.696044921875  393.0
543.2412719726562  535.0
275.76202392578125  266.0
497.2435302734375  470.0
514.2865600585938  191.0
524.6422119140625  503.0
536.3541870117188  618.0
230.3152618408203  233.0
482.73583984375  498.0
249.3582763671875  253.0
511.3309020996094  529.0
493.50006103515625  474.0
494.75390625  494.0
273.91644287109375  333.0
302.57012939453125  315.0
215.87989807128906  243.0
553.0759887695312  545.0
555.7058715820312  581.0
498.26092529296875  501.0
520.9163208007812  599.0
523.3137817382812  509.0
516.9343872070312  478.0
539.2260131835938  581.0
352.6707763671875  345.0
595.1838989257812  538.0
247.90216064453125  239.0
566.224853515625  630.0
676.735107421875  583.0
537.18115234375  530.0
577.4163208007812  604.0
516.5371704101562  530.0
435.62469482421875  419.0
186.0223846435547  130.0
368.80047607421875  420.0
664.4303588867188  653.0
198.69419860839844  197.0
193.82640075683594  190.0
197.9817352294922  192.0
215.9054718017578  203.0
334.21783447265625  308.0
224.6595458984375  211.0
582.5682983398438  565.0
464.4473876953125  449.0
540.2361450195312  525.0
566.7517700195312  551.0
366.368408203125  368.0
314.59454345703125  324.0
499.1718444824219  500.0
209.6136932373047  217.0
574.4298095703125  685.0
419.76043701171875  374.0
406.8752746582031  393.0
499.70465087890625  539.0
669.3768920898438  643.0
311.2121276855469  241.0
493.77337646484375  482.0
574.918212890625  606.0
596.9843139648438  618.0
413.734619140625  395.0
MSE : 2675.951077236309
MAPE : 8.110067564536033
R2 Score : 0.8749950280274088
time : 1226.9455186419655
