766.8117065429688  763.0
612.0176391601562  773.0
559.9793090820312  584.0
570.810791015625  584.0
403.24810791015625  423.0
508.540283203125  533.0
272.3611145019531  300.0
548.9970092773438  531.0
571.3275756835938  458.0
301.81878662109375  269.0
553.568603515625  522.0
551.2969360351562  568.0
340.2974853515625  409.0
373.2441711425781  385.0
521.18017578125  519.0
599.6776733398438  557.0
559.0054321289062  541.0
521.59130859375  557.0
562.3818969726562  545.0
371.2869873046875  433.0
309.4340515136719  310.0
372.845947265625  389.0
479.1849060058594  488.0
243.72909545898438  265.0
309.7857666015625  324.0
609.7600708007812  563.0
184.2042236328125  196.0
550.3450317382812  527.0
162.34365844726562  213.0
461.4512023925781  520.0
367.5057678222656  370.0
319.3192138671875  330.0
597.0691528320312  589.0
375.77386474609375  373.0
200.77871704101562  220.0
255.73399353027344  253.0
579.8934326171875  581.0
341.74822998046875  359.0
338.3955383300781  393.0
617.4827270507812  535.0
205.03909301757812  266.0
478.87359619140625  470.0
164.38162231445312  191.0
390.8553466796875  503.0
552.8462524414062  618.0
212.38088989257812  233.0
518.4231567382812  498.0
515.065185546875  517.0
269.67364501953125  253.0
492.66522216796875  529.0
476.96588134765625  474.0
475.7967529296875  494.0
398.194580078125  333.0
309.9642333984375  315.0
260.8580322265625  243.0
551.3572387695312  545.0
557.3240356445312  581.0
493.5226135253906  501.0
540.707763671875  599.0
504.7597961425781  509.0
561.9116821289062  478.0
538.1202392578125  581.0
321.5876770019531  345.0
556.0458984375  538.0
222.85543823242188  239.0
584.73388671875  630.0
580.2678833007812  583.0
556.0116577148438  530.0
580.8375854492188  604.0
522.2987060546875  530.0
433.1976318359375  419.0
193.2364501953125  130.0
380.98052978515625  420.0
649.186767578125  653.0
184.352294921875  197.0
196.88174438476562  190.0
183.7653350830078  192.0
199.50088500976562  203.0
346.54351806640625  392.0
304.8923645019531  308.0
195.2033233642578  211.0
581.2921142578125  565.0
463.33001708984375  449.0
513.9674072265625  525.0
554.6875  551.0
432.14727783203125  368.0
308.4395751953125  324.0
448.335693359375  500.0
228.39804077148438  217.0
689.05419921875  685.0
363.66632080078125  374.0
379.9222106933594  401.0
538.1932983398438  539.0
741.33154296875  643.0
197.43165588378906  241.0
468.31781005859375  482.0
574.5272827148438  606.0
596.0458374023438  618.0
338.15972900390625  393.0
419.6903076171875  395.0
MSE : 1564.8256278936844
MAPE : 6.998678118788831
R2 Score : 0.9253778094066833
time : 4173.705272514024
