200.71400451660156  225.0
548.8743896484375  569.0
605.7186889648438  545.0
516.3003540039062  481.0
201.07086181640625  206.0
635.2738037109375  678.0
553.6473388671875  653.0
564.240234375  490.0
201.1457977294922  213.0
328.7001953125  320.0
543.061279296875  539.0
229.25852966308594  251.0
309.96197509765625  302.0
355.98455810546875  378.0
570.1404418945312  568.0
566.6146240234375  520.0
630.4739379882812  560.0
539.2869873046875  580.0
328.5240173339844  315.0
437.05999755859375  420.0
424.0775146484375  444.0
358.1859130859375  410.0
539.826171875  773.0
570.61181640625  482.0
328.63775634765625  410.0
223.00318908691406  223.0
567.2987060546875  508.0
550.5716552734375  668.0
201.06842041015625  241.0
520.7860107421875  481.0
607.4346923828125  550.0
572.8006591796875  580.0
319.3944091796875  359.0
635.4517822265625  587.0
364.2328796386719  256.0
202.38099670410156  207.0
327.6278991699219  217.0
435.00164794921875  600.0
201.26295471191406  152.0
375.23565673828125  407.0
618.9382934570312  618.0
561.0689697265625  619.0
550.677001953125  388.0
328.4677734375  233.0
526.7991333007812  488.0
256.1489562988281  270.0
606.662353515625  548.0
363.29736328125  353.0
519.6194458007812  650.0
365.19110107421875  413.0
365.07049560546875  415.0
365.2066345214844  409.0
542.088134765625  494.0
606.8768310546875  562.0
540.0099487304688  584.0
593.2454833984375  603.0
633.2378540039062  542.0
563.76708984375  579.0
565.7830200195312  649.0
402.2423095703125  363.0
522.0798950195312  508.0
633.9803466796875  512.0
364.8580017089844  409.0
530.843017578125  521.0
602.037353515625  520.0
253.43028259277344  349.0
632.1568603515625  590.0
202.1220245361328  191.0
328.6219177246094  378.0
328.6260986328125  324.0
563.511474609375  580.0
567.7188720703125  530.0
411.86083984375  397.0
328.35040283203125  301.0
201.97019958496094  204.0
521.3958129882812  472.0
328.5960693359375  272.0
312.325927734375  304.0
599.0942993164062  658.0
608.3763427734375  590.0
217.87583923339844  267.0
609.1831665039062  569.0
201.44888305664062  173.0
252.22970581054688  380.0
328.367431640625  379.0
629.27880859375  606.0
364.78448486328125  315.0
405.65875244140625  425.0
552.033203125  531.0
518.147216796875  526.0
569.23388671875  564.0
516.4769287109375  503.0
257.672119140625  259.0
550.04736328125  457.0
636.3904418945312  574.0
364.224853515625  417.0
309.96368408203125  327.0
556.3529052734375  508.0
365.20465087890625  416.0
588.3568115234375  592.0
MSE : 3771.7742855132324
MAPE : 10.864317890665642
R2 Score : 0.812234154520883
time : 591.20718278602
