606.8697509765625  763.0
563.957763671875  773.0
660.1270751953125  584.0
549.7203979492188  584.0
431.6460266113281  423.0
532.8035888671875  533.0
337.7076721191406  300.0
568.021484375  531.0
413.60626220703125  458.0
329.0422668457031  269.0
518.94970703125  522.0
558.6728515625  517.0
307.64324951171875  409.0
369.4861755371094  385.0
543.4478759765625  519.0
614.8157958984375  557.0
524.1458129882812  541.0
536.275146484375  557.0
558.686767578125  545.0
388.5668640136719  433.0
235.49441528320312  310.0
425.7749328613281  392.0
518.7432861328125  488.0
368.9803771972656  265.0
229.69174194335938  324.0
570.122802734375  563.0
199.70889282226562  196.0
533.654052734375  527.0
168.16067504882812  213.0
526.8438720703125  520.0
388.5602111816406  370.0
250.7012939453125  330.0
595.6359252929688  589.0
360.0345764160156  373.0
247.0946502685547  220.0
216.85284423828125  253.0
567.9803466796875  581.0
297.0510559082031  359.0
377.0621337890625  393.0
567.679931640625  535.0
318.0407409667969  266.0
530.2694702148438  470.0
328.4826354980469  191.0
493.9456481933594  503.0
540.0131225585938  618.0
199.09127807617188  233.0
490.39569091796875  498.0
258.8373718261719  253.0
523.0971069335938  529.0
490.57855224609375  474.0
508.28179931640625  494.0
369.9730529785156  333.0
230.45718383789062  315.0
202.3111114501953  243.0
569.4910278320312  545.0
555.8335571289062  581.0
520.7568969726562  501.0
522.8692626953125  599.0
558.6414794921875  509.0
514.411865234375  478.0
570.7249755859375  581.0
370.4257507324219  345.0
526.8194580078125  538.0
270.9929504394531  239.0
581.3564453125  630.0
521.0420532226562  583.0
571.392333984375  530.0
549.5078735351562  604.0
537.085205078125  530.0
451.6919250488281  419.0
179.88388061523438  130.0
362.13507080078125  420.0
623.6514892578125  653.0
205.35665893554688  197.0
168.63113403320312  190.0
185.9360809326172  192.0
231.00296020507812  203.0
323.74835205078125  308.0
266.0721130371094  211.0
575.0889892578125  565.0
645.3486328125  449.0
535.2073974609375  525.0
512.876953125  551.0
349.9103088378906  368.0
226.07843017578125  324.0
529.5220336914062  500.0
234.82322692871094  217.0
596.9383544921875  685.0
383.3387145996094  374.0
411.36328125  393.0
529.06201171875  539.0
611.9876708984375  643.0
393.40777587890625  241.0
518.4326171875  482.0
576.0652465820312  606.0
577.4307861328125  618.0
390.0755920410156  395.0
MSE : 3234.448906728777
MAPE : 10.943403563561008
R2 Score : 0.8489052365822816
time : 2611.9464466769714
