221.36402893066406  241.0
245.64553833007812  191.0
671.8308715820312  763.0
330.2098693847656  425.0
223.01852416992188  213.0
513.4262084960938  499.0
736.8212890625  653.0
595.9212036132812  565.0
413.5670471191406  440.0
520.4205322265625  515.0
543.5398559570312  534.0
590.7390747070312  569.0
665.4393920898438  618.0
495.495361328125  503.0
587.4217529296875  584.0
502.9393615722656  533.0
359.79754638671875  409.0
574.7896118164062  545.0
312.0455627441406  330.0
520.1027221679688  539.0
555.5811157226562  538.0
613.6699829101562  550.0
490.9538879394531  499.0
376.1626281738281  398.0
515.9865112304688  584.0
415.16845703125  378.0
381.0822448730469  187.0
189.78790283203125  192.0
356.77886962890625  355.0
494.7364501953125  493.0
515.9534912109375  555.0
367.2339172363281  384.0
247.75933837890625  243.0
491.51629638671875  512.0
583.1668090820312  556.0
636.1429443359375  593.0
623.8021850585938  557.0
349.3052062988281  344.0
536.0709838867188  527.0
277.7536926269531  281.0
528.32421875  508.0
225.2072296142578  211.0
514.6744995117188  549.0
567.0540771484375  492.0
563.4611206054688  577.0
339.9526672363281  360.0
602.7938842773438  589.0
218.16607666015625  233.0
415.4710998535156  484.0
630.6656494140625  569.0
322.3553771972656  380.0
362.34271240234375  376.0
196.24688720703125  197.0
391.829833984375  475.0
489.65557861328125  459.0
408.4173889160156  311.0
513.6515502929688  541.0
365.2305908203125  420.0
369.7337646484375  392.0
527.7741088867188  550.0
242.13246154785156  206.0
419.8465270996094  411.0
518.1695556640625  497.0
532.94775390625  557.0
253.89210510253906  251.0
409.7624816894531  325.0
373.7095031738281  362.0
592.3134765625  626.0
266.18548583984375  293.0
518.2276611328125  401.0
416.9682312011719  423.0
201.58116149902344  194.0
286.0372619628906  308.0
497.53082275390625  523.0
533.673583984375  545.0
253.59622192382812  239.0
460.2054748535156  419.0
267.5730895996094  270.0
313.8069152832031  319.0
425.7530212402344  273.0
397.32666015625  417.0
325.2738342285156  378.0
490.72418212890625  658.0
249.39170837402344  366.0
484.0961608886719  618.0
486.575439453125  501.0
420.6139221191406  363.0
506.7852783203125  551.0
269.5641174316406  253.0
302.47821044921875  318.0
366.86383056640625  331.0
625.6287841796875  535.0
529.5804443359375  508.0
502.95709228515625  478.0
497.0760498046875  503.0
200.5668487548828  204.0
405.6806335449219  545.0
614.2301025390625  566.0
488.001708984375  449.0
654.2642211914062  547.0
MSE : 3040.3678556848013
MAPE : 9.575850194672308
R2 Score : 0.8273213874096934
time : 5586.287802865962
