500.5798034667969  520.0
586.4976806640625  619.0
468.99468994140625  492.0
509.2077331542969  523.0
515.1498413085938  503.0
376.7253112792969  389.0
442.80474853515625  493.0
593.67724609375  580.0
516.2185668945312  526.0
530.5567016601562  565.0
512.7803344726562  479.0
347.1102294921875  349.0
316.7222900390625  335.0
324.7993469238281  344.0
602.2595825195312  566.0
212.88145446777344  233.0
205.1593475341797  206.0
438.54412841796875  444.0
453.45916748046875  482.0
353.8633728027344  362.0
400.3738098144531  417.0
506.41937255859375  545.0
536.4744262695312  529.0
472.4714050292969  488.0
550.6248168945312  541.0
542.6058959960938  539.0
413.17401123046875  392.0
549.8276977539062  565.0
253.5137176513672  241.0
337.8473205566406  415.0
533.4152221679688  526.0
325.98284912109375  304.0
465.67449951171875  538.0
321.285400390625  281.0
611.6373291015625  589.0
550.3114013671875  535.0
524.2266235351562  503.0
242.0385284423828  216.0
567.9906616210938  568.0
357.95343017578125  363.0
508.52728271484375  523.0
213.95204162597656  302.0
531.7515869140625  517.0
209.36001586914062  223.0
528.1023559570312  508.0
345.4834899902344  353.0
570.5379028320312  556.0
555.2452392578125  589.0
593.7421264648438  616.0
235.01844787597656  219.0
521.2203979492188  563.0
533.4099731445312  599.0
503.9977111816406  474.0
419.22589111328125  420.0
210.65249633789062  218.0
494.0774841308594  459.0
343.29156494140625  475.0
570.3546752929688  590.0
264.92156982421875  251.0
510.408447265625  522.0
607.0225219726562  533.0
232.8264923095703  228.0
248.82919311523438  331.0
613.4451293945312  658.0
316.5984802246094  379.0
514.8861083984375  508.0
213.9219512939453  152.0
607.5149536132812  593.0
583.2661743164062  630.0
630.763671875  673.0
502.0800476074219  542.0
200.89939880371094  190.0
510.4412536621094  508.0
525.691162109375  531.0
382.3412170410156  378.0
534.5488891601562  458.0
570.19580078125  559.0
616.725830078125  583.0
421.1145324707031  407.0
367.8501281738281  385.0
544.107421875  557.0
373.8359069824219  325.0
537.528076171875  552.0
439.6629333496094  618.0
270.2474060058594  348.0
522.8856811523438  494.0
346.6951599121094  393.0
583.8749389648438  549.0
598.2881469726562  578.0
383.88323974609375  433.0
502.4296875  505.0
202.2362060546875  203.0
588.5576782226562  579.0
490.6728515625  490.0
297.9254150390625  333.0
237.68026733398438  203.0
649.3941650390625  568.0
220.17596435546875  243.0
577.6458129882812  564.0
MSE : 1610.6817277457044
MAPE : 6.8128714844046865
R2 Score : 0.9033874265603435
time : 383.7812227909453
