419.4981384277344  407.0
435.43658447265625  411.0
504.30023193359375  497.0
526.2161254882812  539.0
529.8312377929688  521.0
534.0309448242188  520.0
528.7278442382812  545.0
374.9122009277344  313.0
504.50836181640625  604.0
555.1677856445312  560.0
509.34173583984375  493.0
443.6402282714844  503.0
481.00775146484375  475.0
490.77606201171875  500.0
354.52520751953125  348.0
425.1216735839844  419.0
304.23309326171875  241.0
237.62049865722656  213.0
387.74810791015625  348.0
624.9970703125  578.0
537.1090087890625  542.0
519.244140625  563.0
518.8218994140625  492.0
513.5833129882812  531.0
595.3703002929688  444.0
383.81268310546875  358.0
377.42938232421875  425.0
398.516845703125  433.0
233.08920288085938  205.0
562.8043823242188  584.0
582.1260375976562  584.0
583.4041137695312  615.0
339.1175537109375  330.0
382.4453125  384.0
510.75579833984375  493.0
217.9267578125  331.0
577.37353515625  559.0
519.6256103515625  537.0
382.3210754394531  393.0
345.99786376953125  397.0
427.9464416503906  498.0
519.6675415039062  528.0
498.8993835449219  479.0
362.80487060546875  355.0
320.70013427734375  281.0
452.20001220703125  401.0
497.9144287109375  484.0
297.9586486816406  239.0
557.728515625  419.0
374.20941162109375  378.0
310.35064697265625  265.0
553.9830322265625  552.0
512.1251220703125  508.0
263.590576171875  233.0
460.63873291015625  595.0
621.3519287109375  618.0
226.46533203125  223.0
486.9583435058594  470.0
305.4235534667969  310.0
352.4618835449219  324.0
539.6025390625  563.0
528.3966674804688  523.0
215.61874389648438  173.0
419.28125  411.0
616.3553466796875  633.0
610.1759033203125  616.0
621.4851684570312  678.0
581.0237426757812  590.0
243.977294921875  213.0
576.1532592773438  579.0
566.0315551757812  566.0
493.7328186035156  467.0
257.5242919921875  293.0
494.16802978515625  494.0
335.56170654296875  344.0
280.4072570800781  323.0
561.4777221679688  568.0
565.1632690429688  581.0
624.1574096679688  669.0
565.5711059570312  557.0
291.96856689453125  348.0
542.8184204101562  411.0
583.8678588867188  630.0
603.1943969726562  593.0
514.4505004882812  508.0
545.4508056640625  561.0
545.3308715820312  551.0
251.632080078125  219.0
517.4481201171875  495.0
255.540283203125  191.0
574.1134643554688  567.0
417.1031494140625  415.0
282.9976806640625  283.0
517.6024780273438  526.0
495.689697265625  459.0
620.0536499023438  765.0
398.6320495605469  353.0
251.26747131347656  253.0
322.1844177246094  308.0
379.98681640625  366.0
MSE : 1982.0444577238848
MAPE : 7.54227154745456
R2 Score : 0.8823315529825454
time : 1687.3879416250857
