610.760986328125  552.0
478.1155090332031  401.0
415.3441467285156  403.0
376.8150634765625  325.0
612.0588989257812  672.0
515.7717895507812  507.0
371.6705322265625  321.0
501.7860107421875  502.0
236.48941040039062  221.0
235.34176635742188  269.0
554.6981201171875  528.0
548.8399658203125  534.0
453.90203857421875  419.0
246.49388122558594  348.0
611.7420043945312  569.0
557.615234375  478.0
254.23443603515625  226.0
275.1520690917969  304.0
577.193359375  630.0
440.6537780761719  419.0
612.401123046875  763.0
583.585693359375  559.0
570.5733642578125  530.0
526.766357421875  531.0
612.2582397460938  616.0
229.87057495117188  390.0
565.4122314453125  587.0
284.1279602050781  393.0
380.8560791015625  409.0
380.9600830078125  417.0
612.4049072265625  573.0
513.1163940429688  481.0
230.25909423828125  228.0
497.1889953613281  595.0
272.8393859863281  270.0
595.1350708007812  613.0
527.754638671875  495.0
527.43603515625  500.0
277.08636474609375  319.0
611.875244140625  546.0
391.4285888671875  330.0
245.46505737304688  333.0
606.48681640625  606.0
241.70217895507812  218.0
448.80401611328125  430.0
566.738037109375  522.0
526.4857788085938  493.0
596.5949096679688  575.0
601.742431640625  653.0
225.78433227539062  206.0
386.8114929199219  393.0
466.099609375  444.0
542.126953125  561.0
388.82830810546875  418.0
375.04241943359375  320.0
381.3953552246094  279.0
229.62628173828125  266.0
328.5762634277344  343.0
336.11553955078125  324.0
390.4046630859375  386.0
545.3284301757812  493.0
378.0355224609375  298.0
222.9656982421875  331.0
244.2679443359375  358.0
592.5460205078125  619.0
227.61306762695312  197.0
528.4207763671875  537.0
530.8475952148438  482.0
221.75828552246094  243.0
383.18853759765625  363.0
547.1616821289062  556.0
529.6912841796875  484.0
390.300048828125  433.0
571.734130859375  551.0
527.8272094726562  474.0
507.0590515136719  557.0
80.16812896728516  273.0
524.5  559.0
477.3388671875  600.0
267.21173095703125  259.0
387.98651123046875  385.0
497.6900634765625  500.0
331.77313232421875  278.0
566.1107177734375  545.0
342.099365234375  315.0
237.6528778076172  225.0
492.38555908203125  548.0
612.2047729492188  569.0
567.4945678710938  581.0
526.5262451171875  551.0
609.5281372070312  643.0
551.610107421875  533.0
382.90863037109375  315.0
341.29302978515625  310.0
499.70953369140625  512.0
323.50408935546875  363.0
200.76242065429688  152.0
568.29931640625  533.0
527.714111328125  549.0
441.6202697753906  363.0
MSE : 2976.9585174886724
MAPE : 10.578707175806084
R2 Score : 0.8291804035295555
time : 914.8939280249178
