190.92530822753906  241.0
178.410888671875  191.0
630.1243896484375  763.0
301.17791748046875  425.0
256.51666259765625  213.0
508.75469970703125  499.0
586.5305786132812  653.0
539.5106811523438  565.0
395.3366394042969  440.0
511.8753967285156  515.0
554.1688232421875  534.0
579.7300415039062  569.0
646.91064453125  618.0
504.27435302734375  503.0
558.52978515625  584.0
504.9273376464844  533.0
373.0172119140625  409.0
565.7312622070312  545.0
301.0880432128906  330.0
520.0198974609375  539.0
553.6398315429688  538.0
576.3143310546875  550.0
501.16644287109375  499.0
362.5195617675781  398.0
562.0885620117188  584.0
368.2945556640625  378.0
192.9160919189453  187.0
193.71115112304688  192.0
362.38018798828125  355.0
490.164794921875  493.0
503.2242431640625  555.0
370.8106689453125  384.0
309.35858154296875  243.0
488.0718994140625  512.0
547.158203125  556.0
581.2108154296875  593.0
583.3729858398438  557.0
296.32440185546875  344.0
552.5746459960938  527.0
298.1050720214844  281.0
528.2296142578125  508.0
229.83355712890625  211.0
502.4867248535156  549.0
516.958251953125  492.0
564.3074951171875  577.0
368.17718505859375  360.0
577.2612915039062  589.0
289.6338195800781  233.0
497.4888000488281  484.0
584.0789184570312  569.0
366.5382995605469  380.0
299.24847412109375  376.0
198.87840270996094  197.0
387.82763671875  475.0
488.7085266113281  459.0
238.7134246826172  311.0
503.138671875  541.0
344.74298095703125  420.0
349.4158935546875  392.0
582.5486450195312  550.0
232.8880615234375  206.0
360.60479736328125  411.0
514.270263671875  497.0
561.9708251953125  557.0
254.8438720703125  251.0
246.40875244140625  325.0
364.83441162109375  362.0
578.9572143554688  626.0
239.89024353027344  293.0
490.6817626953125  401.0
356.9992370605469  423.0
198.40951538085938  194.0
293.4715881347656  308.0
521.3931884765625  523.0
547.833740234375  545.0
213.66127014160156  239.0
450.2300720214844  419.0
293.70538330078125  270.0
243.2992706298828  319.0
299.7658996582031  273.0
342.3144226074219  417.0
333.93292236328125  378.0
569.1691284179688  658.0
179.9265594482422  366.0
499.7727966308594  618.0
489.177490234375  501.0
388.3029479980469  363.0
557.76904296875  551.0
295.0641784667969  253.0
347.51080322265625  318.0
201.90103149414062  331.0
564.2197265625  535.0
493.048095703125  508.0
445.21185302734375  478.0
490.61907958984375  503.0
191.84291076660156  204.0
448.3313903808594  545.0
577.0567016601562  566.0
410.6041259765625  449.0
644.8831176757812  547.0
MSE : 2457.6096717122687
MAPE : 8.984219550706408
R2 Score : 0.8604193148515549
time : 2192.436499611009
