317.67279052734375  321.0
573.8770751953125  584.0
546.6594848632812  568.0
226.488037109375  302.0
256.6879577636719  348.0
556.8719482421875  493.0
301.45916748046875  324.0
398.5932312011719  393.0
258.696533203125  293.0
517.8939208984375  527.0
379.63519287109375  318.0
597.7252807617188  584.0
391.30743408203125  403.0
543.3662109375  530.0
396.207275390625  272.0
268.40576171875  240.0
329.67242431640625  378.0
599.4781494140625  550.0
277.6492614746094  333.0
302.6603698730469  310.0
592.9616088867188  575.0
595.3216552734375  569.0
508.44537353515625  488.0
344.3365783691406  314.0
213.82748413085938  221.0
566.9800415039062  550.0
228.60916137695312  253.0
548.70068359375  538.0
211.40762329101562  397.0
486.17193603515625  467.0
398.7073974609375  377.0
333.0953369140625  392.0
371.62286376953125  378.0
601.4556274414062  763.0
273.04473876953125  283.0
238.82345581054688  223.0
345.64813232421875  419.0
411.7804260253906  493.0
209.98638916015625  209.0
570.704345703125  563.0
601.611083984375  763.0
575.7752685546875  520.0
578.88134765625  581.0
359.2042236328125  370.0
548.7097778320312  565.0
507.1988525390625  520.0
238.22280883789062  270.0
201.31527709960938  194.0
354.4873962402344  318.0
329.08544921875  398.0
522.7665405273438  526.0
540.3682250976562  773.0
433.7856140136719  411.0
290.76593017578125  379.0
340.6295471191406  348.0
581.446533203125  613.0
560.4376220703125  584.0
578.5448608398438  549.0
565.3570556640625  555.0
199.8946533203125  233.0
447.5455322265625  478.0
538.097900390625  678.0
587.4591064453125  541.0
578.4869995117188  513.0
575.4464721679688  530.0
520.529052734375  522.0
565.8936157226562  573.0
570.2423706054688  560.0
573.8019409179688  552.0
237.285888671875  207.0
367.90863037109375  360.0
388.1239013671875  191.0
192.5894775390625  213.0
326.8287353515625  359.0
557.2945556640625  623.0
566.3775024414062  537.0
475.79144287109375  459.0
548.9976806640625  523.0
413.736083984375  423.0
498.3351135253906  512.0
601.8651123046875  539.0
381.16796875  392.0
404.26171875  387.0
573.98974609375  542.0
180.7913360595703  130.0
406.614990234375  548.0
497.2021484375  475.0
199.09042358398438  272.0
311.042236328125  311.0
598.7700805664062  633.0
209.4495391845703  337.0
523.017333984375  484.0
217.544677734375  203.0
517.9357299804688  600.0
MSE : 3931.8548131972066
MAPE : 10.651260531595796
R2 Score : 0.8050417446949094
time : 1786.596156121057
