273.30950927734375  333.0
565.8360595703125  565.0
300.9451904296875  223.0
430.577392578125  360.0
587.6644897460938  520.0
347.8236999511719  366.0
490.1856384277344  493.0
581.65966796875  668.0
494.4527282714844  503.0
319.1039123535156  345.0
465.41943359375  363.0
362.5962829589844  293.0
353.4300842285156  327.0
311.3211364746094  268.0
519.1297607421875  512.0
364.17462158203125  331.0
494.0727844238281  522.0
266.3052673339844  323.0
587.0839233398438  613.0
582.683349609375  569.0
473.560791015625  563.0
252.2845916748047  220.0
451.9801940917969  678.0
587.1542358398438  508.0
573.9984741210938  449.0
537.0033569335938  562.0
559.9530639648438  564.0
484.1654357910156  522.0
487.0833435058594  499.0
464.1183776855469  420.0
526.990478515625  512.0
272.60968017578125  253.0
536.208984375  557.0
595.53955078125  444.0
559.8502197265625  626.0
495.02166748046875  517.0
246.69091796875  209.0
288.65655517578125  293.0
252.32867431640625  333.0
477.514892578125  486.0
244.1776123046875  206.0
494.6158142089844  502.0
237.80361938476562  225.0
372.3105163574219  377.0
342.1624755859375  330.0
406.7997131347656  409.0
223.37380981445312  298.0
533.6998901367188  531.0
552.4041137695312  589.0
479.1642761230469  493.0
591.3162231445312  603.0
599.1808471679688  566.0
493.844970703125  536.0
549.5555419921875  619.0
597.2046508789062  616.0
553.11669921875  579.0
519.6735229492188  545.0
508.1274108886719  573.0
595.7025146484375  550.0
485.2828674316406  483.0
485.81671142578125  520.0
478.3805847167969  482.0
564.1160278320312  590.0
234.2415313720703  233.0
517.2066040039062  425.0
534.9369506835938  563.0
420.0817565917969  353.0
548.5065307617188  563.0
517.3662719726562  498.0
564.6260375976562  593.0
486.0518798828125  523.0
260.3319396972656  211.0
489.26898193359375  494.0
367.1679992675781  366.0
389.4143981933594  385.0
208.34881591796875  213.0
413.7521667480469  411.0
407.87615966796875  384.0
170.947265625  197.0
556.5059204101562  475.0
490.3232421875  534.0
482.41680908203125  508.0
589.5354614257812  549.0
627.5897827148438  633.0
375.25640869140625  318.0
563.372314453125  562.0
492.15167236328125  538.0
493.6344909667969  401.0
476.224609375  440.0
212.69659423828125  376.0
218.8548583984375  397.0
MSE : 3364.638024677988
MAPE : 9.958222203071793
R2 Score : 0.7869702563690756
time : 2382.898647153983
