562.2750854492188  520.0
558.4453125  420.0
384.22686767578125  333.0
381.6038513183594  362.0
515.5371704101562  618.0
538.3560791015625  565.0
606.3366088867188  593.0
262.6622314453125  253.0
555.5547485351562  577.0
413.69354248046875  396.0
397.29705810546875  421.0
535.1096801757812  488.0
373.816650390625  315.0
252.43194580078125  293.0
535.0132446289062  569.0
215.42800903320312  192.0
391.9557189941406  330.0
302.8336486816406  268.0
375.38037109375  311.0
534.9426879882812  508.0
293.4482421875  239.0
382.3457946777344  398.0
606.0142211914062  616.0
603.0543212890625  569.0
519.8623657226562  479.0
552.6754150390625  531.0
290.7916564941406  315.0
601.539306640625  519.0
567.1468505859375  563.0
266.25982666015625  203.0
574.088623046875  618.0
606.2618408203125  449.0
537.3976440429688  580.0
593.2930908203125  529.0
296.83074951171875  187.0
386.10418701171875  373.0
279.5029602050781  233.0
295.1618957519531  251.0
273.0057067871094  283.0
555.3449096679688  561.0
283.82855224609375  348.0
380.6557312011719  333.0
286.400390625  378.0
606.4179077148438  590.0
392.6822204589844  379.0
245.3018341064453  196.0
544.0309448242188  533.0
578.6385498046875  519.0
386.7622375488281  425.0
283.6271667480469  281.0
545.15869140625  554.0
531.1140747070312  773.0
581.0946655273438  550.0
605.9877319335938  566.0
531.4011840820312  458.0
385.5635986328125  384.0
391.6380920410156  393.0
211.10382080078125  203.0
556.8931884765625  579.0
533.79833984375  549.0
277.6985778808594  327.0
308.4608459472656  318.0
605.55517578125  419.0
345.6741027832031  279.0
281.1206970214844  304.0
385.3198547363281  373.0
523.3154907226562  484.0
347.7033996582031  300.0
386.6704406738281  392.0
533.8682250976562  503.0
429.4670715332031  595.0
306.81121826171875  243.0
271.5456848144531  225.0
572.5836791992188  541.0
281.5255126953125  344.0
606.4189453125  763.0
520.195068359375  473.0
552.900390625  554.0
534.510009765625  529.0
280.1427307128906  348.0
385.68408203125  273.0
589.7030639648438  584.0
559.935791015625  508.0
541.7979736328125  520.0
284.11871337890625  365.0
577.3789672851562  563.0
460.7247009277344  423.0
308.2775573730469  349.0
568.09326171875  538.0
513.7152709960938  493.0
547.4291381835938  523.0
531.4295043945312  493.0
605.5699462890625  559.0
606.3812866210938  551.0
MSE : 3878.008223635365
MAPE : 11.659962235547965
R2 Score : 0.7814641606305552
time : 1026.7031634430168
