512.6652221679688  550.0
612.81787109375  643.0
254.6077423095703  283.0
328.03643798828125  319.0
226.57257080078125  221.0
317.43170166015625  330.0
474.7513427734375  485.0
491.1016845703125  520.0
282.04437255859375  269.0
168.3505096435547  152.0
347.5634765625  373.0
502.2984619140625  508.0
495.82147216796875  495.0
547.3136596679688  565.0
322.14385986328125  293.0
531.3603515625  539.0
225.64901733398438  390.0
244.5775604248047  270.0
297.009521484375  308.0
194.09739685058594  188.0
518.7021484375  522.0
526.917236328125  538.0
536.999267578125  559.0
397.4383239746094  401.0
414.880859375  393.0
514.8238525390625  526.0
545.7333984375  566.0
536.658447265625  561.0
333.3585205078125  349.0
272.70294189453125  348.0
412.857177734375  407.0
281.811279296875  330.0
282.5409240722656  199.0
513.64794921875  493.0
419.2004699707031  387.0
264.99005126953125  293.0
562.7142944335938  566.0
571.73193359375  626.0
306.64935302734375  324.0
588.3292846679688  621.0
206.3594970703125  228.0
310.8465881347656  324.0
190.16964721679688  206.0
435.2422180175781  419.0
514.3339233398438  508.0
543.8939819335938  560.0
404.7899475097656  440.0
544.912109375  568.0
465.1236572265625  482.0
471.2736511230469  363.0
495.5501708984375  491.0
275.8245544433594  266.0
608.7496337890625  623.0
360.88470458984375  389.0
514.682861328125  542.0
466.2539367675781  481.0
502.18475341796875  529.0
552.631103515625  587.0
569.139404296875  630.0
636.8534545898438  600.0
365.0468444824219  376.0
370.4637756347656  409.0
630.9352416992188  673.0
315.0637512207031  378.0
593.1182861328125  569.0
466.0225830078125  500.0
528.1717529296875  536.0
560.5607299804688  551.0
471.022216796875  484.0
263.0498962402344  239.0
316.6180114746094  363.0
475.06512451171875  484.0
324.0782165527344  324.0
589.2572631835938  616.0
529.9571533203125  552.0
504.900634765625  493.0
541.785888671875  556.0
523.5925903320312  539.0
333.75860595703125  348.0
275.7998962402344  259.0
361.59893798828125  362.0
477.0281982421875  483.0
562.4782104492188  579.0
506.25054931640625  513.0
204.33755493164062  195.0
302.2445983886719  344.0
262.65509033203125  229.0
385.65155029296875  417.0
322.4509582519531  353.0
500.1222839355469  519.0
197.17210388183594  194.0
410.7891845703125  318.0
470.6109619140625  488.0
214.72625732421875  203.0
527.9408569335938  545.0
312.9754943847656  343.0
480.10931396484375  520.0
644.4254760742188  773.0
519.8982543945312  536.0
579.9398803710938  569.0
MSE : 1316.2101768540429
MAPE : 6.495428367830863
R2 Score : 0.92664701279241
time : 1591.8803710299544
