569.3073120117188  763.0
549.4212036132812  773.0
562.6909790039062  584.0
547.88037109375  584.0
458.2440185546875  423.0
566.5037231445312  533.0
320.74755859375  300.0
566.7979125976562  531.0
565.6809692382812  458.0
295.1693115234375  269.0
560.2295532226562  522.0
548.26953125  517.0
368.2019958496094  409.0
376.7745361328125  385.0
548.986572265625  519.0
548.4428100585938  557.0
567.1978759765625  541.0
550.0330200195312  557.0
568.4203491210938  545.0
328.1469421386719  433.0
287.1669921875  310.0
340.6865234375  392.0
551.768798828125  488.0
320.4403076171875  265.0
308.1875915527344  324.0
564.867431640625  563.0
299.899169921875  196.0
564.4375  527.0
265.6416015625  213.0
556.867919921875  520.0
328.291259765625  370.0
324.54107666015625  330.0
553.4898681640625  589.0
395.5479431152344  373.0
212.30332946777344  220.0
219.32374572753906  253.0
559.4302368164062  581.0
331.6533203125  359.0
397.5330810546875  393.0
564.1410522460938  535.0
290.2716979980469  266.0
550.3851318359375  470.0
327.29833984375  191.0
562.9893798828125  503.0
549.2562866210938  618.0
210.08192443847656  233.0
507.765869140625  498.0
236.17140197753906  253.0
547.7578125  529.0
554.3255004882812  474.0
550.47705078125  494.0
316.40142822265625  333.0
292.19427490234375  315.0
207.6584014892578  243.0
563.657958984375  545.0
563.79150390625  581.0
551.1370849609375  501.0
565.637451171875  599.0
550.5362548828125  509.0
556.50634765625  478.0
548.448974609375  581.0
331.857666015625  345.0
559.2362060546875  538.0
304.43426513671875  239.0
562.5629272460938  630.0
569.7968139648438  583.0
556.0492553710938  530.0
546.1744384765625  604.0
555.5345458984375  530.0
452.263916015625  419.0
214.5834503173828  130.0
297.6094055175781  420.0
547.8817138671875  653.0
296.062255859375  197.0
218.9766387939453  190.0
211.8841094970703  192.0
278.20782470703125  203.0
338.3692932128906  308.0
222.6818084716797  211.0
548.690185546875  565.0
562.9679565429688  449.0
556.741455078125  525.0
560.3411865234375  551.0
315.86175537109375  368.0
302.8458557128906  324.0
559.1158447265625  500.0
206.6500701904297  217.0
557.5174560546875  685.0
412.2374267578125  374.0
402.4444580078125  393.0
556.2166748046875  539.0
524.5819091796875  643.0
307.0106506347656  241.0
555.4357299804688  482.0
568.405029296875  606.0
553.071044921875  618.0
405.9058532714844  395.0
MSE : 3628.2263589084732
MAPE : 11.92309382891655
R2 Score : 0.8305102293671275
time : 513.1823094539577
