334.294189453125  321.0
536.2265625  552.0
537.4382934570312  568.0
283.47283935546875  302.0
269.9052429199219  348.0
561.505126953125  493.0
324.34124755859375  324.0
417.1327819824219  393.0
288.24383544921875  293.0
511.3299255371094  527.0
351.0948791503906  318.0
543.7301635742188  527.0
379.1312255859375  403.0
525.4894409179688  530.0
287.0299377441406  272.0
247.9786834716797  240.0
340.36041259765625  378.0
579.8594360351562  550.0
329.30340576171875  333.0
316.2117919921875  310.0
560.9730834960938  575.0
601.9634399414062  569.0
528.0134887695312  539.0
389.1733093261719  314.0
222.32431030273438  221.0
538.0670166015625  550.0
287.0382995605469  253.0
524.7000122070312  538.0
369.69012451171875  397.0
487.0420837402344  467.0
374.22650146484375  377.0
405.1991271972656  392.0
375.5561218261719  378.0
660.182373046875  763.0
282.70172119140625  283.0
247.19851684570312  223.0
389.7703857421875  419.0
428.9248046875  493.0
576.8802490234375  584.0
213.198974609375  209.0
528.2249145507812  512.0
660.8087768554688  763.0
533.391357421875  584.0
530.5411987304688  520.0
556.017333984375  581.0
395.9258117675781  370.0
544.3438720703125  565.0
527.1414184570312  509.0
286.65020751953125  251.0
519.639404296875  520.0
212.58465576171875  194.0
338.197265625  318.0
393.9365234375  398.0
525.9434204101562  563.0
530.4896240234375  526.0
663.9971923828125  773.0
419.6710205078125  411.0
313.3829040527344  379.0
340.8692626953125  348.0
651.201904296875  613.0
546.3350830078125  584.0
527.6049194335938  549.0
541.69189453125  555.0
519.6498413085938  488.0
282.81842041015625  270.0
218.365966796875  233.0
428.36737060546875  478.0
572.488525390625  678.0
552.7724609375  541.0
517.1643676757812  513.0
512.0838012695312  530.0
525.924560546875  522.0
557.886962890625  573.0
552.5078125  560.0
588.437255859375  552.0
219.38870239257812  207.0
375.21331787109375  360.0
303.040283203125  191.0
199.11483764648438  213.0
353.386962890625  359.0
553.90087890625  623.0
521.8109130859375  537.0
487.38275146484375  459.0
573.6995849609375  523.0
385.7274475097656  423.0
487.8226318359375  512.0
572.2941284179688  539.0
378.26715087890625  392.0
403.6836853027344  387.0
549.722412109375  542.0
219.36660766601562  130.0
442.80755615234375  548.0
600.5071411132812  475.0
239.381591796875  272.0
334.5239562988281  311.0
657.3396606445312  633.0
348.2215576171875  337.0
408.8853454589844  484.0
209.77496337890625  203.0
531.3599853515625  600.0
MSE : 1724.7970298340101
MAPE : 7.370978456750738
R2 Score : 0.9125103146076268
time : 12429.395492453012
