584.5720825195312  763.0
595.4057006835938  773.0
502.6062927246094  584.0
503.700927734375  584.0
433.4464416503906  423.0
501.434814453125  533.0
321.12054443359375  300.0
550.3654174804688  531.0
487.70709228515625  458.0
297.8707275390625  269.0
605.6893310546875  522.0
599.107177734375  568.0
363.6983642578125  409.0
343.2701416015625  385.0
509.3527526855469  519.0
603.719970703125  557.0
526.0760498046875  541.0
606.3786010742188  557.0
556.5340576171875  545.0
357.7826232910156  433.0
314.6471862792969  310.0
369.62066650390625  389.0
509.99981689453125  488.0
279.48150634765625  265.0
281.4630126953125  324.0
606.5487670898438  563.0
279.7034606933594  196.0
593.134765625  527.0
290.1132507324219  213.0
522.5864868164062  520.0
364.11407470703125  370.0
346.4796447753906  330.0
594.3622436523438  589.0
367.9889221191406  373.0
286.3560791015625  220.0
279.77777099609375  253.0
604.5986328125  581.0
369.0972595214844  359.0
279.76446533203125  393.0
528.0947875976562  535.0
307.77899169921875  266.0
529.601806640625  470.0
300.21893310546875  191.0
439.2862854003906  503.0
561.7952270507812  618.0
314.4518737792969  233.0
536.038330078125  498.0
576.598876953125  517.0
294.1791076660156  253.0
484.17999267578125  529.0
501.06573486328125  474.0
524.3560180664062  494.0
369.5892333984375  333.0
304.4499816894531  315.0
294.7584228515625  243.0
603.5514526367188  545.0
546.2621459960938  581.0
512.18603515625  501.0
530.9891967773438  599.0
529.202392578125  509.0
539.6824340820312  478.0
537.8706665039062  581.0
364.5044250488281  345.0
596.8713989257812  538.0
279.68170166015625  239.0
606.4319458007812  630.0
532.1224975585938  583.0
605.3019409179688  530.0
601.1742553710938  604.0
521.4146728515625  530.0
437.7088623046875  419.0
314.4042053222656  130.0
369.3558654785156  420.0
605.5197143554688  653.0
282.46429443359375  197.0
305.3818054199219  190.0
279.77337646484375  192.0
287.16912841796875  203.0
357.6790771484375  392.0
298.90191650390625  308.0
296.26739501953125  211.0
577.3939819335938  565.0
488.91912841796875  449.0
537.4067993164062  525.0
523.3660888671875  551.0
347.5462646484375  368.0
286.7337341308594  324.0
523.166259765625  500.0
364.872802734375  217.0
502.39007568359375  685.0
435.1977233886719  374.0
368.55804443359375  401.0
599.511474609375  539.0
597.4574584960938  643.0
287.888427734375  241.0
522.14404296875  482.0
532.3076782226562  606.0
603.2542114257812  618.0
369.1009521484375  393.0
351.580810546875  395.0
MSE : 3849.2557555517556
MAPE : 14.07823749302245
R2 Score : 0.8164396776784388
time : 683.2323830029927
