276.0823974609375  313.0
344.75067138671875  298.0
560.0148315429688  604.0
558.09765625  522.0
557.3594360351562  491.0
560.4884033203125  603.0
558.1513061523438  493.0
368.42620849609375  363.0
555.2135620117188  533.0
369.7824401855469  350.0
263.419677734375  220.0
560.6763916015625  569.0
433.8148193359375  392.0
559.1807250976562  537.0
413.8354797363281  411.0
553.7352294921875  584.0
554.5140380859375  494.0
554.2413940429688  545.0
418.4553527832031  545.0
215.156005859375  204.0
252.24374389648438  333.0
557.0371704101562  589.0
559.4501953125  486.0
352.99884033203125  358.0
326.5051574707031  370.0
262.6209411621094  254.0
559.30322265625  495.0
557.2415771484375  501.0
561.3698120117188  536.0
559.4473876953125  562.0
360.62274169921875  233.0
559.577880859375  557.0
557.25439453125  560.0
335.27655029296875  498.0
345.8458251953125  433.0
273.05364990234375  206.0
557.738525390625  503.0
387.2782897949219  368.0
356.0386657714844  424.0
340.7725830078125  348.0
365.28265380859375  387.0
422.7679443359375  478.0
553.9986572265625  555.0
561.4093017578125  474.0
292.2138977050781  378.0
557.9476928710938  550.0
562.1666259765625  673.0
560.0641479492188  482.0
407.47589111328125  423.0
557.1600952148438  541.0
255.93881225585938  335.0
560.3930053710938  530.0
375.98907470703125  384.0
364.203857421875  209.0
555.5117797851562  523.0
413.28216552734375  409.0
296.1177978515625  217.0
557.263671875  472.0
205.50836181640625  221.0
556.6463623046875  512.0
289.36602783203125  195.0
427.79168701171875  519.0
560.823486328125  613.0
537.6043090820312  563.0
553.549072265625  546.0
556.2158203125  533.0
552.9890747070312  488.0
354.43603515625  398.0
553.440185546875  618.0
561.718505859375  522.0
549.2451171875  526.0
559.46337890625  528.0
411.87542724609375  318.0
560.2086181640625  493.0
554.3567504882812  643.0
312.12286376953125  403.0
559.6071166992188  577.0
558.0125732421875  525.0
561.1869506835938  564.0
548.5056762695312  499.0
559.272216796875  497.0
561.6322631835938  474.0
405.269287109375  548.0
341.6470947265625  378.0
366.896728515625  347.0
557.9772338867188  584.0
408.4022216796875  523.0
340.8033752441406  211.0
265.1592102050781  324.0
196.5072479248047  171.0
556.01171875  685.0
560.0107421875  545.0
401.96588134765625  300.0
556.8414306640625  528.0
556.540283203125  562.0
376.1693115234375  331.0
560.159423828125  763.0
247.0843963623047  199.0
371.64398193359375  473.0
468.2442626953125  425.0
MSE : 4366.420781556149
MAPE : 13.077910467678494
R2 Score : 0.7288240092432818
time : 251.4664324829355
