312.1654968261719  241.0
180.09510803222656  191.0
653.0086669921875  763.0
335.4988708496094  425.0
200.70948791503906  213.0
546.27978515625  499.0
641.6161499023438  653.0
552.7903442382812  565.0
455.95660400390625  440.0
544.855224609375  515.0
540.6309814453125  534.0
646.6400756835938  569.0
648.861083984375  569.0
541.326904296875  503.0
569.9487915039062  584.0
527.512939453125  533.0
383.15521240234375  409.0
557.9505004882812  545.0
264.0622863769531  330.0
510.7273864746094  539.0
578.6011352539062  538.0
589.53759765625  550.0
494.79150390625  499.0
385.29852294921875  398.0
554.3123168945312  584.0
383.667724609375  378.0
171.20230102539062  187.0
197.97857666015625  192.0
372.71051025390625  355.0
494.1952209472656  493.0
549.8067626953125  549.0
385.2494201660156  384.0
212.28384399414062  243.0
492.3910217285156  512.0
553.2647705078125  556.0
635.2174682617188  593.0
572.4939575195312  557.0
350.3138427734375  344.0
543.6597900390625  527.0
313.7278747558594  281.0
560.2999267578125  508.0
276.8468933105469  211.0
545.6312255859375  492.0
619.864013671875  577.0
389.0083923339844  360.0
575.5855712890625  626.0
214.1075897216797  233.0
553.0986328125  484.0
396.8845520019531  380.0
357.75250244140625  376.0
206.7561492919922  197.0
399.7259826660156  475.0
495.3372497558594  459.0
225.29238891601562  311.0
545.4507446289062  541.0
426.2442932128906  420.0
384.6060485839844  392.0
565.5282592773438  550.0
222.50782775878906  206.0
411.37298583984375  411.0
523.549072265625  497.0
526.233154296875  557.0
301.90667724609375  270.0
289.3421936035156  325.0
372.97808837890625  362.0
216.17645263671875  293.0
533.151123046875  401.0
432.3262023925781  423.0
209.2750701904297  194.0
324.6669921875  308.0
522.4871215820312  523.0
546.633544921875  545.0
269.39825439453125  239.0
465.6857604980469  419.0
196.04342651367188  319.0
156.64244079589844  273.0
373.1786804199219  417.0
339.7908630371094  378.0
536.200439453125  658.0
167.2346954345703  366.0
542.5517578125  618.0
506.9184875488281  501.0
414.8125915527344  363.0
568.194580078125  551.0
247.45997619628906  253.0
361.98040771484375  318.0
169.4490966796875  331.0
549.6326904296875  535.0
518.9220581054688  508.0
444.3703918457031  478.0
522.015625  503.0
192.506103515625  204.0
564.7881469726562  545.0
556.5076293945312  566.0
469.0618591308594  449.0
554.09521484375  547.0
MSE : 2625.3510386549387
MAPE : 9.13087899988215
R2 Score : 0.8477165945428508
time : 1483.7871003760956
