538.6868896484375  650.0
347.5645446777344  433.0
531.4141845703125  522.0
312.5619201660156  304.0
316.80377197265625  424.0
584.5650634765625  557.0
550.8483276367188  552.0
515.8814697265625  508.0
504.6597900390625  493.0
502.87847900390625  532.0
372.10772705078125  387.0
518.6856689453125  539.0
599.5924682617188  604.0
314.7217102050781  348.0
562.6917724609375  544.0
362.0489196777344  389.0
386.00067138671875  418.0
573.6768798828125  513.0
347.16632080078125  413.0
544.3381958007812  528.0
253.835693359375  270.0
421.475341796875  388.0
321.52911376953125  316.0
438.9189453125  407.0
592.6660766601562  587.0
199.3634796142578  173.0
514.8202514648438  526.0
271.88677978515625  217.0
382.53497314453125  433.0
359.5102233886719  366.0
562.919921875  613.0
585.1995849609375  593.0
406.94427490234375  191.0
608.5037841796875  773.0
505.94317626953125  495.0
513.24072265625  508.0
497.3567810058594  500.0
276.5503234863281  393.0
361.3900146484375  425.0
518.8712768554688  512.0
494.8213806152344  475.0
606.1214599609375  673.0
371.95269775390625  353.0
568.5562133789062  557.0
540.898681640625  535.0
503.92364501953125  595.0
412.3851013183594  318.0
749.6527709960938  763.0
571.3216552734375  590.0
594.653076171875  668.0
550.6268920898438  559.0
548.80029296875  555.0
495.7344970703125  474.0
580.9578857421875  560.0
318.649658203125  333.0
365.6557312011719  373.0
555.1339111328125  632.0
495.2266845703125  538.0
710.7174072265625  763.0
556.6384887695312  565.0
324.7915954589844  330.0
333.29901123046875  348.0
369.5098876953125  409.0
519.3800048828125  521.0
502.9710693359375  505.0
348.8388977050781  331.0
360.255126953125  379.0
296.191650390625  218.0
547.6279907226562  563.0
512.137451171875  520.0
342.8245849609375  359.0
383.16802978515625  393.0
357.775146484375  386.0
630.3491821289062  616.0
227.11618041992188  233.0
515.4505004882812  273.0
433.94598388671875  415.0
613.1441650390625  618.0
356.3974609375  213.0
308.007568359375  330.0
346.60687255859375  362.0
190.56646728515625  207.0
544.8397827148438  577.0
506.42181396484375  508.0
501.1729736328125  507.0
541.5817260742188  672.0
384.15081787109375  384.0
591.0226440429688  607.0
228.87841796875  279.0
476.4708251953125  493.0
331.8643798828125  377.0
314.92803955078125  345.0
373.1158752441406  363.0
566.4375610351562  565.0
495.9552307128906  488.0
354.69512939453125  256.0
542.3248291015625  551.0
512.3860473632812  539.0
419.89276123046875  411.0
425.54833984375  392.0
MSE : 3155.3464612744865
MAPE : 9.498039780233084
R2 Score : 0.8195037229590786
time : 558.5666598599637
