235.5100860595703  331.0
403.1357727050781  392.0
731.8898315429688  669.0
546.3705444335938  549.0
511.9537048339844  563.0
274.0566711425781  254.0
587.173095703125  668.0
516.307373046875  481.0
573.9424438476562  552.0
568.57470703125  546.0
176.51412963867188  206.0
529.4410400390625  554.0
512.72802734375  488.0
522.2506713867188  538.0
324.08837890625  365.0
587.9164428710938  630.0
550.5668334960938  577.0
517.2396850585938  528.0
210.8369903564453  243.0
726.1119384765625  595.0
394.7109069824219  353.0
585.1177978515625  658.0
324.4134521484375  313.0
327.0608215332031  308.0
308.0709228515625  298.0
473.2928161621094  485.0
172.0409698486328  195.0
534.3299560546875  579.0
499.6211242675781  493.0
500.8322448730469  481.0
181.07086181640625  152.0
609.91015625  590.0
318.9537658691406  349.0
463.88909912109375  507.0
593.4640502929688  580.0
535.4527587890625  458.0
491.0734558105469  492.0
300.2708740234375  300.0
468.8360290527344  500.0
467.69482421875  360.0
586.1348876953125  493.0
569.37890625  550.0
553.076904296875  484.0
578.5357666015625  650.0
404.1258239746094  374.0
426.521484375  444.0
383.2734375  256.0
402.307861328125  373.0
328.7431335449219  348.0
530.5125732421875  533.0
395.8594665527344  393.0
272.4854736328125  217.0
427.46112060546875  457.0
608.150390625  580.0
279.6744689941406  359.0
660.3892822265625  569.0
487.6351623535156  473.0
497.7994384765625  495.0
517.9857788085938  536.0
222.17713928222656  228.0
431.09130859375  475.0
336.9770812988281  191.0
407.9536437988281  421.0
539.0372314453125  619.0
557.9346313476562  545.0
226.4687042236328  219.0
504.3746643066406  517.0
516.8137817382812  475.0
398.103759765625  433.0
566.8218383789062  513.0
511.5760803222656  523.0
500.6930847167969  532.0
413.0215759277344  403.0
529.0324096679688  491.0
202.8015594482422  203.0
421.57421875  419.0
534.1376953125  545.0
543.7701416015625  536.0
339.6656188964844  324.0
376.95947265625  393.0
428.85162353515625  424.0
445.0837097167969  449.0
547.7545166015625  530.0
581.23583984375  606.0
533.3229370117188  545.0
317.0543212890625  331.0
473.69464111328125  479.0
333.5256652832031  321.0
499.9067687988281  502.0
375.5274963378906  415.0
214.74720764160156  213.0
269.5194091796875  302.0
503.20526123046875  500.0
545.4365234375  541.0
572.0870971679688  589.0
MSE : 1943.7963242608832
MAPE : 7.9498858916656685
R2 Score : 0.8781675608844093
time : 2396.766390244942
