560.3146362304688  552.0
560.5199584960938  401.0
380.5980529785156  403.0
376.0773620605469  325.0
555.5159301757812  672.0
531.6776123046875  507.0
263.05194091796875  321.0
530.6173095703125  502.0
263.0411071777344  221.0
263.064208984375  269.0
557.811279296875  528.0
560.5914916992188  534.0
505.21112060546875  419.0
263.0382385253906  348.0
560.6002807617188  569.0
542.3318481445312  478.0
263.1826171875  226.0
263.0387268066406  304.0
559.7021484375  630.0
508.2850646972656  419.0
540.0198364257812  763.0
560.17724609375  559.0
539.5267944335938  530.0
553.8909301757812  531.0
560.6449584960938  616.0
263.0517272949219  390.0
560.1840209960938  587.0
329.4363708496094  393.0
374.54315185546875  409.0
384.50726318359375  417.0
559.1321411132812  573.0
532.314453125  481.0
263.0915832519531  228.0
560.563720703125  595.0
263.0830078125  270.0
541.2802734375  613.0
548.2152099609375  495.0
548.8544311523438  500.0
263.0843505859375  319.0
532.4150390625  546.0
374.5193786621094  330.0
349.700439453125  333.0
560.5407104492188  606.0
263.03759765625  218.0
391.27435302734375  430.0
560.4664916992188  522.0
532.4581909179688  493.0
537.252197265625  575.0
530.1868896484375  653.0
263.041748046875  206.0
373.8876647949219  393.0
482.916259765625  444.0
545.261962890625  561.0
374.7358703613281  418.0
373.6771545410156  320.0
375.0791320800781  279.0
263.10223388671875  266.0
373.796875  343.0
263.04217529296875  324.0
373.11590576171875  386.0
560.557373046875  493.0
374.00341796875  298.0
263.05694580078125  331.0
263.0450134277344  358.0
533.0028076171875  619.0
263.0585021972656  197.0
530.4432983398438  537.0
546.6592407226562  482.0
263.0426025390625  243.0
377.0319519042969  363.0
560.2516479492188  556.0
545.4335327148438  484.0
373.50408935546875  433.0
560.3916015625  551.0
543.5333862304688  474.0
540.5985107421875  557.0
374.3668518066406  273.0
560.6973876953125  559.0
530.2926635742188  600.0
263.4761047363281  259.0
387.8752746582031  385.0
532.8045654296875  500.0
373.42138671875  278.0
560.5189819335938  545.0
263.0428771972656  315.0
263.03729248046875  225.0
534.5403442382812  548.0
560.1488647460938  569.0
559.4220581054688  581.0
543.4789428710938  551.0
549.1810913085938  643.0
557.552001953125  533.0
348.3398742675781  315.0
263.04437255859375  310.0
531.9757080078125  512.0
263.0480041503906  363.0
263.0318908691406  152.0
538.9515380859375  533.0
530.2044677734375  549.0
351.46502685546875  363.0
MSE : 3518.5564381332324
MAPE : 12.01948423338393
R2 Score : 0.7981032025171004
time : 1465.605333473999
