483.2196350097656  481.0
566.1919555664062  533.0
552.828125  549.0
519.822998046875  520.0
504.50457763671875  503.0
528.424560546875  599.0
379.5829162597656  393.0
498.19091796875  520.0
259.857421875  283.0
350.84979248046875  327.0
253.52098083496094  221.0
327.6341857910156  345.0
563.6080932617188  411.0
579.252197265625  562.0
299.9497985839844  300.0
458.3463439941406  273.0
258.3109436035156  298.0
364.2259216308594  363.0
361.9483642578125  330.0
512.7345581054688  533.0
323.0959777832031  319.0
532.33447265625  526.0
200.69638061523438  188.0
401.5028991699219  406.0
415.384033203125  432.0
336.75421142578125  376.0
327.6341857910156  324.0
558.62060546875  551.0
567.9940185546875  575.0
417.2999572753906  318.0
371.7879333496094  350.0
486.2865295410156  440.0
209.86695861816406  243.0
371.735595703125  417.0
532.1474609375  490.0
419.8446350097656  407.0
457.055908203125  459.0
596.1737670898438  563.0
521.7304077148438  518.0
370.56463623046875  378.0
394.9842834472656  387.0
427.2655334472656  423.0
542.5277099609375  528.0
208.9521026611328  266.0
303.6260681152344  207.0
411.62310791015625  444.0
383.24591064453125  315.0
361.9276123046875  374.0
281.766845703125  331.0
532.8257446289062  568.0
483.7688293457031  507.0
418.1575622558594  333.0
603.6419067382812  545.0
474.7060852050781  475.0
391.4556884765625  355.0
538.1170043945312  512.0
194.5041961669922  223.0
386.2768859863281  387.0
520.0494384765625  488.0
441.4077453613281  419.0
346.9269714355469  444.0
272.1260070800781  251.0
533.8961791992188  550.0
263.7793273925781  253.0
378.5694580078125  256.0
493.1284484863281  508.0
564.4240112304688  563.0
486.1032409667969  482.0
368.82073974609375  331.0
605.588623046875  493.0
547.5731201171875  544.0
564.071533203125  513.0
327.754150390625  330.0
487.09100341796875  521.0
619.5427856445312  621.0
505.98016357421875  519.0
314.0640869140625  268.0
491.82666015625  539.0
322.8394470214844  316.0
427.6096496582031  430.0
507.710205078125  502.0
199.8780059814453  223.0
482.3695068359375  486.0
283.6611022949219  348.0
398.8087463378906  396.0
375.0165100097656  328.0
371.3067932128906  413.0
761.060302734375  669.0
216.9989013671875  397.0
377.97259521484375  385.0
580.9788208007812  545.0
558.0968017578125  503.0
208.20098876953125  272.0
550.9925537109375  590.0
547.287841796875  545.0
MSE : 2490.0761659045093
MAPE : 9.108230092245789
R2 Score : 0.8018656980430452
time : 2363.1905994199915
