299.8458557128906  241.0
213.1067657470703  191.0
681.5421752929688  763.0
423.74615478515625  425.0
220.77154541015625  213.0
534.416259765625  499.0
585.2682495117188  653.0
561.9508056640625  565.0
398.5802917480469  440.0
521.6193237304688  515.0
522.0463256835938  534.0
582.5408935546875  569.0
584.0386352539062  569.0
524.2671508789062  503.0
570.8060302734375  584.0
523.6942749023438  533.0
389.80377197265625  409.0
537.182861328125  545.0
321.2785949707031  330.0
508.4995422363281  539.0
564.8282470703125  538.0
578.0536499023438  550.0
508.6324768066406  499.0
347.11737060546875  398.0
561.7215576171875  584.0
334.9211120605469  378.0
184.73976135253906  187.0
218.84214782714844  192.0
316.2853088378906  355.0
510.0111083984375  493.0
559.1881103515625  549.0
428.2408142089844  384.0
218.5194854736328  243.0
487.88653564453125  512.0
566.5314331054688  556.0
617.7702026367188  593.0
575.0396118164062  557.0
332.5487976074219  344.0
521.7029418945312  527.0
271.77313232421875  281.0
566.0171508789062  508.0
224.0901336669922  211.0
568.0382690429688  492.0
558.3550415039062  577.0
377.56207275390625  360.0
575.3624877929688  626.0
217.43263244628906  233.0
515.106201171875  484.0
359.1884460449219  380.0
343.6476135253906  376.0
218.93531799316406  197.0
454.1674499511719  475.0
513.0764770507812  459.0
291.4690856933594  311.0
561.7304077148438  541.0
377.8470764160156  420.0
356.52685546875  392.0
588.5535278320312  550.0
220.82052612304688  206.0
412.2101135253906  411.0
508.74188232421875  497.0
507.9449157714844  557.0
229.00401306152344  270.0
355.94659423828125  325.0
345.9090576171875  362.0
301.79974365234375  293.0
447.9793395996094  401.0
410.1464538574219  423.0
208.71298217773438  194.0
332.6513671875  308.0
561.8413696289062  523.0
530.7988891601562  545.0
265.3388366699219  239.0
377.04754638671875  419.0
281.26055908203125  319.0
42.0913200378418  273.0
378.8298034667969  417.0
329.9511413574219  378.0
550.8250122070312  658.0
208.30799865722656  366.0
571.3045654296875  618.0
506.5133972167969  501.0
407.8879089355469  363.0
554.287841796875  551.0
243.39723205566406  253.0
337.27825927734375  318.0
201.01914978027344  331.0
570.3955078125  535.0
510.1404113769531  508.0
442.93359375  478.0
511.96429443359375  503.0
207.9764862060547  204.0
467.1847839355469  545.0
576.8247680664062  566.0
488.8857116699219  449.0
598.2913208007812  547.0
MSE : 2098.8339934531746
MAPE : 8.094153142487288
R2 Score : 0.8782571993968361
time : 918.2087075340096
