220.38619995117188  241.0
216.618896484375  191.0
663.2763671875  763.0
350.5191955566406  425.0
207.2447052001953  213.0
529.1730346679688  499.0
627.5569458007812  653.0
556.8985595703125  565.0
522.6395263671875  440.0
522.8512573242188  515.0
554.5045776367188  534.0
590.1619873046875  569.0
660.0629272460938  618.0
521.429931640625  503.0
549.331298828125  584.0
521.17041015625  533.0
399.7960510253906  409.0
584.3229370117188  545.0
322.6112060546875  330.0
529.6851196289062  539.0
550.7747192382812  538.0
577.8679809570312  550.0
490.4532470703125  499.0
384.9232482910156  398.0
548.9866943359375  584.0
404.5205993652344  378.0
245.3304443359375  187.0
198.90187072753906  192.0
393.5383605957031  355.0
498.1058349609375  493.0
543.5869140625  555.0
388.1827697753906  384.0
282.0526428222656  243.0
501.06640625  512.0
556.35302734375  556.0
610.244140625  593.0
610.7723388671875  557.0
315.5447998046875  344.0
554.9064331054688  527.0
308.6188049316406  281.0
504.3059387207031  508.0
215.01353454589844  211.0
531.4043579101562  549.0
537.15380859375  492.0
582.0903930664062  577.0
337.53851318359375  360.0
585.523681640625  589.0
219.62008666992188  233.0
560.8591918945312  484.0
614.9496459960938  569.0
365.5492248535156  380.0
342.7215270996094  376.0
200.00082397460938  197.0
418.3406677246094  475.0
502.07440185546875  459.0
328.4559326171875  311.0
580.5875854492188  541.0
387.6830139160156  420.0
364.2468566894531  392.0
659.5612182617188  550.0
231.65704345703125  206.0
429.9418640136719  411.0
518.8754272460938  497.0
591.8927001953125  557.0
249.01870727539062  251.0
339.615234375  325.0
387.9185485839844  362.0
590.306396484375  626.0
279.30035400390625  293.0
568.3073120117188  401.0
421.4045104980469  423.0
197.6531982421875  194.0
295.2217712402344  308.0
495.79339599609375  523.0
555.8604125976562  545.0
231.54400634765625  239.0
524.7236328125  419.0
273.02655029296875  270.0
341.1784973144531  319.0
398.4407043457031  273.0
374.59600830078125  417.0
343.8928527832031  378.0
619.4048461914062  658.0
226.2222900390625  366.0
513.47900390625  618.0
515.03466796875  501.0
450.9521179199219  363.0
551.4104614257812  551.0
285.31982421875  253.0
332.1675720214844  318.0
285.81976318359375  331.0
553.21630859375  535.0
491.7481994628906  508.0
518.3751831054688  478.0
536.2335205078125  503.0
196.8620147705078  204.0
475.4909362792969  545.0
596.3917846679688  566.0
484.9076232910156  449.0
653.3548583984375  547.0
MSE : 2092.518545643268
MAPE : 7.88724411560585
R2 Score : 0.8811547758586007
time : 3987.3181139470544
