351.2515869140625  373.0
565.77197265625  562.0
683.7957763671875  649.0
214.91943359375  213.0
201.9292449951172  190.0
255.61973571777344  187.0
398.43389892578125  384.0
217.0941925048828  217.0
317.7973937988281  310.0
456.73046875  430.0
591.7545166015625  535.0
543.7835693359375  531.0
378.06817626953125  360.0
433.98651123046875  449.0
258.88043212890625  278.0
511.5691833496094  474.0
471.80633544921875  475.0
591.280029296875  613.0
287.2554626464844  331.0
578.5452880859375  575.0
500.51751708984375  501.0
544.3450927734375  523.0
608.1441040039062  552.0
537.2647705078125  529.0
370.3915710449219  370.0
418.9400634765625  393.0
525.9698486328125  512.0
590.7621459960938  573.0
575.0477294921875  513.0
575.2235107421875  528.0
416.16168212890625  407.0
269.08319091796875  283.0
408.5652160644531  387.0
200.41920471191406  188.0
509.1361389160156  474.0
591.9700317382812  550.0
564.2171020507812  563.0
552.3062133789062  531.0
542.2164916992188  545.0
535.5167846679688  527.0
395.86834716796875  409.0
249.06138610839844  272.0
592.8577880859375  566.0
623.5723266601562  685.0
221.5655975341797  266.0
206.7256317138672  206.0
598.8947143554688  668.0
480.85980224609375  500.0
540.6339111328125  563.0
137.30210876464844  152.0
388.3075866699219  373.0
629.7981567382812  773.0
563.0440063476562  577.0
569.022705078125  552.0
549.3408203125  539.0
566.2593994140625  525.0
332.3301086425781  365.0
212.53834533691406  203.0
488.22760009765625  494.0
235.71514892578125  226.0
568.46533203125  561.0
598.6218872070312  616.0
353.7584228515625  415.0
552.6160888671875  544.0
507.0052490234375  488.0
198.3080291748047  203.0
340.68896484375  318.0
557.1597900390625  563.0
387.2657165527344  363.0
342.9382019042969  397.0
676.0902099609375  633.0
202.29100036621094  390.0
397.52301025390625  417.0
603.9671630859375  555.0
200.25247192382812  223.0
642.642578125  600.0
548.6307373046875  527.0
597.019775390625  604.0
213.05984497070312  223.0
497.1100158691406  500.0
400.03173828125  433.0
295.5317687988281  249.0
345.2895812988281  377.0
539.4298095703125  550.0
539.881103515625  508.0
676.96435546875  603.0
535.4012451171875  503.0
535.4075927734375  498.0
603.0812377929688  565.0
520.5714111328125  518.0
748.8571166992188  653.0
318.81134033203125  313.0
237.18832397460938  220.0
540.1844482421875  519.0
556.61083984375  600.0
503.5196533203125  482.0
522.642333984375  521.0
532.4569091796875  526.0
190.19882202148438  293.0
MSE : 1591.0633909451856
MAPE : 6.508253687312426
R2 Score : 0.9174928217665841
time : 712.3311013639905
