483.47021484375  481.0
573.6190185546875  533.0
561.2871704101562  549.0
534.11669921875  520.0
519.87060546875  503.0
554.7313842773438  599.0
365.6175231933594  393.0
491.8928527832031  520.0
278.10504150390625  283.0
345.069091796875  327.0
238.61331176757812  221.0
342.2051696777344  345.0
418.98358154296875  411.0
570.89794921875  562.0
322.6304016113281  300.0
183.65280151367188  273.0
311.1888122558594  298.0
401.7066955566406  363.0
340.2915344238281  330.0
572.6324462890625  533.0
226.04617309570312  319.0
522.0672607421875  526.0
189.00877380371094  188.0
400.7270202636719  406.0
417.5978698730469  432.0
383.1542663574219  376.0
342.2051696777344  324.0
553.4812622070312  551.0
560.4813842773438  575.0
393.2801818847656  318.0
332.67730712890625  350.0
538.4478759765625  440.0
199.35275268554688  243.0
392.1121520996094  417.0
525.932373046875  490.0
395.6724853515625  407.0
445.0885314941406  459.0
581.3013305664062  563.0
518.3685913085938  518.0
396.2251892089844  378.0
411.6737365722656  387.0
410.4148864746094  423.0
518.5538940429688  528.0
242.45236206054688  266.0
255.58935546875  207.0
474.20404052734375  444.0
291.0105895996094  315.0
398.8814392089844  374.0
287.0405578613281  331.0
562.1207275390625  568.0
484.6972961425781  507.0
356.4617614746094  333.0
468.2732849121094  545.0
512.6294555664062  475.0
352.1419372558594  355.0
543.4713134765625  512.0
204.21820068359375  223.0
401.6757507324219  387.0
541.147705078125  488.0
429.5151062011719  419.0
456.24029541015625  444.0
266.7584533691406  251.0
542.164306640625  550.0
259.0207214355469  253.0
339.34613037109375  256.0
510.5914001464844  508.0
544.9035034179688  563.0
485.7510986328125  482.0
189.32565307617188  331.0
619.3800659179688  493.0
562.101318359375  544.0
544.9926147460938  513.0
351.9425964355469  330.0
490.9208068847656  521.0
637.9400024414062  621.0
592.077392578125  519.0
272.0364074707031  268.0
500.62432861328125  539.0
332.1296691894531  316.0
413.1107177734375  430.0
522.4452514648438  502.0
223.54254150390625  223.0
487.47198486328125  486.0
414.45953369140625  348.0
399.3385925292969  396.0
348.0478515625  328.0
398.5162048339844  413.0
630.510498046875  669.0
303.39739990234375  397.0
387.6186218261719  385.0
562.0004272460938  545.0
512.621826171875  503.0
215.2532196044922  272.0
567.8125610351562  590.0
560.5806884765625  545.0
MSE : 1509.2605090282514
MAPE : 7.155867355392345
R2 Score : 0.8799087829030775
time : 1782.3585956289899
