414.9154968261719  407.0
446.02294921875  411.0
500.9661865234375  497.0
565.0160522460938  539.0
524.0357055664062  521.0
523.3192138671875  520.0
523.6840209960938  545.0
349.7680969238281  313.0
614.8209838867188  604.0
670.9409790039062  560.0
499.8924560546875  493.0
422.07879638671875  503.0
474.9969482421875  475.0
484.3067626953125  500.0
359.4446716308594  348.0
404.5313415527344  419.0
260.5472412109375  241.0
212.52198791503906  213.0
355.83380126953125  348.0
612.632568359375  578.0
513.4223022460938  542.0
564.9104614257812  563.0
466.600341796875  492.0
539.5001220703125  531.0
435.9432067871094  444.0
373.9415283203125  358.0
328.279541015625  425.0
402.809814453125  433.0
248.93759155273438  205.0
541.5936279296875  584.0
572.8414916992188  584.0
567.7415161132812  615.0
342.4423828125  330.0
393.1239013671875  384.0
473.2869873046875  493.0
297.2713623046875  331.0
538.4989624023438  559.0
540.7362670898438  537.0
462.58111572265625  393.0
332.8617248535156  397.0
418.8179931640625  498.0
510.8514404296875  528.0
484.00372314453125  479.0
354.274169921875  355.0
301.7709655761719  281.0
404.99847412109375  401.0
488.73828125  484.0
283.9674987792969  239.0
470.120849609375  419.0
363.1070251464844  378.0
308.1451721191406  265.0
531.441162109375  552.0
520.2966918945312  508.0
248.09046936035156  233.0
627.400634765625  595.0
562.1441650390625  618.0
187.72003173828125  223.0
468.4360046386719  470.0
316.285888671875  310.0
362.35430908203125  324.0
544.6227416992188  563.0
518.161865234375  523.0
181.43992614746094  173.0
388.413818359375  411.0
545.3888549804688  633.0
613.145263671875  616.0
629.8833618164062  678.0
679.0094604492188  590.0
230.98875427246094  213.0
624.5119018554688  579.0
558.7510375976562  566.0
474.9120178222656  467.0
231.7307891845703  293.0
483.57843017578125  494.0
315.6079406738281  344.0
248.7024688720703  323.0
543.5557250976562  568.0
548.6648559570312  581.0
612.111572265625  669.0
593.4434204101562  557.0
318.8662109375  348.0
511.1610107421875  411.0
549.7078247070312  630.0
656.4105834960938  593.0
510.8276672363281  508.0
557.4283447265625  561.0
536.7088012695312  551.0
222.22621154785156  219.0
505.7825012207031  495.0
167.61756896972656  191.0
572.4015502929688  567.0
400.0855407714844  415.0
285.52886962890625  283.0
525.3861083984375  526.0
463.6688232421875  459.0
650.65234375  765.0
367.3899841308594  353.0
241.7303924560547  253.0
295.7469482421875  308.0
395.8643798828125  366.0
MSE : 1506.786966188422
MAPE : 6.49438157815774
R2 Score : 0.9105462636791001
time : 1729.948516223114
