540.1755981445312  533.0
613.1171264648438  552.0
549.960205078125  530.0
496.56866455078125  500.0
519.1993408203125  522.0
383.199462890625  384.0
561.4142456054688  569.0
628.3990478515625  765.0
297.66290283203125  239.0
250.08148193359375  251.0
414.12188720703125  538.0
373.9621887207031  387.0
514.4749145507812  529.0
313.162353515625  344.0
514.6077880859375  512.0
427.02618408203125  420.0
587.7730712890625  587.0
202.01808166503906  203.0
551.432861328125  551.0
357.20526123046875  389.0
428.70501708984375  411.0
197.76939392089844  217.0
402.221923828125  394.0
606.1618041992188  538.0
626.5595092773438  573.0
551.42333984375  517.0
528.052490234375  600.0
502.8857421875  577.0
525.626708984375  503.0
579.6806030273438  562.0
296.2349548339844  195.0
530.929931640625  554.0
582.3462524414062  566.0
560.0384521484375  560.0
241.0767059326172  278.0
585.1290893554688  653.0
542.52880859375  552.0
310.2135925292969  304.0
427.74444580078125  363.0
235.32081604003906  207.0
377.8614501953125  482.0
503.576416015625  545.0
568.791259765625  568.0
417.3291015625  409.0
633.2435302734375  584.0
533.595947265625  493.0
197.44813537597656  203.0
552.1268920898438  508.0
207.1660614013672  216.0
315.17010498046875  199.0
632.8318481445312  649.0
210.32562255859375  195.0
325.15386962890625  343.0
409.9208679199219  433.0
547.3704223632812  551.0
509.9093017578125  534.0
596.9354248046875  583.0
531.6021728515625  535.0
607.7066040039062  624.0
625.5126953125  604.0
520.8171997070312  548.0
513.0701293945312  503.0
350.3260498046875  373.0
588.849853515625  592.0
341.641845703125  330.0
497.8321228027344  505.0
510.71563720703125  532.0
637.4369506835938  547.0
515.4068603515625  481.0
415.94781494140625  401.0
307.781005859375  249.0
414.4553527832031  388.0
535.3645629882812  549.0
512.2728271484375  474.0
331.4139099121094  359.0
418.34222412109375  378.0
306.80963134765625  253.0
572.833984375  550.0
497.67742919921875  473.0
395.76556396484375  353.0
353.7102966308594  378.0
639.3810424804688  595.0
534.6969604492188  530.0
398.4886474609375  396.0
495.3642578125  459.0
332.4533996582031  378.0
503.74658203125  563.0
314.48065185546875  424.0
216.1854705810547  223.0
609.3375244140625  621.0
213.3129425048828  221.0
368.15411376953125  392.0
641.5867309570312  669.0
352.635009765625  360.0
524.7060546875  525.0
478.27691650390625  500.0
525.0084228515625  526.0
631.0955810546875  560.0
517.7360229492188  484.0
526.5208129882812  542.0
MSE : 1779.7698110137787
MAPE : 7.3390175148544525
R2 Score : 0.8946242399648073
time : 1487.4671513020294
