492.697021484375  481.0
567.6463623046875  561.0
539.0455322265625  549.0
516.3775024414062  520.0
496.2824401855469  503.0
501.6058654785156  599.0
382.3932189941406  393.0
496.6855773925781  520.0
248.23541259765625  283.0
348.9665832519531  327.0
214.7873992919922  221.0
311.05535888671875  345.0
503.9981689453125  411.0
556.119140625  562.0
246.46426391601562  300.0
326.4109191894531  273.0
359.9998474121094  298.0
389.2420349121094  363.0
315.67462158203125  330.0
594.78076171875  603.0
303.9429931640625  319.0
522.3721923828125  526.0
183.13052368164062  188.0
399.7536926269531  406.0
385.92724609375  432.0
382.7913513183594  376.0
316.01641845703125  324.0
554.018310546875  551.0
563.37451171875  575.0
355.607666015625  358.0
359.7120666503906  350.0
411.7652893066406  440.0
569.4154052734375  584.0
338.7445983886719  243.0
573.618408203125  533.0
370.38946533203125  417.0
502.4367370605469  490.0
383.8623962402344  407.0
433.9803161621094  459.0
594.1814575195312  563.0
512.8923950195312  518.0
378.4891052246094  379.0
329.1907043457031  387.0
406.4153747558594  423.0
526.6370239257812  528.0
213.92724609375  266.0
416.0383605957031  378.0
217.3582000732422  207.0
500.5032043457031  444.0
377.6202087402344  315.0
370.10308837890625  374.0
318.29217529296875  331.0
561.5701293945312  568.0
494.9237060546875  507.0
357.82464599609375  333.0
505.30731201171875  545.0
494.953369140625  475.0
350.5467529296875  355.0
550.1702880859375  512.0
233.62799072265625  223.0
376.3440246582031  387.0
503.0736083984375  488.0
408.6793518066406  419.0
412.5726013183594  444.0
254.89810180664062  251.0
541.5672607421875  550.0
243.50390625  253.0
324.0162048339844  256.0
517.85986328125  508.0
561.2611083984375  563.0
500.66168212890625  482.0
364.5867919921875  331.0
422.7569580078125  493.0
544.78515625  544.0
566.2881469726562  513.0
289.6715393066406  330.0
532.2167358398438  521.0
601.2161865234375  621.0
356.0809631347656  318.0
557.2613525390625  519.0
275.1978454589844  268.0
523.7680053710938  539.0
313.3788146972656  316.0
390.79376220703125  430.0
498.5922546386719  502.0
246.90989685058594  223.0
497.9948425292969  486.0
394.8807678222656  348.0
568.8809204101562  533.0
406.2909240722656  396.0
360.2314453125  328.0
386.61712646484375  413.0
591.5888061523438  669.0
357.3045959472656  397.0
370.13177490234375  385.0
543.4674072265625  545.0
489.64105224609375  503.0
239.53001403808594  272.0
568.904296875  590.0
568.6478881835938  545.0
MSE : 1097.6081934257877
MAPE : 6.45798905599479
R2 Score : 0.9140564569204326
time : 6274.186466824962
