251.06570434570312  268.0
593.590087890625  603.0
527.634033203125  499.0
249.48562622070312  333.0
509.0552978515625  474.0
505.43096923828125  491.0
364.88311767578125  330.0
544.2695922851562  581.0
634.1905517578125  685.0
398.9532775878906  256.0
304.43096923828125  392.0
244.07394409179688  350.0
517.536865234375  561.0
257.9986572265625  413.0
403.8556213378906  419.0
561.3969116210938  589.0
345.2546081542969  304.0
567.7572631835938  559.0
233.93690490722656  302.0
633.0454711914062  440.0
204.2508544921875  278.0
276.1572265625  343.0
535.1337280273438  531.0
355.7920227050781  319.0
474.6373291015625  519.0
513.1311645507812  482.0
368.7344970703125  345.0
583.1196899414062  583.0
265.2826843261719  330.0
485.791748046875  545.0
331.7775573730469  411.0
301.66632080078125  265.0
370.13836669921875  410.0
525.0052490234375  478.0
517.5039672851562  561.0
346.5546875  393.0
515.2955932617188  523.0
243.74560546875  313.0
258.55084228515625  206.0
513.6759643554688  483.0
301.8175048828125  328.0
480.3829345703125  486.0
529.4043579101562  526.0
530.0589599609375  563.0
360.09185791015625  359.0
556.93994140625  517.0
484.1431884765625  473.0
508.5035400390625  618.0
356.0206298828125  366.0
508.1531066894531  474.0
340.16339111328125  229.0
241.27342224121094  298.0
579.7681274414062  584.0
506.2791442871094  492.0
269.6219482421875  199.0
466.21649169921875  457.0
468.6886291503906  481.0
571.9933471679688  569.0
239.5208740234375  152.0
597.8244018554688  584.0
562.0556030273438  668.0
277.00518798828125  195.0
575.8470458984375  563.0
539.861328125  539.0
329.4438171386719  279.0
486.43109130859375  470.0
386.2644348144531  344.0
332.50482177734375  233.0
346.67999267578125  393.0
342.71148681640625  314.0
285.98089599609375  281.0
384.8094482421875  363.0
330.3907165527344  225.0
348.0750427246094  191.0
510.9200744628906  522.0
373.62994384765625  355.0
353.42572021484375  380.0
531.2710571289062  584.0
551.0300903320312  560.0
597.4090576171875  569.0
561.6001586914062  536.0
339.1808776855469  223.0
559.2741088867188  545.0
322.9791259765625  373.0
581.7316284179688  531.0
610.7705078125  669.0
555.1506958007812  542.0
183.53143310546875  130.0
339.20855712890625  331.0
597.9078979492188  556.0
544.3705444335938  522.0
349.418212890625  433.0
515.9075317382812  536.0
569.2393188476562  550.0
342.75445556640625  360.0
572.7951049804688  621.0
314.44512939453125  253.0
323.97064208984375  424.0
555.4957885742188  590.0
367.5213928222656  327.0
MSE : 3487.235078091356
MAPE : 13.597295237821859
R2 Score : 0.7998942352462126
time : 753.4775602280861
