297.74493408203125  321.0
543.010498046875  584.0
544.0023193359375  568.0
218.8887176513672  302.0
257.7620849609375  348.0
537.0968627929688  493.0
301.38360595703125  324.0
394.417236328125  393.0
284.46875  293.0
520.3200073242188  527.0
398.58258056640625  318.0
594.5277099609375  584.0
403.8470458984375  403.0
538.1079711914062  530.0
248.98214721679688  272.0
238.26242065429688  240.0
342.498779296875  378.0
583.8880615234375  550.0
304.9221496582031  333.0
290.5750427246094  310.0
587.7786254882812  575.0
591.508544921875  569.0
511.38995361328125  488.0
359.50445556640625  314.0
220.32833862304688  221.0
527.2313842773438  550.0
236.03594970703125  253.0
507.47802734375  538.0
299.091796875  397.0
505.40496826171875  467.0
406.2779541015625  377.0
383.13751220703125  392.0
365.6566162109375  378.0
642.0317993164062  763.0
281.1273193359375  283.0
252.82440185546875  223.0
405.77813720703125  419.0
420.75543212890625  493.0
204.2998504638672  209.0
537.6690063476562  563.0
640.49658203125  763.0
553.8866577148438  520.0
569.3336791992188  581.0
364.71484375  370.0
575.398681640625  565.0
511.1808776855469  520.0
238.0814971923828  270.0
224.08987426757812  194.0
354.847900390625  318.0
367.49945068359375  398.0
519.642578125  526.0
551.9686279296875  773.0
430.73614501953125  411.0
297.5800476074219  379.0
365.225341796875  348.0
586.5669555664062  613.0
556.0491333007812  584.0
524.8563842773438  549.0
566.8838500976562  555.0
223.27877807617188  233.0
448.8851318359375  478.0
636.8187255859375  678.0
584.5712890625  541.0
540.7364501953125  513.0
529.24462890625  530.0
516.0230712890625  522.0
579.7269287109375  573.0
548.6372680664062  560.0
575.69189453125  552.0
255.21270751953125  207.0
360.6634216308594  360.0
371.38983154296875  191.0
209.43592834472656  213.0
359.91778564453125  359.0
639.0302124023438  623.0
569.5096435546875  537.0
505.44110107421875  459.0
569.4998779296875  523.0
427.24383544921875  423.0
505.3301696777344  512.0
588.95556640625  539.0
369.18017578125  392.0
390.80377197265625  387.0
536.7293090820312  542.0
186.23678588867188  130.0
441.186767578125  548.0
508.6521911621094  475.0
227.68301391601562  272.0
304.10235595703125  311.0
640.9191284179688  633.0
284.48773193359375  337.0
524.4865112304688  484.0
226.25173950195312  203.0
514.4697875976562  600.0
MSE : 2434.4051081724665
MAPE : 8.522423420788844
R2 Score : 0.8792917350350546
time : 2398.2127144130063
