416.7515869140625  407.0
421.2401123046875  411.0
493.15728759765625  497.0
539.33447265625  539.0
527.8193359375  521.0
559.0042724609375  520.0
505.3285217285156  545.0
374.6995544433594  313.0
510.7468566894531  604.0
652.6392822265625  560.0
506.22100830078125  493.0
402.33135986328125  503.0
401.58709716796875  475.0
449.7065734863281  500.0
316.1126708984375  348.0
404.33990478515625  419.0
318.67279052734375  241.0
210.65016174316406  213.0
381.8765869140625  348.0
559.1369018554688  578.0
510.95440673828125  542.0
483.82293701171875  563.0
486.25286865234375  492.0
517.2275390625  531.0
482.22503662109375  444.0
335.54632568359375  358.0
355.4112243652344  425.0
346.6780700683594  433.0
230.4635467529297  205.0
561.1359252929688  584.0
577.0971069335938  584.0
527.5848388671875  615.0
287.9565124511719  330.0
368.305419921875  384.0
497.1822204589844  493.0
213.66668701171875  331.0
571.8758544921875  559.0
550.3389892578125  537.0
402.7659912109375  393.0
286.2395324707031  397.0
396.6788024902344  498.0
542.9432983398438  528.0
515.5473022460938  479.0
313.3366394042969  355.0
271.72247314453125  281.0
370.565673828125  401.0
497.7845458984375  484.0
307.3556823730469  239.0
428.91595458984375  419.0
371.1811218261719  378.0
313.7439880371094  265.0
555.8396606445312  552.0
541.3556518554688  508.0
214.30868530273438  233.0
609.7979125976562  595.0
661.0606689453125  618.0
311.3564758300781  223.0
505.51727294921875  470.0
265.94390869140625  310.0
269.3450012207031  324.0
552.9732055664062  563.0
534.4451293945312  523.0
204.91909790039062  173.0
395.54718017578125  411.0
649.781494140625  633.0
551.9425659179688  616.0
660.9078979492188  678.0
659.1766967773438  590.0
209.09156799316406  213.0
573.5531616210938  579.0
590.8877563476562  566.0
448.8931884765625  467.0
346.69854736328125  293.0
482.2943115234375  494.0
328.56201171875  344.0
217.48565673828125  323.0
557.2396240234375  568.0
566.5781860351562  581.0
655.7048950195312  669.0
554.5101928710938  557.0
250.64797973632812  348.0
487.831298828125  411.0
592.5164794921875  630.0
659.99267578125  593.0
511.777587890625  508.0
560.0891723632812  561.0
511.7650451660156  551.0
320.0779113769531  219.0
528.8585815429688  495.0
250.6407012939453  191.0
564.8539428710938  567.0
399.2575988769531  415.0
245.10418701171875  283.0
548.8131103515625  526.0
460.65625  459.0
608.6720581054688  765.0
364.30462646484375  353.0
221.99887084960938  253.0
321.83905029296875  308.0
355.87835693359375  366.0
MSE : 2426.5050874420253
MAPE : 9.366837266531302
R2 Score : 0.8559451660094741
time : 1037.4800196239958
