235.22027587890625  268.0
582.9326171875  603.0
514.3748779296875  499.0
287.52349853515625  333.0
490.1077880859375  474.0
516.9518432617188  491.0
294.1119079589844  330.0
570.6688842773438  581.0
647.22314453125  685.0
356.5655517578125  256.0
421.1338195800781  392.0
324.5843811035156  350.0
545.2384033203125  561.0
382.5221862792969  413.0
437.4961242675781  419.0
586.5557250976562  589.0
381.6987609863281  304.0
551.181884765625  559.0
214.13926696777344  302.0
428.05780029296875  440.0
306.9493103027344  278.0
344.2281188964844  343.0
545.9429931640625  531.0
318.86553955078125  319.0
497.75579833984375  519.0
506.8628845214844  482.0
380.9662170410156  345.0
587.4246215820312  583.0
335.24627685546875  330.0
530.25146484375  545.0
440.0332336425781  411.0
326.057373046875  265.0
392.09307861328125  410.0
481.3667297363281  478.0
557.865234375  561.0
439.76641845703125  393.0
507.4158020019531  523.0
319.0305480957031  313.0
207.03591918945312  206.0
494.0012512207031  483.0
337.4649353027344  328.0
496.186279296875  486.0
543.702880859375  526.0
569.3313598632812  563.0
401.1201171875  359.0
514.3949584960938  517.0
498.1689147949219  473.0
570.5994873046875  618.0
227.7178955078125  366.0
486.5385437011719  474.0
257.0487976074219  229.0
222.18516540527344  298.0
549.2745361328125  584.0
488.7787170410156  492.0
217.81678771972656  199.0
552.6376953125  457.0
484.6665954589844  481.0
605.6409301757812  569.0
168.94149780273438  152.0
529.2066650390625  584.0
574.3209228515625  668.0
190.2312774658203  195.0
544.3299560546875  563.0
553.1871337890625  539.0
325.3114013671875  279.0
489.54473876953125  470.0
343.3262634277344  344.0
214.98422241210938  233.0
405.7011413574219  393.0
346.9999084472656  314.0
305.3312683105469  281.0
402.09722900390625  363.0
220.9344940185547  225.0
285.8607177734375  191.0
503.7318420410156  522.0
370.8614501953125  355.0
419.0359191894531  380.0
572.82080078125  584.0
556.6528930664062  560.0
604.0148315429688  569.0
533.0234375  536.0
249.8980712890625  223.0
577.1723022460938  545.0
363.25592041015625  373.0
537.6948852539062  531.0
633.101806640625  669.0
516.9302368164062  542.0
247.27334594726562  130.0
294.2635803222656  331.0
552.0418701171875  556.0
535.2288208007812  522.0
417.24444580078125  433.0
540.8209228515625  536.0
547.07177734375  550.0
400.50048828125  360.0
628.8234252929688  621.0
240.58392333984375  253.0
384.38665771484375  424.0
564.1950073242188  590.0
410.88330078125  327.0
MSE : 1507.883892899279
MAPE : 8.195691634801504
R2 Score : 0.9134740696306383
time : 3019.7755775629776
