575.6177368164062  603.0
538.6043701171875  517.0
447.88800048828125  548.0
531.1114501953125  531.0
577.2863159179688  580.0
578.4767456054688  565.0
320.4512634277344  379.0
588.8954467773438  606.0
577.3352661132812  604.0
237.22569274902344  216.0
361.9655456542969  425.0
613.3688354492188  668.0
570.85986328125  508.0
367.5933837890625  387.0
350.5151672363281  366.0
406.3711853027344  419.0
520.5157470703125  458.0
576.7501831054688  658.0
214.8948516845703  203.0
328.3446044921875  392.0
547.3612060546875  583.0
216.85922241210938  267.0
255.5845184326172  228.0
318.3370361328125  410.0
579.7581176757812  606.0
531.8697509765625  515.0
538.1845092773438  527.0
581.374267578125  545.0
312.4305114746094  233.0
381.0057678222656  363.0
524.7813720703125  539.0
388.6880798339844  380.0
579.4409790039062  632.0
315.3988342285156  251.0
222.96519470214844  223.0
392.8969421386719  430.0
344.7713623046875  449.0
526.1829223632812  765.0
517.9312744140625  474.0
545.4223022460938  554.0
319.6204528808594  253.0
497.2065734863281  501.0
391.3952941894531  347.0
215.0883331298828  209.0
563.614501953125  549.0
316.0372619628906  272.0
214.02857971191406  190.0
515.065185546875  484.0
567.3141479492188  568.0
315.7488098144531  272.0
556.5751342773438  560.0
315.272216796875  301.0
324.7812194824219  330.0
210.02442932128906  203.0
528.4149169921875  536.0
543.7947387695312  503.0
574.9378662109375  550.0
349.8153076171875  318.0
428.8089904785156  415.0
270.9926452636719  319.0
334.8420715332031  397.0
418.2195739746094  406.0
579.4896240234375  563.0
612.6351928710938  579.0
213.26829528808594  221.0
526.1821899414062  523.0
576.4638671875  552.0
290.0183410644531  376.0
411.4026794433594  457.0
503.072998046875  503.0
526.807373046875  505.0
302.0992736816406  348.0
613.233642578125  669.0
331.4010925292969  315.0
316.5508117675781  333.0
407.69189453125  393.0
575.58984375  577.0
397.8851013183594  360.0
575.7940673828125  517.0
387.24676513671875  393.0
301.1801452636719  279.0
549.0175170898438  603.0
318.17327880859375  249.0
531.3794555664062  488.0
530.6419677734375  541.0
214.08111572265625  188.0
579.3926391601562  673.0
209.9915313720703  213.0
575.9431762695312  529.0
579.0282592773438  574.0
211.50961303710938  197.0
416.8552551269531  377.0
575.1282958984375  562.0
538.7162475585938  509.0
521.7501220703125  502.0
564.5723266601562  522.0
383.0308837890625  349.0
376.8077392578125  363.0
578.7393798828125  569.0
MSE : 2188.598570100053
MAPE : 8.237305246573712
R2 Score : 0.8851561095036546
time : 2217.446284861886
