536.1614379882812  533.0
625.67626953125  552.0
506.4189147949219  530.0
505.2326354980469  500.0
515.213623046875  522.0
353.0934753417969  384.0
535.8609619140625  569.0
580.6663818359375  765.0
274.5610046386719  239.0
250.6491241455078  251.0
520.032958984375  538.0
368.84466552734375  387.0
524.9915161132812  529.0
306.1802062988281  344.0
500.4374084472656  512.0
450.8359680175781  420.0
591.7249755859375  587.0
210.4167022705078  203.0
589.2511596679688  551.0
372.0548400878906  389.0
463.1898498535156  411.0
224.04371643066406  217.0
356.6749572753906  394.0
580.3858032226562  538.0
589.274658203125  573.0
538.7306518554688  517.0
533.7161865234375  600.0
563.8176879882812  577.0
508.2658386230469  503.0
535.873291015625  562.0
270.6294860839844  195.0
563.2319946289062  554.0
566.4171752929688  566.0
562.856201171875  560.0
290.880615234375  278.0
576.264404296875  653.0
565.2864379882812  552.0
290.6463317871094  304.0
479.04302978515625  363.0
195.4643096923828  207.0
334.38458251953125  482.0
538.4593505859375  545.0
567.566650390625  568.0
405.9768371582031  409.0
591.7772216796875  584.0
490.6667785644531  493.0
191.71005249023438  203.0
539.990478515625  508.0
192.90419006347656  216.0
276.1133728027344  199.0
621.4776611328125  649.0
225.50914001464844  195.0
370.8316955566406  343.0
437.9691467285156  433.0
533.1172485351562  551.0
534.41943359375  534.0
636.043701171875  583.0
548.4205932617188  535.0
591.3666381835938  624.0
607.4260864257812  604.0
558.0396118164062  548.0
531.591796875  503.0
276.8170166015625  373.0
574.912841796875  592.0
363.7177429199219  330.0
508.92462158203125  505.0
529.1909790039062  532.0
633.9681396484375  547.0
493.4988098144531  481.0
605.7625122070312  401.0
276.6838684082031  249.0
637.7425537109375  388.0
540.521484375  549.0
509.2762451171875  474.0
343.8708190917969  359.0
408.0345764160156  378.0
317.144775390625  253.0
583.91796875  550.0
499.7594909667969  473.0
374.32171630859375  353.0
399.12353515625  378.0
413.9151306152344  595.0
582.4228515625  530.0
441.8388977050781  396.0
492.87823486328125  459.0
292.8036804199219  378.0
576.8211669921875  563.0
309.4811706542969  424.0
274.0181884765625  223.0
626.61083984375  621.0
189.2744598388672  221.0
298.0929260253906  392.0
625.8914184570312  669.0
387.8430480957031  360.0
514.7440795898438  525.0
513.5047607421875  500.0
506.4000549316406  526.0
611.0828247070312  560.0
524.9634399414062  484.0
580.5781860351562  542.0
MSE : 3372.212496148029
MAPE : 9.089630235480136
R2 Score : 0.8003396548347107
time : 634.0642713470152
