694.4834594726562  763.0
545.5974731445312  773.0
446.6151428222656  584.0
536.582763671875  584.0
421.5362243652344  423.0
503.0046691894531  533.0
278.1612243652344  300.0
528.863525390625  531.0
489.48590087890625  458.0
266.9918212890625  269.0
514.19873046875  522.0
534.998046875  517.0
334.57806396484375  409.0
384.08966064453125  385.0
486.2857666015625  519.0
556.2206420898438  557.0
500.4878234863281  541.0
496.5703430175781  557.0
549.5701904296875  545.0
361.8110046386719  433.0
299.8276062011719  310.0
382.4576416015625  392.0
477.4563293457031  488.0
315.78125  265.0
319.11572265625  324.0
436.6779479980469  563.0
207.06787109375  196.0
511.6992492675781  527.0
190.29539489746094  213.0
484.5107116699219  520.0
373.0047607421875  370.0
331.68255615234375  330.0
539.8419799804688  589.0
352.78936767578125  373.0
255.9639892578125  220.0
225.0323944091797  253.0
535.7875366210938  581.0
354.0730285644531  359.0
384.1590576171875  393.0
524.82470703125  535.0
245.99343872070312  266.0
483.2493896484375  470.0
376.770751953125  191.0
447.91143798828125  503.0
521.3352661132812  618.0
240.38636779785156  233.0
511.5077819824219  498.0
243.9491424560547  253.0
514.6465454101562  529.0
477.9170837402344  474.0
482.84033203125  494.0
270.7781066894531  333.0
304.5521545410156  315.0
220.90541076660156  243.0
529.2761840820312  545.0
540.2838745117188  581.0
485.8077392578125  501.0
491.88525390625  599.0
490.7841491699219  509.0
486.4612731933594  478.0
523.8306274414062  581.0
302.116455078125  345.0
527.8430786132812  538.0
247.98020935058594  239.0
548.21044921875  630.0
670.3736572265625  583.0
521.878173828125  530.0
532.4021606445312  604.0
506.8115234375  530.0
429.1429443359375  419.0
187.68312072753906  130.0
378.4050598144531  420.0
652.3323974609375  653.0
203.71453857421875  197.0
192.1738739013672  190.0
203.0694580078125  192.0
215.02200317382812  203.0
345.14892578125  308.0
221.67251586914062  211.0
561.0100708007812  565.0
445.43701171875  449.0
523.5064697265625  525.0
518.7964477539062  551.0
377.21551513671875  368.0
313.8138427734375  324.0
483.6698303222656  500.0
210.18638610839844  217.0
601.4619140625  685.0
469.92510986328125  374.0
394.04107666015625  393.0
491.435546875  539.0
621.3726806640625  643.0
285.8701477050781  241.0
475.98779296875  482.0
532.0108032226562  606.0
563.580078125  618.0
395.3859558105469  395.0
MSE : 2632.3684540246013
MAPE : 8.052240494104893
R2 Score : 0.8770309563518901
time : 1252.1645707950229
