528.8164672851562  533.0
600.2546997070312  552.0
517.840576171875  530.0
485.54144287109375  500.0
514.2881469726562  522.0
335.5830078125  384.0
512.7926635742188  569.0
596.1436767578125  765.0
296.8160400390625  239.0
301.4329833984375  251.0
534.2374877929688  538.0
399.37713623046875  387.0
515.4136962890625  529.0
382.21270751953125  344.0
485.3111267089844  512.0
424.4594421386719  420.0
599.6760864257812  587.0
281.58758544921875  203.0
571.5439453125  551.0
389.95782470703125  389.0
410.0236511230469  411.0
123.7364730834961  217.0
361.6260681152344  394.0
596.4173583984375  538.0
600.2383422851562  573.0
536.6119384765625  517.0
537.7763061523438  600.0
515.7115478515625  577.0
522.520263671875  503.0
591.9148559570312  562.0
319.7255859375  195.0
496.26190185546875  554.0
599.7819213867188  566.0
596.97314453125  560.0
321.62225341796875  278.0
596.7140502929688  653.0
585.7176513671875  552.0
338.85223388671875  304.0
377.7215881347656  363.0
220.5869903564453  207.0
334.886474609375  482.0
536.6444091796875  545.0
579.9671020507812  568.0
341.27520751953125  409.0
454.7165222167969  584.0
512.6060791015625  493.0
194.67503356933594  203.0
511.3730773925781  508.0
368.25665283203125  216.0
301.3672790527344  199.0
600.287109375  649.0
220.72994995117188  195.0
348.65185546875  343.0
336.9719543457031  433.0
552.333984375  551.0
528.9556274414062  534.0
598.4328002929688  583.0
586.0306396484375  535.0
600.1419677734375  624.0
600.22021484375  604.0
552.9737548828125  548.0
514.4993286132812  503.0
327.7531433105469  373.0
546.7659912109375  592.0
365.53656005859375  330.0
510.7351989746094  505.0
523.8602905273438  532.0
500.4289855957031  547.0
493.2121887207031  481.0
184.9717254638672  401.0
356.4481201171875  249.0
600.1072998046875  388.0
515.9030151367188  549.0
516.2032470703125  474.0
379.8936462402344  359.0
318.48577880859375  378.0
362.32977294921875  253.0
599.9158935546875  550.0
490.3081359863281  473.0
360.3558349609375  353.0
350.7499694824219  378.0
426.6311340332031  595.0
515.2294311523438  530.0
421.7987976074219  396.0
502.0130310058594  459.0
326.044677734375  378.0
510.368896484375  563.0
342.2633056640625  424.0
296.35504150390625  223.0
600.3951416015625  621.0
221.0685272216797  221.0
393.62353515625  392.0
598.68115234375  669.0
376.6656188964844  360.0
519.8954467773438  525.0
516.0343627929688  500.0
516.6842651367188  526.0
575.0620727539062  560.0
473.26226806640625  484.0
550.4559326171875  542.0
MSE : 3859.803737022118
MAPE : 11.345370060731
R2 Score : 0.7714705857699068
time : 415.6267684769118
