556.9319458007812  603.0
558.8696899414062  517.0
397.3271789550781  548.0
513.7326049804688  531.0
590.0905151367188  580.0
564.5371704101562  565.0
289.5957336425781  379.0
575.3058471679688  606.0
571.7898559570312  604.0
341.6501770019531  216.0
360.7864074707031  425.0
569.9785766601562  668.0
573.7930297851562  508.0
414.0258483886719  387.0
411.3128662109375  366.0
411.62847900390625  419.0
522.8388671875  458.0
563.7692260742188  658.0
226.51205444335938  203.0
375.1689758300781  392.0
595.2523803710938  583.0
324.6810302734375  267.0
197.90069580078125  228.0
390.7761535644531  410.0
580.34912109375  574.0
513.507568359375  536.0
530.6675415039062  527.0
590.1061401367188  545.0
283.7104797363281  233.0
376.9775085449219  363.0
502.9364929199219  488.0
392.8294982910156  380.0
572.8275756835938  632.0
220.22801208496094  251.0
247.4502716064453  223.0
424.1872253417969  430.0
423.0055847167969  449.0
574.6664428710938  765.0
489.2652893066406  474.0
530.3541870117188  554.0
195.54083251953125  253.0
495.0949401855469  502.0
234.1029510498047  330.0
351.0960388183594  209.0
528.2374877929688  549.0
215.43948364257812  243.0
206.17227172851562  190.0
490.6610412597656  484.0
566.3953857421875  568.0
263.4490661621094  272.0
535.4182739257812  560.0
274.9117126464844  301.0
217.98593139648438  203.0
506.0107421875  503.0
581.3787231445312  550.0
355.6769714355469  318.0
406.1047058105469  415.0
299.5342102050781  319.0
428.636474609375  397.0
392.14044189453125  406.0
567.979248046875  563.0
562.2278442382812  579.0
224.56948852539062  221.0
566.8457641601562  552.0
336.6164855957031  376.0
540.3265991210938  457.0
486.3202819824219  503.0
485.8384704589844  505.0
212.96690368652344  348.0
632.4258422851562  669.0
374.9309997558594  315.0
255.735595703125  333.0
381.5418395996094  393.0
560.1356811523438  577.0
315.3353576660156  360.0
580.1181030273438  517.0
409.2283630371094  393.0
241.67465209960938  279.0
538.6920776367188  603.0
284.6349182128906  249.0
551.3759155273438  541.0
245.32363891601562  188.0
574.8932495117188  673.0
226.00404357910156  213.0
527.8358764648438  529.0
212.98397827148438  197.0
403.0306701660156  377.0
574.0228881835938  562.0
221.45843505859375  272.0
503.2398986816406  509.0
538.2136840820312  522.0
382.1033020019531  349.0
396.1883239746094  363.0
610.119140625  569.0
MSE : 2702.0128185137874
MAPE : 9.989037923296735
R2 Score : 0.8634144542265751
time : 1932.1928481749492
