523.884033203125  650.0
325.816162109375  433.0
527.5921630859375  522.0
334.9039611816406  304.0
324.77105712890625  424.0
526.6221923828125  557.0
525.4632568359375  552.0
509.695556640625  508.0
506.689453125  493.0
522.8704833984375  532.0
347.9257507324219  387.0
514.3111572265625  539.0
609.2225341796875  604.0
291.7744140625  348.0
537.3161010742188  544.0
350.0043029785156  389.0
330.36785888671875  418.0
490.59515380859375  513.0
367.6055908203125  413.0
557.7831420898438  528.0
343.8433532714844  270.0
559.5765380859375  388.0
286.76580810546875  316.0
386.63922119140625  407.0
519.9454956054688  587.0
190.53773498535156  173.0
510.5450134277344  526.0
221.54469299316406  217.0
337.1405029296875  433.0
359.5924377441406  366.0
571.9186401367188  613.0
513.2193603515625  593.0
370.62762451171875  191.0
596.4404296875  773.0
504.30450439453125  495.0
535.4699096679688  508.0
500.29840087890625  500.0
290.751708984375  393.0
365.23968505859375  425.0
505.62994384765625  512.0
487.5752258300781  475.0
604.7216186523438  673.0
387.6727294921875  353.0
528.0487060546875  557.0
529.8780517578125  535.0
383.98260498046875  595.0
447.15936279296875  318.0
449.92950439453125  763.0
549.4451904296875  590.0
559.4354858398438  668.0
540.582763671875  559.0
537.8735961914062  555.0
501.8414306640625  474.0
530.5197143554688  560.0
353.84857177734375  333.0
355.6453552246094  373.0
375.6154479980469  632.0
540.3167724609375  538.0
549.5924072265625  763.0
540.39404296875  565.0
377.7703857421875  330.0
333.7684326171875  348.0
295.0269775390625  409.0
521.0321044921875  521.0
506.4468994140625  505.0
443.6058654785156  331.0
346.52288818359375  379.0
371.0079345703125  218.0
531.43896484375  563.0
545.268798828125  520.0
361.4595947265625  359.0
314.5167541503906  393.0
356.6187744140625  386.0
564.071044921875  616.0
248.1077117919922  233.0
185.63255310058594  273.0
374.98919677734375  415.0
608.461181640625  618.0
192.37583923339844  213.0
314.36932373046875  330.0
367.3799743652344  362.0
219.37974548339844  207.0
564.073486328125  577.0
506.42340087890625  508.0
506.333740234375  507.0
511.6643981933594  672.0
320.97283935546875  384.0
592.6305541992188  607.0
315.49285888671875  279.0
512.2386474609375  493.0
288.81219482421875  377.0
350.33221435546875  345.0
352.65521240234375  363.0
528.861328125  565.0
527.9450073242188  488.0
233.8623809814453  256.0
530.468017578125  551.0
536.2535400390625  539.0
388.9442138671875  411.0
353.318603515625  392.0
MSE : 6093.02929930168
MAPE : 11.825929942376439
R2 Score : 0.6514585266871151
time : 406.09908633108716
