590.7849731445312  763.0
551.7750244140625  773.0
559.9326171875  584.0
553.12255859375  584.0
411.5093688964844  423.0
515.7523193359375  533.0
354.7245178222656  300.0
532.1486206054688  531.0
488.2570495605469  458.0
272.8235778808594  269.0
563.9645385742188  522.0
555.8901977539062  568.0
374.0423278808594  409.0
376.038818359375  385.0
511.6695556640625  519.0
590.88525390625  557.0
523.3548583984375  541.0
510.294921875  557.0
567.502197265625  545.0
359.1053466796875  433.0
344.51141357421875  310.0
380.5113830566406  389.0
516.3178100585938  488.0
356.2040710449219  265.0
351.0048522949219  324.0
580.6707763671875  563.0
207.03712463378906  196.0
564.3564453125  527.0
207.25010681152344  213.0
565.7589111328125  520.0
369.5498046875  370.0
356.44287109375  330.0
556.0968017578125  589.0
370.09796142578125  373.0
249.04563903808594  220.0
253.21168518066406  253.0
588.6760864257812  581.0
360.7143859863281  359.0
354.2292785644531  393.0
539.5283203125  535.0
254.57620239257812  266.0
502.95281982421875  470.0
207.8903350830078  191.0
527.1622314453125  503.0
560.4427490234375  618.0
355.6853332519531  233.0
460.25726318359375  498.0
547.5816650390625  517.0
283.844482421875  253.0
525.9427490234375  529.0
514.9818725585938  474.0
512.72509765625  494.0
368.0407409667969  333.0
347.6932067871094  315.0
355.8622131347656  243.0
581.0980834960938  545.0
521.2284545898438  581.0
504.8226623535156  501.0
520.8843994140625  599.0
509.2959899902344  509.0
561.2279663085938  478.0
514.7072143554688  581.0
374.4502868652344  345.0
566.571533203125  538.0
241.591064453125  239.0
591.460205078125  630.0
514.961181640625  583.0
547.1350708007812  530.0
493.5413513183594  604.0
529.834228515625  530.0
428.039794921875  419.0
205.6168670654297  130.0
378.6859436035156  420.0
566.075927734375  653.0
208.07861328125  197.0
222.51585388183594  190.0
206.3571014404297  192.0
218.39781188964844  203.0
374.99713134765625  392.0
276.3307189941406  308.0
245.38119506835938  211.0
590.9237060546875  565.0
435.3292236328125  449.0
513.123046875  525.0
565.5518798828125  551.0
401.95855712890625  368.0
350.7455749511719  324.0
565.7307739257812  500.0
356.2327880859375  217.0
588.2255249023438  685.0
376.5348205566406  374.0
381.8623962402344  401.0
514.6696166992188  539.0
591.4853515625  643.0
284.3760681152344  241.0
565.73828125  482.0
589.8087768554688  606.0
591.2605590820312  618.0
383.2853698730469  393.0
378.9820861816406  395.0
MSE : 2692.4755334755055
MAPE : 9.312906404287125
R2 Score : 0.8716033155097959
time : 1985.3254088149406
