431.9996643066406  407.0
481.38330078125  411.0
497.8935241699219  497.0
565.9509887695312  539.0
525.3560180664062  521.0
513.4364624023438  520.0
517.4205322265625  545.0
308.9879455566406  313.0
565.3544921875  604.0
642.2976684570312  560.0
499.1199035644531  493.0
478.7383728027344  503.0
480.24993896484375  475.0
485.71771240234375  500.0
400.9075012207031  348.0
425.3927917480469  419.0
291.76336669921875  241.0
236.5250701904297  213.0
363.280517578125  348.0
623.9080200195312  578.0
501.80682373046875  542.0
609.2314453125  563.0
498.3189392089844  492.0
525.427490234375  531.0
470.14898681640625  444.0
421.16363525390625  358.0
385.73004150390625  425.0
379.6979064941406  433.0
252.54859924316406  205.0
565.49072265625  584.0
566.4799194335938  584.0
564.4064331054688  615.0
344.8330383300781  330.0
395.3050231933594  384.0
518.0348510742188  493.0
204.17520141601562  331.0
547.4476318359375  559.0
532.8751831054688  537.0
378.1669921875  393.0
289.9461364746094  397.0
464.9988708496094  498.0
520.5936279296875  528.0
492.8978271484375  479.0
342.208984375  355.0
318.2245788574219  281.0
398.579345703125  401.0
497.2707824707031  484.0
266.10418701171875  239.0
463.68756103515625  419.0
354.91796875  378.0
284.3073425292969  265.0
545.2791748046875  552.0
521.3298950195312  508.0
303.2816467285156  233.0
641.6229248046875  595.0
626.650634765625  618.0
267.9776306152344  223.0
488.54608154296875  470.0
314.4405517578125  310.0
322.56842041015625  324.0
513.2910766601562  563.0
546.330322265625  523.0
183.90594482421875  173.0
421.3776550292969  411.0
632.3011474609375  633.0
609.824462890625  616.0
638.5570678710938  678.0
607.1114501953125  590.0
221.08367919921875  213.0
593.2208862304688  579.0
553.047607421875  566.0
481.78045654296875  467.0
297.99749755859375  293.0
514.5037231445312  494.0
349.54931640625  344.0
293.1580810546875  323.0
549.0693359375  568.0
578.3248901367188  581.0
622.199462890625  669.0
577.2102661132812  557.0
276.57464599609375  348.0
568.379638671875  411.0
594.8276977539062  630.0
637.1768798828125  593.0
540.4298706054688  508.0
550.184814453125  561.0
558.4546508789062  551.0
249.82986450195312  219.0
507.7869873046875  495.0
390.2277526855469  191.0
556.1405029296875  567.0
418.9175720214844  415.0
294.6100769042969  283.0
539.4546508789062  526.0
478.2176208496094  459.0
698.0125732421875  765.0
338.4165954589844  353.0
255.89205932617188  253.0
339.90911865234375  308.0
409.9651184082031  366.0
MSE : 1820.063297566385
MAPE : 7.773486064826818
R2 Score : 0.8919479223266047
time : 1501.780546879978
