333.8569641113281  225.0
528.7387084960938  569.0
531.221435546875  545.0
512.2409057617188  481.0
207.37149047851562  206.0
550.56494140625  678.0
601.6401977539062  653.0
549.3334350585938  490.0
168.8118133544922  213.0
336.64434814453125  320.0
526.0714111328125  539.0
244.3182373046875  251.0
246.44854736328125  302.0
353.00225830078125  378.0
530.2008056640625  568.0
553.6958618164062  520.0
527.0081176757812  560.0
533.7254028320312  580.0
281.1724853515625  315.0
410.5030822753906  420.0
430.91650390625  444.0
380.4697265625  410.0
592.09765625  773.0
517.6710815429688  482.0
345.6473388671875  410.0
219.36752319335938  223.0
575.315673828125  508.0
610.2152709960938  668.0
244.0703125  241.0
490.8887634277344  481.0
604.1920776367188  550.0
594.2473754882812  580.0
354.9704895019531  359.0
604.3836059570312  587.0
409.3270263671875  256.0
204.00900268554688  207.0
168.822021484375  217.0
438.71136474609375  600.0
168.68333435058594  152.0
401.23779296875  407.0
612.4911499023438  618.0
611.65625  619.0
410.91912841796875  388.0
242.45074462890625  233.0
526.1013793945312  488.0
246.78915405273438  270.0
489.35400390625  548.0
409.22607421875  353.0
534.7105712890625  650.0
399.92425537109375  413.0
391.4051513671875  415.0
356.69488525390625  409.0
534.884033203125  494.0
515.2069702148438  562.0
519.2717895507812  584.0
592.301025390625  603.0
521.21728515625  542.0
564.4380493164062  579.0
589.570068359375  649.0
410.106689453125  363.0
520.01513671875  508.0
515.79052734375  512.0
400.86273193359375  409.0
523.0697631835938  521.0
517.72607421875  520.0
337.1727294921875  349.0
542.5429077148438  590.0
215.57839965820312  191.0
396.97186279296875  378.0
326.1935729980469  324.0
591.1220092773438  580.0
551.3887329101562  530.0
410.87298583984375  397.0
251.48782348632812  301.0
169.15652465820312  204.0
541.3731689453125  472.0
257.2483825683594  272.0
237.1025390625  304.0
608.8047485351562  658.0
553.032470703125  590.0
411.4281921386719  267.0
601.8629760742188  569.0
167.75779724121094  173.0
354.5531005859375  380.0
301.0729675292969  379.0
529.6754760742188  606.0
336.9660949707031  315.0
362.108642578125  425.0
519.8261108398438  531.0
538.5609741210938  526.0
522.8109130859375  564.0
514.6707763671875  503.0
243.84103393554688  259.0
460.41021728515625  457.0
592.5866088867188  574.0
409.22088623046875  417.0
337.6206359863281  327.0
517.4927368164062  508.0
409.57891845703125  416.0
575.3760375976562  592.0
MSE : 2571.79602748499
MAPE : 8.696279055261938
R2 Score : 0.8719712742739469
time : 1008.2677992199897
