574.9060668945312  763.0
567.7422485351562  773.0
534.3414306640625  584.0
534.988037109375  584.0
396.9178771972656  423.0
525.0598754882812  533.0
306.602783203125  300.0
580.8892211914062  531.0
495.1243591308594  458.0
219.43402099609375  269.0
528.0860595703125  522.0
579.7451782226562  568.0
369.4396057128906  409.0
391.90765380859375  385.0
559.6212768554688  519.0
582.5115966796875  557.0
504.1051330566406  541.0
574.8002319335938  557.0
545.5601806640625  545.0
388.3191223144531  433.0
387.5918884277344  310.0
391.3443908691406  389.0
548.4431762695312  488.0
340.6178894042969  265.0
341.5541076660156  324.0
528.285400390625  563.0
202.74972534179688  196.0
568.64111328125  527.0
202.7382049560547  213.0
532.9508056640625  520.0
389.7900695800781  370.0
413.0191955566406  330.0
559.2986450195312  589.0
389.1030578613281  373.0
312.7037048339844  220.0
288.3382263183594  253.0
572.840087890625  581.0
389.7608337402344  359.0
308.2922668457031  393.0
548.9659423828125  535.0
203.09539794921875  266.0
569.9251708984375  470.0
202.7255859375  191.0
423.2575988769531  503.0
576.7779541015625  618.0
389.0882873535156  233.0
520.7222290039062  498.0
573.756103515625  517.0
332.8088684082031  253.0
567.24560546875  529.0
531.0436401367188  474.0
551.0537109375  494.0
381.6721496582031  333.0
383.67535400390625  315.0
384.0650329589844  243.0
569.0187377929688  545.0
526.2131958007812  581.0
573.0670166015625  501.0
532.8897705078125  599.0
535.0567016601562  509.0
576.6890869140625  478.0
565.5941162109375  581.0
399.7353820800781  345.0
562.3031005859375  538.0
288.88134765625  239.0
573.1845703125  630.0
575.8304443359375  583.0
582.29833984375  530.0
581.7047119140625  604.0
528.816650390625  530.0
399.1088562011719  419.0
202.72918701171875  130.0
386.3695983886719  420.0
582.4951782226562  653.0
202.74639892578125  197.0
203.0030517578125  190.0
202.75350952148438  192.0
202.9595184326172  203.0
389.2585144042969  392.0
314.7975769042969  308.0
214.97299194335938  211.0
580.260498046875  565.0
470.9772644042969  449.0
577.58740234375  525.0
542.1373291015625  551.0
463.3160095214844  368.0
359.9461669921875  324.0
534.416748046875  500.0
413.3178405761719  217.0
510.9800720214844  685.0
388.1769714355469  374.0
392.1255187988281  401.0
576.8851318359375  539.0
551.6421508789062  643.0
202.9306640625  241.0
533.4290771484375  482.0
544.017333984375  606.0
567.0848999023438  618.0
394.6367492675781  393.0
387.785888671875  395.0
MSE : 3875.8211482426573
MAPE : 11.87276791338527
R2 Score : 0.815172847840513
time : 728.1822227509692
