371.1919860839844  331.0
341.5030517578125  392.0
603.88427734375  669.0
563.0364379882812  555.0
591.7120971679688  563.0
221.7319793701172  254.0
594.501953125  668.0
516.8905639648438  481.0
543.64404296875  552.0
538.7335205078125  546.0
182.33604431152344  206.0
510.4494323730469  554.0
518.7354125976562  488.0
515.0597534179688  538.0
366.5636901855469  365.0
601.7216186523438  630.0
537.7031860351562  577.0
526.4561157226562  528.0
306.325439453125  243.0
603.9710693359375  595.0
391.9759521484375  353.0
584.8999633789062  658.0
328.5113830566406  313.0
323.18878173828125  308.0
282.7030029296875  298.0
486.61944580078125  494.0
186.67091369628906  195.0
486.79998779296875  485.0
602.2442016601562  579.0
507.3027038574219  493.0
500.9660339355469  481.0
169.48062133789062  152.0
555.1654663085938  590.0
322.7724914550781  349.0
499.8121337890625  507.0
594.57275390625  580.0
570.826416015625  458.0
573.8767700195312  492.0
325.5137634277344  300.0
510.5930480957031  500.0
391.3782653808594  360.0
572.012939453125  493.0
605.5294799804688  550.0
530.745361328125  484.0
505.4914855957031  650.0
391.3025817871094  374.0
481.7779235839844  444.0
356.1504821777344  256.0
371.8136291503906  373.0
321.41693115234375  348.0
509.07470703125  584.0
391.7622375488281  393.0
327.19873046875  217.0
494.915771484375  457.0
595.0187377929688  580.0
375.6449890136719  359.0
564.00341796875  618.0
425.13909912109375  473.0
494.7328796386719  495.0
521.3134765625  526.0
221.89967346191406  228.0
366.1593322753906  475.0
182.51780700683594  191.0
355.0266418457031  421.0
605.531494140625  619.0
442.65081787109375  545.0
243.90713500976562  219.0
524.7073974609375  517.0
507.6622009277344  475.0
544.9976196289062  569.0
262.4068908691406  433.0
514.6040649414062  513.0
489.26751708984375  523.0
529.867919921875  532.0
426.7743835449219  403.0
531.4805297851562  536.0
507.1171569824219  491.0
204.95782470703125  203.0
431.1301574707031  419.0
508.03143310546875  545.0
544.929931640625  536.0
340.2932434082031  324.0
391.1128845214844  393.0
425.5440673828125  424.0
483.7764587402344  449.0
497.7686767578125  533.0
532.2905883789062  530.0
602.6243286132812  606.0
553.6251831054688  545.0
328.0186462402344  331.0
504.0041198730469  479.0
329.640380859375  321.0
490.8727111816406  502.0
392.8157653808594  415.0
226.67706298828125  213.0
248.1656036376953  302.0
551.0836181640625  549.0
519.2766723632812  500.0
556.2722778320312  541.0
604.4465942382812  589.0
MSE : 1998.408938392508
MAPE : 7.387463207892889
R2 Score : 0.873544713915684
time : 1226.1849266029894
