572.0872192382812  763.0
504.81646728515625  773.0
594.8832397460938  584.0
579.9002075195312  584.0
440.7843933105469  423.0
520.8556518554688  533.0
344.54779052734375  300.0
510.4986267089844  531.0
489.89556884765625  458.0
253.33746337890625  269.0
525.0499267578125  522.0
588.87158203125  517.0
386.4934387207031  409.0
385.2769775390625  385.0
514.8201904296875  519.0
595.9705810546875  557.0
595.1522827148438  541.0
506.0103454589844  557.0
541.6836547851562  545.0
370.16204833984375  433.0
197.21414184570312  310.0
379.93994140625  392.0
506.2420959472656  488.0
310.234375  265.0
222.2687530517578  324.0
551.8112182617188  563.0
220.6444854736328  196.0
523.2703247070312  527.0
217.70082092285156  213.0
533.819091796875  520.0
364.6429748535156  370.0
213.73257446289062  330.0
512.5784301757812  589.0
385.41973876953125  373.0
215.39256286621094  220.0
220.3840789794922  253.0
538.295166015625  581.0
359.4144592285156  359.0
353.6334533691406  393.0
515.6856689453125  535.0
258.2922058105469  266.0
516.2557373046875  470.0
282.8454895019531  191.0
502.5418701171875  503.0
571.55224609375  618.0
210.5552520751953  233.0
470.52276611328125  498.0
248.8781280517578  253.0
534.1329956054688  529.0
513.4044799804688  474.0
504.31573486328125  494.0
362.10009765625  333.0
205.12322998046875  315.0
168.4661102294922  243.0
551.70068359375  545.0
595.5621337890625  581.0
506.2014465332031  501.0
587.0618286132812  599.0
586.2733154296875  509.0
587.5874633789062  478.0
589.697509765625  581.0
394.08270263671875  345.0
562.77587890625  538.0
288.73455810546875  239.0
586.8023681640625  630.0
596.346923828125  583.0
544.534912109375  530.0
538.0742797851562  604.0
524.971435546875  530.0
448.072021484375  419.0
212.4119873046875  130.0
370.59149169921875  420.0
596.3469848632812  653.0
221.6207275390625  197.0
217.26409912109375  190.0
206.74624633789062  192.0
225.8216552734375  203.0
345.5252990722656  308.0
247.63214111328125  211.0
569.99951171875  565.0
531.6626586914062  449.0
511.9884338378906  525.0
527.105224609375  551.0
366.6185302734375  368.0
217.03785705566406  324.0
516.1033935546875  500.0
83.52921295166016  217.0
593.5064697265625  685.0
421.8468933105469  374.0
410.59735107421875  393.0
512.8281860351562  539.0
594.4443969726562  643.0
286.7430419921875  241.0
522.538330078125  482.0
591.181640625  606.0
596.48095703125  618.0
417.115966796875  395.0
MSE : 3291.425855043112
MAPE : 10.476056352133229
R2 Score : 0.8462436027849727
time : 1171.6360045409529
