297.680908203125  333.0
643.4822387695312  565.0
210.9780731201172  223.0
420.5842590332031  360.0
536.9367065429688  520.0
391.38568115234375  366.0
528.9874877929688  493.0
616.1294555664062  668.0
491.5743103027344  503.0
348.270263671875  345.0
409.3755187988281  363.0
337.6568298339844  293.0
316.21563720703125  327.0
253.95606994628906  268.0
564.9789428710938  512.0
190.11676025390625  331.0
513.6065063476562  522.0
224.197265625  323.0
570.5986938476562  613.0
595.3132934570312  569.0
423.0755310058594  563.0
253.25486755371094  220.0
607.2572021484375  678.0
541.982177734375  508.0
448.7189025878906  449.0
554.8519897460938  562.0
528.8082885742188  564.0
510.5638122558594  522.0
480.4544677734375  499.0
425.9275817871094  420.0
519.9086303710938  512.0
236.65347290039062  253.0
519.2975463867188  557.0
481.6647033691406  444.0
582.1838989257812  626.0
644.2150268554688  517.0
206.80023193359375  209.0
312.64642333984375  293.0
333.8661804199219  333.0
474.3566589355469  486.0
229.6099090576172  206.0
500.3076477050781  502.0
243.3699188232422  225.0
421.1067810058594  377.0
317.8935241699219  330.0
410.3879089355469  409.0
326.8485412597656  298.0
557.255859375  531.0
662.8858642578125  589.0
425.7016296386719  493.0
566.5785522460938  603.0
548.11376953125  566.0
541.2080688476562  536.0
552.3524780273438  619.0
612.0458374023438  616.0
577.6928100585938  579.0
538.1729125976562  545.0
560.3738403320312  573.0
523.8717651367188  550.0
480.79541015625  483.0
484.9434814453125  520.0
478.2456970214844  482.0
581.8897705078125  590.0
252.2502899169922  233.0
339.9176025390625  425.0
538.6235961914062  563.0
403.9393005371094  353.0
607.924560546875  563.0
470.63385009765625  498.0
596.1072387695312  593.0
505.9722595214844  523.0
248.20651245117188  211.0
554.4049072265625  494.0
181.2946319580078  366.0
402.9309387207031  385.0
189.76898193359375  213.0
441.7362365722656  411.0
401.7188415527344  384.0
201.7352752685547  197.0
446.03582763671875  475.0
528.0421752929688  534.0
544.9075927734375  508.0
613.0432739257812  549.0
702.28466796875  633.0
453.9309997558594  318.0
563.2538452148438  562.0
543.1010131835938  538.0
426.9016418457031  401.0
470.3904724121094  440.0
363.8363037109375  376.0
381.0530700683594  397.0
MSE : 2371.358507347866
MAPE : 8.107953900124246
R2 Score : 0.8498590662139133
time : 1957.7578422710067
