653.7674560546875  763.0
550.6273803710938  773.0
565.2615356445312  584.0
533.3524780273438  584.0
409.1325988769531  423.0
512.5307006835938  533.0
310.72479248046875  300.0
499.4013366699219  531.0
422.250244140625  458.0
275.18524169921875  269.0
563.8870239257812  522.0
559.2161865234375  568.0
412.0614318847656  409.0
400.4042663574219  385.0
517.4044799804688  519.0
603.034912109375  557.0
536.2759399414062  541.0
521.2009887695312  557.0
549.9153442382812  545.0
386.2228698730469  433.0
285.1075134277344  310.0
387.7872314453125  389.0
492.1073913574219  488.0
382.1461181640625  265.0
333.3962097167969  324.0
595.3519897460938  563.0
193.3264617919922  196.0
538.1456909179688  527.0
174.38958740234375  213.0
568.7988891601562  520.0
395.7543640136719  370.0
313.0632019042969  330.0
558.15380859375  589.0
404.4812927246094  373.0
231.20242309570312  220.0
269.42645263671875  253.0
584.1442260742188  581.0
340.3771667480469  359.0
330.780517578125  393.0
505.0969543457031  535.0
275.258544921875  266.0
490.6764831542969  470.0
184.11126708984375  191.0
453.29638671875  503.0
588.9193725585938  618.0
307.1937561035156  233.0
549.8624877929688  498.0
550.2730712890625  517.0
311.9139404296875  253.0
497.0923156738281  529.0
506.2638854980469  474.0
491.31378173828125  494.0
398.79638671875  333.0
273.9583435058594  315.0
334.07403564453125  243.0
572.567626953125  545.0
545.9398803710938  581.0
490.1667785644531  501.0
515.2108764648438  599.0
484.97430419921875  509.0
532.794189453125  478.0
497.9825744628906  581.0
369.234130859375  345.0
553.946044921875  538.0
232.1444549560547  239.0
594.7506103515625  630.0
518.0692138671875  583.0
511.98541259765625  530.0
551.7548217773438  604.0
509.4970397949219  530.0
412.5969543457031  419.0
174.3076171875  130.0
399.8310546875  420.0
567.200439453125  653.0
183.206298828125  197.0
188.99038696289062  190.0
202.75082397460938  192.0
182.81517028808594  203.0
395.6192932128906  392.0
305.6682434082031  308.0
272.68572998046875  211.0
566.4166870117188  565.0
441.2811279296875  449.0
498.7845764160156  525.0
569.4320678710938  551.0
505.8058166503906  368.0
273.9275817871094  324.0
564.3138427734375  500.0
340.0470275878906  217.0
494.1972351074219  685.0
403.0389709472656  374.0
389.4206237792969  401.0
513.3713989257812  539.0
652.167724609375  643.0
300.5097961425781  241.0
568.2782592773438  482.0
567.8693237304688  606.0
577.4198608398438  618.0
396.9910888671875  393.0
415.8160400390625  395.0
MSE : 2742.413157452976
MAPE : 9.12810500657294
R2 Score : 0.8692219288378251
time : 2021.101361715002
