740.354736328125  763.0
563.0601196289062  773.0
542.91259765625  584.0
541.7434692382812  584.0
418.8855895996094  423.0
511.6492614746094  533.0
316.3409729003906  300.0
544.1477661132812  531.0
552.0742797851562  458.0
232.2296905517578  269.0
536.7824096679688  522.0
549.1777954101562  568.0
447.5201721191406  409.0
384.4338684082031  385.0
536.423095703125  519.0
615.7471313476562  557.0
560.9144897460938  541.0
516.6054077148438  557.0
510.2400817871094  545.0
364.2910461425781  433.0
315.7578430175781  310.0
371.4267272949219  389.0
477.8209533691406  488.0
316.462890625  265.0
315.864990234375  324.0
569.6939086914062  563.0
216.83982849121094  196.0
537.7372436523438  527.0
169.43455505371094  213.0
592.0494995117188  520.0
425.0274963378906  370.0
317.99053955078125  330.0
551.9999389648438  589.0
384.19525146484375  373.0
221.9674072265625  220.0
248.21849060058594  253.0
563.0986938476562  581.0
352.1872253417969  359.0
383.53741455078125  393.0
579.4933471679688  535.0
224.03089904785156  266.0
468.9852600097656  470.0
226.48109436035156  191.0
401.9163513183594  503.0
614.6576538085938  618.0
277.125  233.0
532.187255859375  498.0
529.8538818359375  517.0
255.32054138183594  253.0
487.6346435546875  529.0
482.1091613769531  474.0
487.4770812988281  494.0
368.7716369628906  333.0
316.35595703125  315.0
274.1138916015625  243.0
561.8330688476562  545.0
539.6133422851562  581.0
479.4034118652344  501.0
541.0062255859375  599.0
535.80126953125  509.0
538.0928344726562  478.0
530.3667602539062  581.0
323.1850280761719  345.0
544.1262817382812  538.0
253.77023315429688  239.0
592.0068359375  630.0
501.8022766113281  583.0
574.7047729492188  530.0
508.59942626953125  604.0
535.3895874023438  530.0
437.8105773925781  419.0
201.0099334716797  130.0
367.83123779296875  420.0
731.3665161132812  653.0
205.3341827392578  197.0
197.61692810058594  190.0
212.3292694091797  192.0
208.96652221679688  203.0
350.747314453125  392.0
304.3034973144531  308.0
216.42721557617188  211.0
566.858642578125  565.0
439.9373474121094  449.0
527.5881958007812  525.0
561.5797729492188  551.0
383.5553283691406  368.0
317.7528381347656  324.0
594.6417236328125  500.0
316.6883239746094  217.0
588.49853515625  685.0
381.7839660644531  374.0
377.3401794433594  401.0
527.2567749023438  539.0
743.1176147460938  643.0
170.6172332763672  241.0
592.6682739257812  482.0
529.1795654296875  606.0
577.2047729492188  618.0
379.6715087890625  393.0
384.9477844238281  395.0
MSE : 2252.4038450138364
MAPE : 8.205668797877951
R2 Score : 0.8925891127933642
time : 5210.1587774479995
