284.6016540527344  373.0
538.9267578125  562.0
560.0790405273438  649.0
336.88616943359375  213.0
217.97052001953125  190.0
469.7559814453125  187.0
396.95428466796875  384.0
241.2855682373047  217.0
298.1958923339844  310.0
291.4931640625  430.0
531.5720825195312  535.0
512.7326049804688  531.0
437.169189453125  360.0
526.9763793945312  449.0
350.9932861328125  278.0
518.1376953125  474.0
443.16912841796875  475.0
563.5703125  613.0
376.8747253417969  331.0
581.6705322265625  575.0
468.6494140625  501.0
578.3875122070312  523.0
617.762451171875  552.0
511.29168701171875  529.0
409.9266052246094  370.0
454.5304870605469  393.0
532.2443237304688  512.0
633.3632202148438  573.0
536.8984375  513.0
511.5848388671875  528.0
417.2015686035156  407.0
264.9915466308594  283.0
420.88165283203125  387.0
251.83270263671875  188.0
513.91748046875  474.0
539.4339599609375  550.0
545.1080932617188  563.0
550.6617431640625  531.0
521.29541015625  545.0
559.3049926757812  527.0
445.88482666015625  409.0
227.54051208496094  272.0
543.44873046875  566.0
587.031494140625  685.0
261.28936767578125  266.0
236.3476104736328  206.0
622.17138671875  668.0
465.6104431152344  500.0
522.4937744140625  563.0
337.8546142578125  152.0
361.2395935058594  373.0
596.5887451171875  773.0
544.738525390625  577.0
535.6577758789062  552.0
591.1893310546875  539.0
519.22412109375  525.0
341.78863525390625  365.0
210.340087890625  203.0
495.8195495605469  494.0
249.51869201660156  226.0
544.0200805664062  561.0
588.9379272460938  616.0
309.789306640625  415.0
581.8605346679688  544.0
496.24176025390625  488.0
332.2137756347656  203.0
404.27838134765625  318.0
541.2376098632812  563.0
392.277099609375  363.0
231.16407775878906  397.0
553.0978393554688  633.0
590.9115600585938  390.0
476.95855712890625  417.0
557.725341796875  555.0
220.2992706298828  223.0
518.46484375  600.0
547.8905029296875  527.0
519.4824829101562  604.0
326.3141174316406  223.0
460.3210754394531  500.0
403.56536865234375  433.0
223.84288024902344  249.0
262.75482177734375  377.0
581.1796264648438  550.0
489.555908203125  508.0
650.8505249023438  603.0
543.928955078125  503.0
517.265869140625  498.0
563.5162353515625  565.0
505.80340576171875  518.0
555.063720703125  653.0
329.75616455078125  313.0
244.9018096923828  220.0
596.36474609375  519.0
556.8910522460938  600.0
511.93316650390625  482.0
531.83984375  521.0
532.3787841796875  526.0
242.3251190185547  293.0
MSE : 4670.776371554154
MAPE : 13.794827669942544
R2 Score : 0.7577892994274021
time : 428.1342800860293
