505.7164306640625  520.0
423.6175231933594  420.0
363.0135192871094  333.0
405.7239074707031  362.0
591.8602905273438  618.0
567.6942138671875  565.0
639.1271362304688  593.0
238.0152130126953  253.0
526.2567749023438  577.0
411.34759521484375  396.0
412.713623046875  421.0
513.7382202148438  488.0
390.5582275390625  315.0
244.48361206054688  293.0
529.0672607421875  569.0
200.771728515625  192.0
346.40350341796875  330.0
254.49705505371094  268.0
316.18402099609375  311.0
520.1011962890625  508.0
234.5263214111328  239.0
421.7423095703125  398.0
636.026123046875  616.0
633.6604614257812  569.0
478.37384033203125  479.0
573.7857055664062  531.0
309.0639953613281  315.0
575.2588500976562  519.0
518.3922119140625  563.0
215.2480010986328  203.0
619.9981689453125  618.0
522.4848022460938  449.0
537.711669921875  580.0
545.1317749023438  529.0
363.50262451171875  187.0
381.2439270019531  373.0
213.73377990722656  233.0
258.4062805175781  251.0
284.88824462890625  283.0
538.9234008789062  561.0
359.652099609375  348.0
361.1334228515625  333.0
350.75823974609375  378.0
594.3810424804688  590.0
384.5780029296875  379.0
208.8277130126953  196.0
514.5902099609375  533.0
535.9852294921875  519.0
348.41461181640625  425.0
340.44244384765625  281.0
539.4451904296875  554.0
590.7315673828125  773.0
604.8599243164062  550.0
543.3329467773438  566.0
435.607666015625  458.0
383.454345703125  384.0
403.67144775390625  393.0
198.3743133544922  203.0
570.8776245117188  579.0
474.8819580078125  549.0
351.2425537109375  327.0
352.1084899902344  318.0
447.33477783203125  419.0
299.53204345703125  279.0
354.2772521972656  304.0
371.54803466796875  373.0
483.357421875  484.0
301.74981689453125  300.0
387.7564392089844  392.0
461.0203857421875  503.0
293.5828857421875  595.0
210.02159118652344  243.0
213.012939453125  225.0
540.7715454101562  541.0
356.5447998046875  344.0
628.784423828125  763.0
488.3502197265625  473.0
523.5686645507812  554.0
505.59808349609375  529.0
249.76007080078125  348.0
222.64622497558594  273.0
531.3906860351562  584.0
520.7155151367188  508.0
528.153564453125  520.0
332.0039978027344  365.0
552.4737548828125  563.0
443.2177734375  423.0
363.021728515625  349.0
524.8818359375  538.0
465.8214416503906  493.0
509.9648742675781  523.0
435.2030029296875  493.0
531.841064453125  559.0
548.419677734375  551.0
MSE : 2855.008452836278
MAPE : 7.8196326914842835
R2 Score : 0.8391128557064914
time : 2231.80186085304
