560.189208984375  533.0
593.8382568359375  552.0
544.2971801757812  530.0
488.555908203125  500.0
528.85302734375  522.0
388.84149169921875  384.0
540.6800537109375  569.0
619.2239990234375  765.0
298.0183410644531  239.0
279.6505432128906  251.0
460.05596923828125  538.0
393.2729187011719  387.0
537.0341186523438  529.0
319.00225830078125  344.0
491.823486328125  512.0
395.9406433105469  420.0
572.9509887695312  587.0
222.75352478027344  203.0
548.7450561523438  551.0
370.8976745605469  389.0
475.81182861328125  411.0
242.31680297851562  217.0
387.8388977050781  394.0
566.8605346679688  538.0
596.1453857421875  573.0
532.3526000976562  517.0
545.8453979492188  600.0
553.510009765625  577.0
532.0787353515625  503.0
593.2694091796875  562.0
256.56353759765625  195.0
560.9675903320312  554.0
572.2228393554688  566.0
577.7628784179688  560.0
242.8263702392578  278.0
600.6671142578125  653.0
570.6973266601562  552.0
309.0672302246094  304.0
459.52410888671875  363.0
260.42498779296875  207.0
411.55364990234375  482.0
550.1781616210938  545.0
572.820068359375  568.0
382.812255859375  409.0
600.2788696289062  584.0
524.7285766601562  493.0
215.15090942382812  203.0
526.6670532226562  508.0
204.93746948242188  216.0
314.0531005859375  199.0
635.2454223632812  649.0
203.06459045410156  195.0
336.2466125488281  343.0
378.4338073730469  433.0
563.685546875  551.0
521.3784790039062  534.0
709.719970703125  583.0
563.0013427734375  535.0
612.8934936523438  624.0
608.8369140625  604.0
500.7770690917969  548.0
520.4309692382812  503.0
335.8164367675781  373.0
613.8431396484375  592.0
358.63677978515625  330.0
506.0823974609375  505.0
520.1312255859375  532.0
622.6737060546875  547.0
502.6099548339844  481.0
401.8753662109375  401.0
318.85980224609375  249.0
378.6448974609375  388.0
544.041015625  549.0
508.2876892089844  474.0
352.091552734375  359.0
377.5540771484375  378.0
311.8087463378906  253.0
569.5737915039062  550.0
487.2474365234375  473.0
328.3497314453125  353.0
385.4434509277344  378.0
725.3984375  595.0
511.6845397949219  530.0
377.19769287109375  396.0
468.0701599121094  459.0
332.64984130859375  378.0
536.0870971679688  563.0
334.930419921875  424.0
208.05691528320312  223.0
603.9292602539062  621.0
208.0260467529297  221.0
379.3122863769531  392.0
631.6124877929688  669.0
391.7317810058594  360.0
554.2837524414062  525.0
480.5081787109375  500.0
530.0911254882812  526.0
582.8544921875  560.0
493.9409484863281  484.0
540.9267578125  542.0
MSE : 1679.698314382853
MAPE : 7.270989414813855
R2 Score : 0.9005492252916101
time : 2141.925616886001
