312.70880126953125  241.0
214.71762084960938  191.0
615.756591796875  763.0
358.00384521484375  425.0
210.9927520751953  213.0
524.5167846679688  499.0
615.5706787109375  653.0
585.6578369140625  565.0
408.8133544921875  440.0
552.2394409179688  515.0
517.0795288085938  534.0
610.0185546875  569.0
615.1690673828125  569.0
523.17041015625  503.0
590.6201782226562  584.0
516.1961669921875  533.0
368.68731689453125  409.0
571.5721435546875  545.0
294.07794189453125  330.0
504.39111328125  539.0
610.1845703125  538.0
592.3892822265625  550.0
500.5078430175781  499.0
369.7439270019531  398.0
540.18603515625  584.0
363.5242614746094  378.0
200.4578399658203  187.0
203.99652099609375  192.0
344.5875244140625  355.0
505.7457275390625  493.0
529.5467529296875  549.0
391.0806579589844  384.0
209.36972045898438  243.0
491.92388916015625  512.0
544.9904174804688  556.0
612.143310546875  593.0
602.0513305664062  557.0
279.99310302734375  344.0
520.4844970703125  527.0
305.43768310546875  281.0
524.7416381835938  508.0
234.7274627685547  211.0
509.5264587402344  492.0
534.60888671875  577.0
403.7315979003906  360.0
602.8870239257812  626.0
210.54605102539062  233.0
501.88287353515625  484.0
394.23260498046875  380.0
350.6730041503906  376.0
208.2416229248047  197.0
402.18878173828125  475.0
521.609375  459.0
270.6333312988281  311.0
517.990478515625  541.0
384.1688232421875  420.0
358.8366394042969  392.0
540.036376953125  550.0
230.31118774414062  206.0
402.81890869140625  411.0
505.8139953613281  497.0
513.405517578125  557.0
225.70254516601562  270.0
342.6484375  325.0
368.1026611328125  362.0
224.7379150390625  293.0
415.19781494140625  401.0
402.502685546875  423.0
198.55612182617188  194.0
307.9283142089844  308.0
519.9146118164062  523.0
541.2747802734375  545.0
284.1453552246094  239.0
421.4277648925781  419.0
280.33465576171875  319.0
43.540279388427734  273.0
377.9955139160156  417.0
330.91180419921875  378.0
616.2083740234375  658.0
220.166015625  366.0
575.2786865234375  618.0
497.8831787109375  501.0
393.97613525390625  363.0
597.0607299804688  551.0
218.18084716796875  253.0
332.87835693359375  318.0
198.515869140625  331.0
528.0952758789062  535.0
506.62860107421875  508.0
440.2822265625  478.0
515.4390869140625  503.0
205.864501953125  204.0
493.35662841796875  545.0
575.8215942382812  566.0
462.7939147949219  449.0
610.7516479492188  547.0
MSE : 2218.0899980261456
MAPE : 8.468808872347397
R2 Score : 0.8713397585555192
time : 1884.3386836620048
