546.3182373046875  533.0
559.8456420898438  552.0
522.8549194335938  530.0
467.7376403808594  500.0
518.05078125  522.0
349.1033935546875  384.0
492.5173645019531  569.0
561.8673095703125  765.0
272.83935546875  239.0
236.32818603515625  251.0
524.0883178710938  538.0
363.6237487792969  387.0
503.9442138671875  529.0
302.2563781738281  344.0
527.6648559570312  512.0
415.37799072265625  420.0
562.2846069335938  587.0
208.72384643554688  203.0
558.4109497070312  551.0
376.7375183105469  389.0
396.0481872558594  411.0
209.583740234375  217.0
356.6818542480469  394.0
561.2574462890625  538.0
561.8369140625  573.0
551.3146362304688  517.0
556.7457275390625  600.0
522.3265991210938  577.0
522.1156005859375  503.0
560.733154296875  562.0
287.81036376953125  195.0
514.6898193359375  554.0
562.1010131835938  566.0
562.276123046875  560.0
225.87551879882812  278.0
559.4306640625  653.0
561.1177368164062  552.0
295.11444091796875  304.0
373.29107666015625  363.0
226.34368896484375  207.0
330.4498596191406  482.0
555.0640869140625  545.0
550.8070678710938  568.0
304.9046936035156  409.0
562.2572631835938  584.0
504.54827880859375  493.0
210.32583618164062  203.0
507.4800720214844  508.0
230.34893798828125  216.0
301.1060485839844  199.0
561.9454956054688  649.0
222.03070068359375  195.0
313.712890625  343.0
309.345458984375  433.0
561.1967163085938  551.0
535.8707275390625  534.0
561.4187622070312  583.0
560.5797119140625  535.0
561.58154296875  624.0
561.2984008789062  604.0
561.6925048828125  548.0
548.3111572265625  503.0
316.64947509765625  373.0
560.4817504882812  592.0
348.1918640136719  330.0
528.2802734375  505.0
522.93798828125  532.0
562.2169189453125  547.0
481.3362121582031  481.0
410.5741882324219  401.0
273.3838195800781  249.0
470.5741271972656  388.0
513.4964599609375  549.0
510.34130859375  474.0
333.2406005859375  359.0
344.2182312011719  378.0
312.0661926269531  253.0
560.2849731445312  550.0
491.9660949707031  473.0
361.5308532714844  353.0
321.4980773925781  378.0
562.19189453125  595.0
506.65771484375  530.0
325.7833251953125  396.0
479.89117431640625  459.0
308.7532653808594  378.0
532.2490844726562  563.0
314.3277282714844  424.0
216.28065490722656  223.0
561.97900390625  621.0
217.1273956298828  221.0
342.3902893066406  392.0
562.0286254882812  669.0
362.36505126953125  360.0
556.627197265625  525.0
505.4952697753906  500.0
537.761962890625  526.0
561.22705078125  560.0
453.2218017578125  484.0
555.14208984375  542.0
MSE : 2344.0089653501145
MAPE : 8.008356803598751
R2 Score : 0.8612170378862766
time : 1238.9084009049693
