736.0132446289062  763.0
676.5090942382812  773.0
531.3958129882812  584.0
557.6799926757812  584.0
407.5091247558594  423.0
496.68353271484375  533.0
240.8363800048828  300.0
532.2488403320312  531.0
488.59149169921875  458.0
309.55145263671875  269.0
536.9781494140625  522.0
553.48486328125  568.0
379.80120849609375  409.0
388.24822998046875  385.0
523.130615234375  519.0
617.3960571289062  557.0
493.4748840332031  541.0
548.8150634765625  557.0
530.259765625  545.0
404.76446533203125  433.0
300.23577880859375  310.0
365.51324462890625  389.0
512.4317016601562  488.0
305.0596923828125  265.0
329.7762145996094  324.0
603.3201904296875  563.0
209.5199737548828  196.0
538.6571655273438  527.0
167.78309631347656  213.0
516.7933959960938  520.0
397.3822937011719  370.0
284.42864990234375  330.0
647.7750854492188  589.0
369.4981689453125  373.0
249.74462890625  220.0
252.0993194580078  253.0
565.9775390625  581.0
349.31378173828125  359.0
386.762939453125  393.0
600.1306762695312  535.0
281.40606689453125  266.0
485.63787841796875  470.0
158.18478393554688  191.0
433.23944091796875  503.0
476.51129150390625  618.0
205.78439331054688  233.0
439.3939208984375  498.0
519.0611572265625  517.0
255.90167236328125  253.0
535.1799926757812  529.0
495.1011962890625  474.0
487.884033203125  494.0
359.21575927734375  333.0
307.0497741699219  315.0
272.4103698730469  243.0
577.7969970703125  545.0
569.3882446289062  581.0
464.754150390625  501.0
501.323974609375  599.0
535.7386474609375  509.0
543.0626831054688  478.0
538.3468017578125  581.0
328.3429870605469  345.0
551.8302612304688  538.0
242.52378845214844  239.0
584.3251953125  630.0
599.239501953125  583.0
541.4232788085938  530.0
566.4478149414062  604.0
524.6212158203125  530.0
409.1120300292969  419.0
200.66905212402344  130.0
441.1761779785156  420.0
650.3521728515625  653.0
211.28099060058594  197.0
220.67221069335938  190.0
208.9218292236328  192.0
226.68841552734375  203.0
361.0943603515625  392.0
303.4286193847656  308.0
216.57078552246094  211.0
559.0167846679688  565.0
441.7977600097656  449.0
510.2998352050781  525.0
589.5612182617188  551.0
345.4379577636719  368.0
315.44464111328125  324.0
510.08355712890625  500.0
211.11309814453125  217.0
521.7343139648438  685.0
373.1572570800781  374.0
381.4649658203125  401.0
528.0394897460938  539.0
675.8400268554688  643.0
164.41065979003906  241.0
516.3178100585938  482.0
564.4837036132812  606.0
573.3020629882812  618.0
366.45977783203125  393.0
396.2298889160156  395.0
MSE : 1548.684595513423
MAPE : 7.041149911121928
R2 Score : 0.9261475304370541
time : 6606.387028516969
