566.97412109375  533.0
611.3263549804688  552.0
531.5682983398438  530.0
486.4287414550781  500.0
522.5929565429688  522.0
397.9803161621094  384.0
538.9840087890625  569.0
603.7760009765625  765.0
270.8521728515625  239.0
276.6731262207031  251.0
398.1847839355469  538.0
400.1756591796875  387.0
517.2076416015625  529.0
328.6528015136719  344.0
496.8294372558594  512.0
389.6111755371094  420.0
571.7881469726562  587.0
202.31715393066406  203.0
549.2504272460938  551.0
380.6786193847656  389.0
458.5108642578125  411.0
240.49134826660156  217.0
400.52099609375  394.0
553.204345703125  538.0
595.2305297851562  573.0
524.9249267578125  517.0
537.1580810546875  600.0
547.7570190429688  577.0
510.8638610839844  503.0
598.1520385742188  562.0
296.8944396972656  195.0
544.3939819335938  554.0
568.7997436523438  566.0
558.678955078125  560.0
221.39637756347656  278.0
594.974365234375  653.0
568.7089233398438  552.0
326.5444641113281  304.0
417.5792541503906  363.0
222.4881591796875  207.0
405.10498046875  482.0
537.742431640625  545.0
586.2586059570312  568.0
382.9925842285156  409.0
594.6795654296875  584.0
501.31768798828125  493.0
205.0104217529297  203.0
525.379638671875  508.0
202.21897888183594  216.0
336.1311950683594  199.0
635.9190673828125  649.0
194.61892700195312  195.0
328.8009338378906  343.0
376.5334777832031  433.0
552.54443359375  551.0
508.0174865722656  534.0
635.632080078125  583.0
548.6028442382812  535.0
607.1378173828125  624.0
608.2669067382812  604.0
458.0030822753906  548.0
511.2289733886719  503.0
353.6808166503906  373.0
595.3115234375  592.0
334.3507995605469  330.0
509.23828125  505.0
496.6771545410156  532.0
638.825439453125  547.0
488.41815185546875  481.0
390.5735778808594  401.0
313.5151062011719  249.0
356.1963195800781  388.0
542.6102905273438  549.0
489.5108947753906  474.0
350.5546569824219  359.0
391.00408935546875  378.0
277.6681213378906  253.0
582.1214599609375  550.0
487.5755920410156  473.0
380.1178283691406  353.0
369.38671875  378.0
712.04248046875  595.0
520.9686889648438  530.0
376.919677734375  396.0
461.264892578125  459.0
350.6575927734375  378.0
545.8982543945312  563.0
348.3336486816406  424.0
201.9009552001953  223.0
611.6128540039062  621.0
209.87452697753906  221.0
374.201171875  392.0
624.3379516601562  669.0
375.6275329589844  360.0
537.1077270507812  525.0
470.9163818359375  500.0
521.6424560546875  526.0
596.5938720703125  560.0
507.1120300292969  484.0
518.5137939453125  542.0
MSE : 1743.6251417207322
MAPE : 6.852484620416298
R2 Score : 0.8967642762629879
time : 1080.1678825069685
