529.5802001953125  533.0
619.1514282226562  552.0
527.940673828125  530.0
490.6444396972656  500.0
513.006103515625  522.0
378.14886474609375  384.0
567.8017578125  569.0
599.1522827148438  765.0
259.4455871582031  239.0
272.4822998046875  251.0
483.94146728515625  538.0
388.7531433105469  387.0
514.2603759765625  529.0
319.9447326660156  344.0
492.1727600097656  512.0
406.7043151855469  420.0
575.6836547851562  587.0
224.57078552246094  203.0
586.557861328125  551.0
361.3140869140625  389.0
446.0126647949219  411.0
230.32888793945312  217.0
387.3508605957031  394.0
546.5281982421875  538.0
580.8968505859375  573.0
528.2847900390625  517.0
628.435546875  600.0
529.6233520507812  577.0
510.15631103515625  503.0
580.0760498046875  562.0
305.435546875  195.0
532.6207275390625  554.0
568.3463134765625  566.0
572.1868286132812  560.0
242.12881469726562  278.0
574.4596557617188  653.0
561.0343627929688  552.0
328.3044128417969  304.0
429.1239318847656  363.0
241.2056884765625  207.0
396.5634765625  482.0
533.737060546875  545.0
559.2784423828125  568.0
380.77166748046875  409.0
598.3460083007812  584.0
511.79705810546875  493.0
203.35394287109375  203.0
529.3373413085938  508.0
213.93536376953125  216.0
317.8241271972656  199.0
649.540283203125  649.0
210.3265380859375  195.0
323.088134765625  343.0
379.4256896972656  433.0
552.681884765625  551.0
516.9686889648438  534.0
653.8223266601562  583.0
570.2598266601562  535.0
590.5538940429688  624.0
605.6769409179688  604.0
371.5250244140625  548.0
502.0699768066406  503.0
320.06005859375  373.0
597.724609375  592.0
315.4471130371094  330.0
500.2240905761719  505.0
500.0689697265625  532.0
619.98583984375  547.0
495.77276611328125  481.0
361.40155029296875  401.0
266.3100280761719  249.0
361.82403564453125  388.0
528.2597045898438  549.0
492.30108642578125  474.0
349.5041809082031  359.0
393.54095458984375  378.0
263.84759521484375  253.0
565.7862548828125  550.0
476.4783630371094  473.0
349.31280517578125  353.0
381.93756103515625  378.0
499.498291015625  595.0
536.5523071289062  530.0
401.5527038574219  396.0
458.9668273925781  459.0
340.50946044921875  378.0
530.607421875  563.0
328.9043884277344  424.0
228.345458984375  223.0
625.47607421875  621.0
239.23892211914062  221.0
377.0779724121094  392.0
593.2955932617188  669.0
369.3107604980469  360.0
533.1834106445312  525.0
506.5277404785156  500.0
506.7325439453125  526.0
611.1619873046875  560.0
522.4698486328125  484.0
520.927978515625  542.0
MSE : 1832.3381676566903
MAPE : 6.724048407521135
R2 Score : 0.8915117978384334
time : 3318.971534820972
