270.72503662109375  268.0
671.8768310546875  603.0
537.8748779296875  499.0
291.06463623046875  333.0
484.0522155761719  474.0
521.3245849609375  491.0
319.0252990722656  330.0
589.441162109375  581.0
602.3365478515625  685.0
365.790771484375  256.0
393.70721435546875  392.0
339.08453369140625  350.0
542.1716918945312  561.0
369.214599609375  413.0
425.13140869140625  419.0
566.4893798828125  589.0
322.67279052734375  304.0
610.2821044921875  559.0
244.41151428222656  302.0
458.17303466796875  440.0
301.3594970703125  278.0
315.64044189453125  343.0
553.5999755859375  531.0
331.8306884765625  319.0
484.1522216796875  519.0
496.4719543457031  482.0
350.8819274902344  345.0
622.0979614257812  583.0
329.9854736328125  330.0
527.2022705078125  545.0
414.0588073730469  411.0
304.14459228515625  265.0
358.39532470703125  410.0
486.1312255859375  478.0
560.4021606445312  561.0
401.3524169921875  393.0
508.80877685546875  523.0
316.84100341796875  313.0
201.8627471923828  206.0
496.231201171875  483.0
324.8627014160156  328.0
491.613037109375  486.0
541.2772216796875  526.0
550.1254272460938  563.0
333.96893310546875  359.0
514.1141357421875  517.0
492.45684814453125  473.0
606.0336303710938  618.0
226.29736328125  366.0
465.00762939453125  474.0
246.32708740234375  229.0
261.47393798828125  298.0
581.2479248046875  584.0
456.67803955078125  492.0
184.25253295898438  199.0
532.3674926757812  457.0
486.7261047363281  481.0
575.0872802734375  569.0
175.95706176757812  152.0
586.5087890625  584.0
567.7555541992188  668.0
189.38519287109375  195.0
561.6948852539062  563.0
563.7909545898438  539.0
337.8920593261719  279.0
493.1773986816406  470.0
345.9683837890625  344.0
252.4029541015625  233.0
396.1497802734375  393.0
333.6563720703125  314.0
308.705078125  281.0
387.78900146484375  363.0
235.7327880859375  225.0
217.0648651123047  191.0
511.889892578125  522.0
365.8490905761719  355.0
386.5892333984375  380.0
571.7681884765625  584.0
570.7274780273438  560.0
577.256591796875  569.0
531.68603515625  536.0
252.33135986328125  223.0
549.0427856445312  545.0
384.3377685546875  373.0
522.9769287109375  531.0
675.273193359375  669.0
546.1673583984375  542.0
183.95358276367188  130.0
305.34326171875  331.0
577.4757690429688  556.0
530.0098876953125  522.0
369.70867919921875  433.0
553.6813354492188  536.0
540.3673095703125  550.0
393.6624755859375  360.0
563.2984619140625  621.0
244.85162353515625  253.0
351.67401123046875  424.0
569.5733642578125  590.0
389.5198974609375  327.0
MSE : 1203.2758112460165
MAPE : 6.485117526468994
R2 Score : 0.9309531990166537
time : 3333.650835972978
