201.52804565429688  241.0
201.68341064453125  191.0
527.8295288085938  763.0
382.1903381347656  425.0
299.47381591796875  213.0
566.3695678710938  499.0
577.035888671875  653.0
556.0014038085938  565.0
403.1624755859375  440.0
546.82958984375  515.0
551.1563110351562  534.0
558.1484985351562  569.0
563.7435302734375  618.0
511.7044982910156  503.0
571.8277587890625  584.0
512.9776611328125  533.0
310.6902770996094  409.0
560.4822387695312  545.0
305.08660888671875  330.0
553.6194458007812  539.0
571.62939453125  538.0
545.8330078125  550.0
513.1179809570312  499.0
389.6106262207031  398.0
558.9240112304688  584.0
262.9996643066406  378.0
205.9064178466797  187.0
198.1599578857422  192.0
388.2381591796875  355.0
512.2122802734375  493.0
533.1635131835938  555.0
391.8603820800781  384.0
304.78936767578125  243.0
512.325439453125  512.0
545.1640625  556.0
538.9764404296875  593.0
549.00341796875  557.0
296.6901550292969  344.0
558.3796997070312  527.0
279.2961730957031  281.0
542.855224609375  508.0
259.0325012207031  211.0
533.0043334960938  549.0
550.4115600585938  492.0
575.2472534179688  577.0
371.39764404296875  360.0
550.45068359375  589.0
305.82598876953125  233.0
540.9158325195312  484.0
563.9588623046875  569.0
306.14288330078125  380.0
305.7796936035156  376.0
199.39991760253906  197.0
388.6069030761719  475.0
512.095458984375  459.0
320.0904235839844  311.0
528.3961181640625  541.0
392.69378662109375  420.0
358.4368896484375  392.0
518.6262817382812  550.0
257.9074401855469  206.0
421.4120788574219  411.0
545.096435546875  497.0
559.734619140625  557.0
284.4542541503906  251.0
323.3079528808594  325.0
380.5052185058594  362.0
557.3888549804688  626.0
265.4103698730469  293.0
513.4940185546875  401.0
404.9800720214844  423.0
214.80099487304688  194.0
298.4599304199219  308.0
514.350341796875  523.0
579.02197265625  545.0
284.797119140625  239.0
432.33599853515625  419.0
274.4031982421875  270.0
341.4852600097656  319.0
228.81407165527344  273.0
329.17449951171875  417.0
299.9292907714844  378.0
514.5006713867188  658.0
196.5109405517578  366.0
553.4133911132812  618.0
514.7683715820312  501.0
346.0827941894531  363.0
555.7623291015625  551.0
300.8880920410156  253.0
306.87640380859375  318.0
206.27719116210938  331.0
515.6287231445312  535.0
508.2258605957031  508.0
490.14117431640625  478.0
553.8770751953125  503.0
216.9654083251953  204.0
399.4231872558594  545.0
548.74609375  566.0
460.2642517089844  449.0
556.7576904296875  547.0
MSE : 3050.469557143371
MAPE : 9.581756396429794
R2 Score : 0.8267476582178768
time : 1159.1074129280169
