647.2960205078125  763.0
592.0018920898438  773.0
522.9636840820312  584.0
582.7664184570312  584.0
430.87200927734375  423.0
516.695556640625  533.0
319.1329345703125  300.0
564.9386596679688  531.0
493.374267578125  458.0
295.2899169921875  269.0
538.0596313476562  522.0
568.7538452148438  517.0
390.8801574707031  409.0
384.4876708984375  385.0
520.8394165039062  519.0
612.1752319335938  557.0
515.589599609375  541.0
522.8666381835938  557.0
496.20770263671875  545.0
382.0994567871094  433.0
312.27044677734375  310.0
391.5369567871094  392.0
491.0146789550781  488.0
328.12298583984375  265.0
325.9313049316406  324.0
459.665283203125  563.0
212.41783142089844  196.0
533.4794311523438  527.0
217.99798583984375  213.0
492.14703369140625  520.0
369.6053771972656  370.0
301.2542724609375  330.0
575.5559692382812  589.0
387.7318115234375  373.0
217.91859436035156  220.0
219.66246032714844  253.0
568.20263671875  581.0
372.6372375488281  359.0
352.3363037109375  393.0
550.5197143554688  535.0
282.24371337890625  266.0
505.99517822265625  470.0
361.4381103515625  191.0
508.1865539550781  503.0
551.5846557617188  618.0
210.2250518798828  233.0
505.74505615234375  498.0
239.28359985351562  253.0
524.792236328125  529.0
493.95501708984375  474.0
498.7784729003906  494.0
316.86663818359375  333.0
315.18450927734375  315.0
210.1814422607422  243.0
557.8040161132812  545.0
591.9906616210938  581.0
509.13702392578125  501.0
500.680419921875  599.0
519.6116333007812  509.0
497.52886962890625  478.0
570.7984008789062  581.0
320.48101806640625  345.0
556.9360961914062  538.0
265.06463623046875  239.0
579.0244140625  630.0
686.96484375  583.0
556.5850830078125  530.0
581.2179565429688  604.0
535.6163940429688  530.0
447.44842529296875  419.0
77.30719757080078  130.0
340.4914245605469  420.0
679.4154663085938  653.0
204.4348907470703  197.0
193.5388641357422  190.0
194.231201171875  192.0
247.0503387451172  203.0
330.6876220703125  308.0
206.97886657714844  211.0
615.0543823242188  565.0
445.95037841796875  449.0
555.1022338867188  525.0
549.9004516601562  551.0
368.3215637207031  368.0
322.0958251953125  324.0
490.14190673828125  500.0
209.98243713378906  217.0
548.5613403320312  685.0
401.075439453125  374.0
423.36907958984375  393.0
499.8753967285156  539.0
633.177978515625  643.0
284.1581115722656  241.0
490.92376708984375  482.0
582.5350952148438  606.0
549.9917602539062  618.0
413.36700439453125  395.0
MSE : 2038.339464609843
MAPE : 7.315865653485698
R2 Score : 0.9047805582801098
time : 1407.3520556510193
