629.8496704101562  763.0
532.8917846679688  773.0
524.2744140625  584.0
557.5221557617188  584.0
444.3423156738281  423.0
510.45556640625  533.0
363.35772705078125  300.0
513.0343017578125  531.0
501.5856628417969  458.0
279.855712890625  269.0
549.163330078125  522.0
553.056884765625  517.0
384.8205261230469  409.0
399.60919189453125  385.0
508.7097473144531  519.0
592.0874633789062  557.0
379.1243591308594  541.0
507.91558837890625  557.0
493.09320068359375  545.0
379.6982116699219  433.0
229.639892578125  310.0
380.0379333496094  392.0
467.1239929199219  488.0
340.5289611816406  265.0
258.2330017089844  324.0
609.20166015625  563.0
228.129150390625  196.0
551.3411254882812  527.0
214.54067993164062  213.0
500.422119140625  520.0
374.2467346191406  370.0
159.50106811523438  330.0
551.959228515625  589.0
403.3916931152344  373.0
255.76486206054688  220.0
223.81387329101562  253.0
559.0370483398438  581.0
365.87371826171875  359.0
364.4841003417969  393.0
532.4503173828125  535.0
244.92559814453125  266.0
490.1324768066406  470.0
297.5042724609375  191.0
459.8638610839844  503.0
580.3369140625  618.0
236.43373107910156  233.0
449.72833251953125  498.0
249.94102478027344  253.0
531.763916015625  529.0
498.8683776855469  474.0
485.1044616699219  494.0
313.1167297363281  333.0
237.72747802734375  315.0
218.70016479492188  243.0
528.5836791992188  545.0
416.9150390625  581.0
488.2427062988281  501.0
404.2674255371094  599.0
546.2953491210938  509.0
540.0433959960938  478.0
549.0004272460938  581.0
334.1063537597656  345.0
555.0198974609375  538.0
275.6520690917969  239.0
591.8107299804688  630.0
628.9673461914062  583.0
538.7737426757812  530.0
502.11920166015625  604.0
511.5380859375  530.0
449.030029296875  419.0
207.0955810546875  130.0
342.311279296875  420.0
613.3448486328125  653.0
224.952392578125  197.0
206.4566650390625  190.0
201.76551818847656  192.0
237.82025146484375  203.0
325.0121154785156  308.0
232.848388671875  211.0
596.3224487304688  565.0
695.0338745117188  449.0
551.0296020507812  525.0
558.2349853515625  551.0
361.9766540527344  368.0
252.28587341308594  324.0
496.0224609375  500.0
203.07870483398438  217.0
666.7454223632812  685.0
402.9974670410156  374.0
410.6642761230469  393.0
509.1905822753906  539.0
632.6077270507812  643.0
310.0888366699219  241.0
498.6852111816406  482.0
603.2203369140625  606.0
620.6312255859375  618.0
407.4115905761719  395.0
MSE : 3994.0955625468405
MAPE : 10.579413687667609
R2 Score : 0.8134189342625535
time : 1337.3417812029365
