698.0300903320312  763.0
562.7472534179688  773.0
529.3228149414062  584.0
559.3297729492188  584.0
426.1135559082031  423.0
520.4874877929688  533.0
332.1161804199219  300.0
546.3329467773438  531.0
508.4269104003906  458.0
309.7579650878906  269.0
539.7655639648438  522.0
552.8535766601562  517.0
373.38262939453125  409.0
391.0008239746094  385.0
515.7091674804688  519.0
566.0886840820312  557.0
524.16455078125  541.0
502.9004211425781  557.0
490.6792907714844  545.0
360.5916442871094  433.0
315.6593322753906  310.0
383.9364929199219  392.0
473.5810241699219  488.0
335.248291015625  265.0
329.0606384277344  324.0
502.7899475097656  563.0
211.85546875  196.0
534.5693969726562  527.0
203.83883666992188  213.0
495.6377258300781  520.0
368.0851745605469  370.0
330.9011535644531  330.0
556.1001586914062  589.0
381.4971618652344  373.0
273.9338684082031  220.0
264.81817626953125  253.0
549.8052978515625  581.0
344.0625915527344  359.0
378.2151184082031  393.0
535.3091430664062  535.0
301.37335205078125  266.0
488.6982421875  470.0
424.3471374511719  191.0
508.1604919433594  503.0
518.0639038085938  618.0
235.41015625  233.0
489.3113708496094  498.0
287.518310546875  253.0
503.7535095214844  529.0
490.5235290527344  474.0
487.2812805175781  494.0
322.97003173828125  333.0
318.6051025390625  315.0
224.20562744140625  243.0
555.855224609375  545.0
549.1188354492188  581.0
490.8451843261719  501.0
493.4701843261719  599.0
516.4005737304688  509.0
508.4247131347656  478.0
532.913330078125  581.0
349.3293762207031  345.0
549.1123046875  538.0
278.6658935546875  239.0
561.4549560546875  630.0
688.261474609375  583.0
538.8558959960938  530.0
564.0061645507812  604.0
515.9879150390625  530.0
431.40447998046875  419.0
191.8914337158203  130.0
352.5817565917969  420.0
627.421630859375  653.0
212.047607421875  197.0
200.42605590820312  190.0
207.95608520507812  192.0
229.302978515625  203.0
339.9665832519531  308.0
228.42628479003906  211.0
565.6941528320312  565.0
467.719482421875  449.0
536.536865234375  525.0
541.0408325195312  551.0
358.4100036621094  368.0
325.1259460449219  324.0
497.3212585449219  500.0
214.62677001953125  217.0
600.5086669921875  685.0
419.4530334472656  374.0
406.9742736816406  393.0
500.3791809082031  539.0
695.2526245117188  643.0
324.2161560058594  241.0
497.1268005371094  482.0
545.6765747070312  606.0
574.6361694335938  618.0
413.6331481933594  395.0
MSE : 2376.113531245346
MAPE : 8.31500622449704
R2 Score : 0.8890017056351478
time : 1321.3794076200575
