488.6026306152344  533.0
507.20233154296875  552.0
515.6591186523438  530.0
498.3127136230469  500.0
487.1686096191406  522.0
337.0644226074219  384.0
591.3018798828125  569.0
591.14453125  765.0
303.78326416015625  239.0
286.4126892089844  251.0
509.0325622558594  538.0
380.71319580078125  387.0
508.1831970214844  529.0
371.5747375488281  344.0
591.3615112304688  512.0
396.9135437011719  420.0
591.3401489257812  587.0
216.36032104492188  203.0
521.58837890625  551.0
385.6763610839844  389.0
430.8144836425781  411.0
180.42910766601562  217.0
370.9482727050781  394.0
520.0674438476562  538.0
590.0921020507812  573.0
591.348388671875  517.0
591.337158203125  600.0
497.4426574707031  577.0
509.49139404296875  503.0
591.31396484375  562.0
313.4960632324219  195.0
495.1370544433594  554.0
591.353271484375  566.0
491.0988464355469  560.0
316.5008850097656  278.0
591.3165893554688  653.0
591.2816162109375  552.0
312.8756408691406  304.0
317.06060791015625  363.0
230.44802856445312  207.0
318.5505676269531  482.0
480.2108154296875  545.0
591.2604370117188  568.0
357.0173034667969  409.0
503.8739013671875  584.0
513.2864379882812  493.0
211.57540893554688  203.0
591.3125610351562  508.0
240.14093017578125  216.0
320.90576171875  199.0
591.3307495117188  649.0
256.8068542480469  195.0
329.2867736816406  343.0
325.6368713378906  433.0
513.8219604492188  551.0
509.9292297363281  534.0
591.3010864257812  583.0
591.3377685546875  535.0
509.63848876953125  624.0
591.2781372070312  604.0
517.020263671875  548.0
491.2470397949219  503.0
331.8725891113281  373.0
591.1668090820312  592.0
324.9571838378906  330.0
504.4125061035156  505.0
506.4098815917969  532.0
513.061767578125  547.0
508.81414794921875  481.0
354.1399841308594  401.0
326.8615417480469  249.0
395.0926208496094  388.0
515.7108154296875  549.0
507.36419677734375  474.0
312.9288330078125  359.0
392.79449462890625  378.0
327.699462890625  253.0
591.3464965820312  550.0
510.0970764160156  473.0
339.0195617675781  353.0
298.5657653808594  378.0
505.0486755371094  595.0
591.2587280273438  530.0
402.7475280761719  396.0
508.0257568359375  459.0
320.8731994628906  378.0
486.9900207519531  563.0
309.4414367675781  424.0
319.071044921875  223.0
511.638427734375  621.0
230.86912536621094  221.0
354.7257385253906  392.0
591.0840454101562  669.0
371.97650146484375  360.0
590.5628051757812  525.0
495.7397155761719  500.0
502.3722229003906  526.0
591.3240356445312  560.0
511.6095886230469  484.0
508.0348205566406  542.0
MSE : 3092.3887585018692
MAPE : 10.635020346950192
R2 Score : 0.8169073249052332
time : 795.4215154920239
