604.7765502929688  562.0
347.9738464355469  313.0
322.24359130859375  337.0
584.7117919921875  566.0
393.0035095214844  298.0
204.9048309326172  192.0
413.34136962890625  407.0
370.4358215332031  353.0
387.04571533203125  370.0
386.0124816894531  353.0
596.7383422851562  577.0
308.9617614746094  254.0
478.5993347167969  527.0
479.55426025390625  517.0
567.8284912109375  587.0
467.1582946777344  508.0
369.549560546875  324.0
551.036376953125  630.0
516.5990600585938  539.0
552.3660888671875  538.0
375.952880859375  268.0
532.932861328125  541.0
595.2578125  633.0
558.358154296875  555.0
195.98602294921875  223.0
381.3283996582031  314.0
558.9509887695312  590.0
537.1007080078125  494.0
285.8089294433594  267.0
214.6007080078125  152.0
373.1806335449219  403.0
339.482177734375  330.0
574.5887451171875  523.0
419.5423583984375  563.0
512.442626953125  542.0
462.3045959472656  545.0
507.6890563964844  493.0
552.5216064453125  584.0
614.843017578125  579.0
254.90261840820312  226.0
178.18917846679688  273.0
569.0031127929688  541.0
447.2938537597656  501.0
516.7434692382812  530.0
320.0500183105469  409.0
397.7488098144531  374.0
481.0661926269531  623.0
244.16395568847656  218.0
459.6352844238281  509.0
303.01165771484375  401.0
417.884033203125  457.0
578.9837646484375  533.0
239.57821655273438  333.0
568.5852661132812  593.0
578.9588623046875  668.0
391.4566955566406  365.0
203.52919006347656  221.0
612.1177978515625  616.0
431.0329895019531  319.0
227.77597045898438  223.0
411.7216796875  387.0
242.70010375976562  278.0
263.6917419433594  191.0
350.2710876464844  249.0
456.2741394042969  519.0
545.2420654296875  573.0
548.9745483398438  523.0
210.15371704101562  197.0
316.4217529296875  325.0
487.9172058105469  538.0
288.4390869140625  378.0
227.32608032226562  316.0
449.4385986328125  488.0
539.4417724609375  593.0
594.4815063476562  550.0
200.99740600585938  243.0
569.7158813476562  529.0
529.5248413085938  499.0
505.5668029785156  527.0
528.8458862304688  470.0
515.8609619140625  522.0
266.9659118652344  241.0
282.7282409667969  377.0
534.5  550.0
567.2644653320312  525.0
303.8626403808594  188.0
238.00677490234375  220.0
333.32080078125  373.0
345.0792541503906  362.0
324.9588623046875  293.0
520.6310424804688  577.0
383.0689697265625  423.0
600.3074951171875  653.0
504.2771911621094  415.0
561.4697265625  529.0
577.888916015625  520.0
316.1136779785156  209.0
412.1551818847656  380.0
469.76715087890625  503.0
MSE : 3030.3544538391525
MAPE : 12.266265616709187
R2 Score : 0.837374515338682
time : 342.482618572074
