539.350341796875  763.0
539.3582763671875  773.0
539.2942504882812  584.0
539.3599853515625  584.0
411.30413818359375  423.0
539.3399047851562  533.0
373.8101806640625  300.0
539.360107421875  531.0
534.3825073242188  458.0
306.5882873535156  269.0
539.250732421875  522.0
539.3525390625  568.0
378.1080322265625  409.0
388.43963623046875  385.0
539.3884887695312  519.0
539.342529296875  557.0
539.272216796875  541.0
539.359130859375  557.0
539.317626953125  545.0
387.71923828125  433.0
306.5236511230469  310.0
388.0309753417969  389.0
539.3670654296875  488.0
357.5167541503906  265.0
327.47686767578125  324.0
539.2451782226562  563.0
306.5292663574219  196.0
539.238037109375  527.0
306.5323486328125  213.0
539.3381958007812  520.0
388.0012512207031  370.0
373.9519348144531  330.0
539.3489990234375  589.0
388.0498046875  373.0
306.55535888671875  220.0
306.55914306640625  253.0
539.2872314453125  581.0
388.00933837890625  359.0
355.6338806152344  393.0
539.3654174804688  535.0
306.59417724609375  266.0
539.3713989257812  470.0
306.54107666015625  191.0
411.2928466796875  503.0
539.3804321289062  618.0
373.8479309082031  233.0
426.9651794433594  498.0
539.349609375  517.0
306.583251953125  253.0
539.3751831054688  529.0
539.3509521484375  474.0
539.3751220703125  494.0
383.6763610839844  333.0
306.5353698730469  315.0
374.3209533691406  243.0
539.231689453125  545.0
539.3518676757812  581.0
539.3710327148438  501.0
539.3551635742188  599.0
539.3716430664062  509.0
539.3223266601562  478.0
539.3674926757812  581.0
393.77899169921875  345.0
539.2229614257812  538.0
306.54071044921875  239.0
539.314208984375  630.0
539.3724365234375  583.0
539.3641357421875  530.0
539.3867797851562  604.0
539.355224609375  530.0
411.29486083984375  419.0
306.52880859375  130.0
387.9421691894531  420.0
539.3939208984375  653.0
306.5340881347656  197.0
306.5719909667969  190.0
306.5246276855469  192.0
306.5438232421875  203.0
387.6275939941406  392.0
306.5986633300781  308.0
306.9531555175781  211.0
539.3558349609375  565.0
416.98577880859375  449.0
539.3656005859375  525.0
539.2664184570312  551.0
411.3650207519531  368.0
306.58892822265625  324.0
539.3435668945312  500.0
306.55072021484375  217.0
537.96533203125  685.0
388.49542236328125  374.0
388.1041259765625  401.0
539.3414916992188  539.0
539.3385009765625  643.0
306.54156494140625  241.0
539.3425903320312  482.0
531.9826049804688  606.0
539.3392944335938  618.0
388.47772216796875  393.0
388.05950927734375  395.0
MSE : 4725.879024140956
MAPE : 15.306215016982677
R2 Score : 0.7746359473067351
time : 2116.699867498013
