540.80712890625  533.0
618.47607421875  552.0
527.4344482421875  530.0
489.123291015625  500.0
516.2171020507812  522.0
385.58843994140625  384.0
558.0946044921875  569.0
589.8287353515625  765.0
301.9960021972656  239.0
287.1346130371094  251.0
463.76470947265625  538.0
397.37347412109375  387.0
509.3664855957031  529.0
316.33221435546875  344.0
480.26129150390625  512.0
391.33673095703125  420.0
576.9889526367188  587.0
213.3799285888672  203.0
583.76904296875  551.0
376.01495361328125  389.0
416.6021728515625  411.0
235.01307678222656  217.0
387.885009765625  394.0
544.4706420898438  538.0
576.79296875  573.0
534.4874267578125  517.0
582.0508422851562  600.0
548.36279296875  577.0
502.52325439453125  503.0
570.5485229492188  562.0
286.3941650390625  195.0
540.8399658203125  554.0
573.2720336914062  566.0
600.6934204101562  560.0
258.19281005859375  278.0
583.104248046875  653.0
568.1318969726562  552.0
315.2376708984375  304.0
417.9386901855469  363.0
253.22096252441406  207.0
385.15533447265625  482.0
528.921630859375  545.0
567.845947265625  568.0
395.76806640625  409.0
563.9640502929688  584.0
495.720458984375  493.0
205.8836212158203  203.0
541.5628662109375  508.0
215.43026733398438  216.0
310.4205322265625  199.0
648.0241088867188  649.0
195.53988647460938  195.0
324.120849609375  343.0
401.74530029296875  433.0
577.6038208007812  551.0
505.57916259765625  534.0
673.922119140625  583.0
578.2330322265625  535.0
599.6079711914062  624.0
606.1033935546875  604.0
430.6576843261719  548.0
500.556396484375  503.0
367.56781005859375  373.0
573.7439575195312  592.0
351.3419494628906  330.0
496.21417236328125  505.0
495.0655517578125  532.0
698.0842895507812  547.0
487.59820556640625  481.0
370.4434509277344  401.0
311.21649169921875  249.0
378.1470947265625  388.0
541.640380859375  549.0
486.942626953125  474.0
348.65228271484375  359.0
401.5418701171875  378.0
312.47528076171875  253.0
577.9510498046875  550.0
475.180908203125  473.0
357.11395263671875  353.0
386.02911376953125  378.0
676.150634765625  595.0
537.5891723632812  530.0
389.31353759765625  396.0
466.5161437988281  459.0
332.61541748046875  378.0
546.0601196289062  563.0
370.23297119140625  424.0
213.09597778320312  223.0
656.1414794921875  621.0
245.4077606201172  221.0
373.31134033203125  392.0
705.444580078125  669.0
383.55224609375  360.0
549.9212646484375  525.0
479.2863464355469  500.0
515.6150512695312  526.0
651.9979248046875  560.0
508.07867431640625  484.0
525.3582153320312  542.0
MSE : 1868.6405884480407
MAPE : 7.027427675836232
R2 Score : 0.8893624214649647
time : 1782.0348361610668
