600.7591552734375  763.0
544.57666015625  773.0
511.97119140625  584.0
546.6221313476562  584.0
382.19000244140625  423.0
503.9070739746094  533.0
262.4670715332031  300.0
529.6914672851562  531.0
476.27593994140625  458.0
311.783203125  269.0
518.9404907226562  522.0
556.2428588867188  568.0
416.849853515625  409.0
371.4342041015625  385.0
529.6690063476562  519.0
618.8271484375  557.0
494.35406494140625  541.0
506.278076171875  557.0
556.0281372070312  545.0
395.7065124511719  433.0
237.38223266601562  310.0
379.2595520019531  389.0
494.20928955078125  488.0
259.4798278808594  265.0
290.1673889160156  324.0
557.369384765625  563.0
185.5946807861328  196.0
527.21337890625  527.0
152.626708984375  213.0
481.3299560546875  520.0
387.67803955078125  370.0
363.98175048828125  330.0
536.6270751953125  589.0
372.48785400390625  373.0
227.27459716796875  220.0
231.9315185546875  253.0
557.6629028320312  581.0
358.9466552734375  359.0
427.474853515625  393.0
545.8184204101562  535.0
308.05792236328125  266.0
529.438232421875  470.0
251.3720245361328  191.0
514.5942993164062  503.0
577.1023559570312  618.0
230.31637573242188  233.0
501.224609375  498.0
529.7998657226562  517.0
283.7462463378906  253.0
541.0999755859375  529.0
501.64208984375  474.0
476.4331359863281  494.0
365.5906982421875  333.0
278.0973815917969  315.0
268.2506103515625  243.0
564.91064453125  545.0
515.5450439453125  581.0
480.8841552734375  501.0
493.0577087402344  599.0
513.6968383789062  509.0
483.6731262207031  478.0
521.3368530273438  581.0
366.89642333984375  345.0
529.729736328125  538.0
220.5919189453125  239.0
579.9022216796875  630.0
611.4520263671875  583.0
526.6907958984375  530.0
518.6688232421875  604.0
522.2634887695312  530.0
411.567626953125  419.0
153.01092529296875  130.0
391.98492431640625  420.0
612.1279296875  653.0
196.69149780273438  197.0
200.5727996826172  190.0
165.5631103515625  192.0
223.49417114257812  203.0
380.7809753417969  392.0
287.7391357421875  308.0
219.42828369140625  211.0
567.5107421875  565.0
480.4919128417969  449.0
524.105224609375  525.0
514.543212890625  551.0
366.427490234375  368.0
291.14788818359375  324.0
480.6211853027344  500.0
187.85301208496094  217.0
618.474365234375  685.0
393.29315185546875  374.0
380.63519287109375  401.0
506.5989685058594  539.0
621.6134643554688  643.0
224.69363403320312  241.0
479.9783630371094  482.0
533.8900756835938  606.0
575.7857055664062  618.0
384.3219299316406  393.0
381.4743957519531  395.0
MSE : 1915.6696204441228
MAPE : 7.003402166619504
R2 Score : 0.9086470332652808
time : 2434.2804748360068
