538.662109375  533.0
599.6268310546875  552.0
523.8922729492188  530.0
485.02899169921875  500.0
521.6239013671875  522.0
394.00738525390625  384.0
534.005615234375  569.0
625.34423828125  765.0
277.7447814941406  239.0
329.2579650878906  251.0
433.3538818359375  538.0
395.7367248535156  387.0
509.8006896972656  529.0
335.8729248046875  344.0
484.1703796386719  512.0
389.9054260253906  420.0
567.7093505859375  587.0
226.09146118164062  203.0
562.0565185546875  551.0
391.8194580078125  389.0
445.9610290527344  411.0
251.22384643554688  217.0
394.5661315917969  394.0
541.3892211914062  538.0
569.7183227539062  573.0
520.5774536132812  517.0
539.2830810546875  600.0
553.3680419921875  577.0
508.8412780761719  503.0
558.9549560546875  562.0
265.0558776855469  195.0
537.1277465820312  554.0
569.5311279296875  566.0
559.2847290039062  560.0
268.46533203125  278.0
579.055908203125  653.0
555.327880859375  552.0
348.527099609375  304.0
441.4648132324219  363.0
235.68572998046875  207.0
402.4237976074219  482.0
535.3257446289062  545.0
555.3365478515625  568.0
382.4908142089844  409.0
563.7827758789062  584.0
503.21539306640625  493.0
204.18649291992188  203.0
520.2616577148438  508.0
215.91238403320312  216.0
326.55517578125  199.0
613.5621337890625  649.0
202.0897216796875  195.0
343.5025939941406  343.0
387.3464660644531  433.0
557.2866821289062  551.0
504.36346435546875  534.0
623.177001953125  583.0
547.5126342773438  535.0
589.8453979492188  624.0
597.1444091796875  604.0
467.5240783691406  548.0
503.4894104003906  503.0
352.1896667480469  373.0
597.2689208984375  592.0
348.9136047363281  330.0
506.4027404785156  505.0
495.75994873046875  532.0
626.3267822265625  547.0
487.4844665527344  481.0
406.4071960449219  401.0
320.46685791015625  249.0
360.7407531738281  388.0
523.0194091796875  549.0
493.6318664550781  474.0
365.5481872558594  359.0
387.94512939453125  378.0
308.6972351074219  253.0
560.6534423828125  550.0
480.0157470703125  473.0
368.5021667480469  353.0
394.4698181152344  378.0
718.823486328125  595.0
524.6835327148438  530.0
379.7998352050781  396.0
478.3035583496094  459.0
350.3800354003906  378.0
533.896484375  563.0
327.0396423339844  424.0
235.48446655273438  223.0
610.0572509765625  621.0
251.11985778808594  221.0
352.7962341308594  392.0
607.1982421875  669.0
393.0367126464844  360.0
535.620849609375  525.0
474.1319885253906  500.0
519.1909790039062  526.0
615.22119140625  560.0
492.4714660644531  484.0
513.9973754882812  542.0
MSE : 1683.3994384182733
MAPE : 7.100615343952359
R2 Score : 0.9003300909092852
time : 1973.3087473399937
