585.298095703125  763.0
579.4207763671875  773.0
514.7671508789062  584.0
583.6810913085938  584.0
450.3318176269531  423.0
514.814453125  533.0
330.9405212402344  300.0
520.1292114257812  531.0
481.003173828125  458.0
304.1164855957031  269.0
514.78271484375  522.0
624.9033203125  568.0
399.6354675292969  409.0
411.0285949707031  385.0
564.9362182617188  519.0
594.484130859375  557.0
514.8060913085938  541.0
585.29833984375  557.0
585.3465576171875  545.0
410.8303527832031  433.0
296.2184753417969  310.0
410.9567565917969  389.0
524.5208129882812  488.0
328.9854431152344  265.0
335.2355041503906  324.0
585.3480834960938  563.0
203.41598510742188  196.0
514.7989501953125  527.0
179.13426208496094  213.0
514.8430786132812  520.0
410.9346618652344  370.0
373.1001892089844  330.0
582.4059448242188  589.0
410.965087890625  373.0
215.53712463378906  220.0
258.94927978515625  253.0
514.7722778320312  581.0
373.9247131347656  359.0
407.6080627441406  393.0
585.3389892578125  535.0
293.4208679199219  266.0
515.12255859375  470.0
283.4218444824219  191.0
451.5135192871094  503.0
587.6055908203125  618.0
282.7857360839844  233.0
514.7730712890625  498.0
630.3682861328125  517.0
264.7401123046875  253.0
528.8117065429688  529.0
514.810791015625  474.0
565.9886474609375  494.0
410.39288330078125  333.0
304.4938049316406  315.0
374.4139099121094  243.0
514.7640991210938  545.0
515.328857421875  581.0
579.02392578125  501.0
516.512939453125  599.0
515.406982421875  509.0
515.057373046875  478.0
515.7412719726562  581.0
416.85211181640625  345.0
514.7708129882812  538.0
273.8038635253906  239.0
514.7783813476562  630.0
622.6405639648438  583.0
468.8651123046875  530.0
584.5995483398438  604.0
514.87109375  530.0
450.4106750488281  419.0
211.5154571533203  130.0
410.9261779785156  420.0
510.7257385253906  653.0
198.6248321533203  197.0
193.62962341308594  190.0
206.7774658203125  192.0
233.38392639160156  203.0
410.9428405761719  392.0
271.5099792480469  308.0
200.61497497558594  211.0
515.2642822265625  565.0
514.8843383789062  449.0
538.0970458984375  525.0
585.3505859375  551.0
450.4615173339844  368.0
327.4540100097656  324.0
514.8546142578125  500.0
228.3965606689453  217.0
506.4991149902344  685.0
348.8003234863281  374.0
410.9673767089844  401.0
515.0147705078125  539.0
515.236328125  643.0
249.6913604736328  241.0
514.8015747070312  482.0
585.3592529296875  606.0
585.3310546875  618.0
411.0520935058594  393.0
372.6164855957031  395.0
MSE : 3194.437326886619
MAPE : 9.811440822904565
R2 Score : 0.847666150914079
time : 1406.514742397936
