217.7706756591797  225.0
567.766845703125  569.0
566.4469604492188  545.0
528.6753540039062  481.0
258.67742919921875  206.0
678.4421997070312  678.0
668.1820068359375  653.0
530.7666015625  490.0
202.1941680908203  213.0
339.17572021484375  320.0
526.219970703125  488.0
293.53753662109375  270.0
282.69830322265625  302.0
373.80810546875  378.0
579.3375854492188  568.0
544.3919067382812  520.0
693.0402221679688  560.0
541.2593994140625  580.0
317.0179443359375  315.0
387.65460205078125  420.0
458.47216796875  444.0
441.05462646484375  410.0
567.6749877929688  773.0
481.63104248046875  482.0
391.2611083984375  410.0
279.60760498046875  223.0
547.6500244140625  508.0
608.2081298828125  668.0
295.24456787109375  241.0
503.25469970703125  481.0
598.7891845703125  550.0
575.679443359375  580.0
377.71783447265625  359.0
567.72705078125  587.0
374.04718017578125  256.0
254.85897827148438  207.0
255.49977111816406  217.0
534.344482421875  600.0
225.77589416503906  152.0
393.5352783203125  407.0
581.3665771484375  618.0
551.9926147460938  619.0
387.58038330078125  388.0
219.32078552246094  233.0
408.83978271484375  548.0
381.6367492675781  353.0
530.3646240234375  650.0
368.7435302734375  413.0
389.87493896484375  415.0
367.12384033203125  409.0
690.1845092773438  494.0
579.82080078125  562.0
525.3119506835938  584.0
570.8469848632812  603.0
544.7265014648438  542.0
541.5787353515625  579.0
694.1446533203125  649.0
382.64544677734375  363.0
568.6270751953125  508.0
546.3009643554688  512.0
389.8191223144531  409.0
493.31109619140625  521.0
496.2732849121094  520.0
363.6128845214844  349.0
694.1190795898438  590.0
384.53314208984375  191.0
366.29144287109375  378.0
313.76995849609375  324.0
597.838623046875  580.0
558.3307495117188  530.0
365.35223388671875  397.0
289.002197265625  301.0
188.93199157714844  204.0
524.5977172851562  472.0
210.54393005371094  272.0
332.3084716796875  379.0
572.452880859375  658.0
577.6476440429688  590.0
336.0743408203125  267.0
604.6484375  569.0
217.22720336914062  173.0
340.5592041015625  380.0
539.7106323242188  606.0
363.98321533203125  315.0
307.78460693359375  425.0
537.3674926757812  531.0
540.3629760742188  526.0
548.044189453125  564.0
527.7906494140625  503.0
273.20880126953125  259.0
390.1879577636719  457.0
573.47412109375  574.0
388.3689880371094  417.0
355.7457275390625  327.0
527.3088989257812  508.0
388.5157470703125  416.0
585.1002197265625  592.0
MSE : 3321.7578673905177
MAPE : 10.570947173162883
R2 Score : 0.83404759180624
time : 2429.4476648489945
