483.26519775390625  481.0
566.82470703125  533.0
531.0986938476562  549.0
554.8875122070312  520.0
484.270751953125  503.0
521.804931640625  599.0
318.6085510253906  393.0
488.65557861328125  520.0
256.6444396972656  283.0
316.5038757324219  327.0
212.24264526367188  221.0
408.8084716796875  345.0
449.272216796875  411.0
574.81982421875  562.0
379.2154235839844  300.0
2.4882631301879883  273.0
356.9715881347656  298.0
308.7353210449219  363.0
299.4112854003906  330.0
527.7562866210938  533.0
315.10076904296875  319.0
508.1627197265625  526.0
200.05746459960938  188.0
295.13616943359375  406.0
420.0681457519531  432.0
315.7686767578125  376.0
408.8084716796875  324.0
531.2783813476562  551.0
492.25830078125  575.0
432.09210205078125  318.0
297.80316162109375  350.0
596.0572509765625  440.0
261.80035400390625  243.0
374.17669677734375  417.0
500.8961181640625  490.0
414.3599548339844  407.0
391.56658935546875  459.0
531.3715209960938  563.0
508.2908020019531  518.0
375.970458984375  378.0
299.35882568359375  387.0
425.42181396484375  423.0
537.9078979492188  528.0
302.4980773925781  266.0
240.3480987548828  207.0
415.02801513671875  444.0
236.1094207763672  315.0
353.8212890625  374.0
318.91253662109375  331.0
569.0968017578125  568.0
483.3934631347656  507.0
425.64678955078125  333.0
581.33984375  545.0
480.50042724609375  475.0
410.4717102050781  355.0
573.9668579101562  512.0
212.89999389648438  223.0
343.58428955078125  387.0
503.02081298828125  488.0
391.5826110839844  419.0
625.4808959960938  444.0
260.1514587402344  251.0
515.2859497070312  550.0
225.77725219726562  253.0
237.057373046875  256.0
493.32391357421875  508.0
541.0457763671875  563.0
494.02313232421875  482.0
203.07742309570312  331.0
535.8389282226562  493.0
519.0722045898438  544.0
543.9400024414062  513.0
272.9613342285156  330.0
489.40057373046875  521.0
603.2494506835938  621.0
428.6920471191406  519.0
288.36383056640625  268.0
490.7434387207031  539.0
261.26318359375  316.0
337.7700500488281  430.0
490.3394775390625  502.0
306.5867004394531  223.0
493.315673828125  486.0
357.6117248535156  348.0
419.4364929199219  396.0
393.12921142578125  328.0
301.0606689453125  413.0
658.8497924804688  669.0
423.3184509277344  397.0
378.1780700683594  385.0
504.9693298339844  545.0
524.26611328125  503.0
201.968994140625  272.0
580.9278564453125  590.0
520.3734741210938  545.0
MSE : 3602.2483807731505
MAPE : 11.391883551017521
R2 Score : 0.7133706277049562
time : 666.4155706960009
