608.0120849609375  552.0
597.8480834960938  401.0
397.11346435546875  403.0
283.2929382324219  325.0
629.2098999023438  672.0
475.1010437011719  507.0
334.7745666503906  321.0
495.036865234375  502.0
213.6306610107422  221.0
295.6759033203125  269.0
553.0596313476562  528.0
579.58935546875  534.0
457.6005554199219  419.0
206.2974395751953  348.0
616.4579467773438  569.0
621.0359497070312  478.0
197.7444610595703  226.0
248.68324279785156  304.0
673.9337768554688  630.0
446.4206237792969  419.0
732.7251586914062  763.0
558.4346923828125  559.0
602.2617797851562  530.0
518.072265625  531.0
633.4856567382812  616.0
184.83213806152344  390.0
568.7984008789062  587.0
393.9098815917969  393.0
381.2933349609375  409.0
468.195556640625  417.0
576.9426879882812  573.0
493.47308349609375  481.0
249.83084106445312  228.0
668.4157104492188  595.0
299.9640197753906  270.0
752.1421508789062  613.0
527.3452758789062  495.0
564.3300170898438  500.0
342.11334228515625  319.0
578.0469360351562  546.0
368.6246337890625  330.0
334.27203369140625  333.0
601.8453369140625  606.0
196.18222045898438  218.0
388.1654052734375  430.0
519.3648681640625  522.0
503.16912841796875  493.0
580.5147094726562  575.0
614.4493408203125  653.0
195.68238830566406  206.0
403.51568603515625  393.0
438.6214904785156  444.0
576.3478393554688  561.0
394.3138122558594  418.0
314.59600830078125  320.0
382.6905517578125  279.0
229.99989318847656  266.0
348.6724853515625  343.0
328.20758056640625  324.0
376.8323974609375  386.0
515.7454833984375  493.0
353.3969421386719  298.0
254.3607940673828  331.0
214.8074493408203  358.0
638.332763671875  619.0
200.31031799316406  197.0
519.5310668945312  537.0
566.92822265625  482.0
280.03387451171875  243.0
475.49273681640625  363.0
563.7377319335938  556.0
496.7375183105469  484.0
382.26983642578125  433.0
533.8556518554688  551.0
483.24884033203125  474.0
604.9147338867188  557.0
327.4817199707031  273.0
584.7844848632812  559.0
635.8541870117188  600.0
268.9576110839844  259.0
417.6974792480469  385.0
497.48968505859375  500.0
295.65582275390625  278.0
614.0277709960938  545.0
319.0762023925781  315.0
239.91217041015625  225.0
463.35546875  548.0
560.9194946289062  569.0
575.6985473632812  581.0
522.5091552734375  551.0
714.4230346679688  643.0
530.8902587890625  533.0
298.3175964355469  315.0
316.9857482910156  310.0
479.135009765625  512.0
358.6678466796875  363.0
127.3465347290039  152.0
522.9317626953125  533.0
496.5724792480469  549.0
366.598388671875  363.0
MSE : 2919.710012602015
MAPE : 8.934945428979274
R2 Score : 0.8324653557537217
time : 5784.162148168078
