537.3590698242188  533.0
615.8809204101562  552.0
502.4783630371094  530.0
493.7069396972656  500.0
524.7976684570312  522.0
378.99896240234375  384.0
517.33056640625  569.0
617.4730834960938  765.0
248.6423797607422  239.0
270.6405944824219  251.0
471.5676574707031  538.0
386.6830139160156  387.0
513.5990600585938  529.0
315.9245910644531  344.0
488.3982238769531  512.0
381.67584228515625  420.0
543.3309326171875  587.0
195.61068725585938  203.0
612.436767578125  551.0
408.7164001464844  389.0
429.1846008300781  411.0
251.8553466796875  217.0
401.8279113769531  394.0
561.69189453125  538.0
583.4013671875  573.0
519.7316284179688  517.0
650.7980346679688  600.0
568.9151611328125  577.0
496.7120666503906  503.0
569.1804809570312  562.0
216.27975463867188  195.0
547.8870239257812  554.0
538.5524291992188  566.0
569.9942626953125  560.0
269.4710998535156  278.0
602.0938720703125  653.0
569.1966552734375  552.0
376.8394775390625  304.0
426.0180358886719  363.0
238.38333129882812  207.0
380.5482177734375  482.0
543.5592651367188  545.0
550.707763671875  568.0
362.6581115722656  409.0
585.0421752929688  584.0
490.8088684082031  493.0
218.88584899902344  203.0
525.9359741210938  508.0
214.9891357421875  216.0
263.0500183105469  199.0
652.6229248046875  649.0
191.96530151367188  195.0
302.3619079589844  343.0
385.87677001953125  433.0
560.4766235351562  551.0
519.8192138671875  534.0
622.0573120117188  583.0
640.4374389648438  535.0
616.1806640625  624.0
616.36865234375  604.0
497.5745544433594  548.0
497.7076721191406  503.0
289.1217346191406  373.0
589.0906372070312  592.0
272.75048828125  330.0
485.7632141113281  505.0
507.5392150878906  532.0
638.22900390625  547.0
481.9004821777344  481.0
240.67999267578125  401.0
250.77737426757812  249.0
378.0494689941406  388.0
559.0990600585938  549.0
475.44390869140625  474.0
345.4773864746094  359.0
366.6591796875  378.0
268.5310974121094  253.0
566.0418090820312  550.0
503.5790100097656  473.0
355.2600402832031  353.0
554.7068481445312  378.0
668.6559448242188  595.0
536.8062133789062  530.0
408.9252624511719  396.0
466.7026672363281  459.0
347.72412109375  378.0
548.1121215820312  563.0
369.83642578125  424.0
254.87881469726562  223.0
633.671142578125  621.0
235.47923278808594  221.0
301.3848876953125  392.0
642.3486328125  669.0
370.5872497558594  360.0
561.769287109375  525.0
538.0083618164062  500.0
524.7495727539062  526.0
574.4063110351562  560.0
522.0403442382812  484.0
523.09375  542.0
MSE : 2035.5249161649099
MAPE : 7.1007369351106435
R2 Score : 0.8794816139794672
time : 3026.325538330013
