684.569580078125  763.0
534.0894165039062  773.0
544.3599853515625  584.0
555.15869140625  584.0
421.36944580078125  423.0
514.2892456054688  533.0
299.2175598144531  300.0
524.010009765625  531.0
499.6180725097656  458.0
268.1681823730469  269.0
539.908447265625  522.0
552.7970581054688  517.0
374.0199279785156  409.0
386.2389831542969  385.0
530.7640380859375  519.0
585.5818481445312  557.0
541.3328857421875  541.0
505.5766296386719  557.0
515.7158203125  545.0
367.9509582519531  433.0
297.4554748535156  310.0
379.6695556640625  392.0
486.5304260253906  488.0
303.9676818847656  265.0
304.3287658691406  324.0
483.4661560058594  563.0
228.95191955566406  196.0
516.83056640625  527.0
200.97201538085938  213.0
495.5516052246094  520.0
369.6853332519531  370.0
361.2501220703125  330.0
534.6820068359375  589.0
375.4857482910156  373.0
230.75953674316406  220.0
248.29161071777344  253.0
547.9205932617188  581.0
345.3338928222656  359.0
374.08880615234375  393.0
517.4071044921875  535.0
259.3800964355469  266.0
496.8232421875  470.0
212.5465850830078  191.0
525.7236328125  503.0
512.633544921875  618.0
225.0969696044922  233.0
534.759765625  498.0
273.55010986328125  253.0
518.6911010742188  529.0
498.44573974609375  474.0
503.23748779296875  494.0
337.6775207519531  333.0
298.7126770019531  315.0
199.9075469970703  243.0
547.421875  545.0
541.7149658203125  581.0
497.4325256347656  501.0
512.0337524414062  599.0
524.6218872070312  509.0
511.86541748046875  478.0
538.990478515625  581.0
353.4763488769531  345.0
577.4096069335938  538.0
275.0382385253906  239.0
551.3026123046875  630.0
692.7379760742188  583.0
525.892333984375  530.0
534.5147705078125  604.0
511.1339111328125  530.0
443.565185546875  419.0
177.91845703125  130.0
363.2981872558594  420.0
654.6351318359375  653.0
208.9900360107422  197.0
203.31817626953125  190.0
202.6853485107422  192.0
223.2733917236328  203.0
349.9462585449219  308.0
231.04461669921875  211.0
556.082275390625  565.0
465.6707763671875  449.0
517.6890869140625  525.0
547.7998046875  551.0
397.80694580078125  368.0
301.9011535644531  324.0
489.803466796875  500.0
141.23414611816406  217.0
573.1471557617188  685.0
452.2604064941406  374.0
401.8172607421875  393.0
497.8843078613281  539.0
684.6818237304688  643.0
321.7832336425781  241.0
497.71832275390625  482.0
548.444091796875  606.0
605.2058715820312  618.0
421.63555908203125  395.0
MSE : 2081.4588196754175
MAPE : 7.428058898187624
R2 Score : 0.9027662711665296
time : 1162.5023921770044
