613.3009033203125  763.0
542.9161376953125  773.0
534.0903930664062  584.0
539.62255859375  584.0
420.2484130859375  423.0
504.94049072265625  533.0
284.5829162597656  300.0
511.69085693359375  531.0
482.986572265625  458.0
235.0330047607422  269.0
523.14697265625  522.0
559.1361694335938  568.0
399.32427978515625  409.0
390.0147399902344  385.0
532.0991821289062  519.0
622.5420532226562  557.0
491.2903747558594  541.0
537.9798583984375  557.0
538.6799926757812  545.0
377.063720703125  433.0
311.1724853515625  310.0
378.9582214355469  389.0
485.2350158691406  488.0
341.7318115234375  265.0
311.1960144042969  324.0
559.318603515625  563.0
205.97023010253906  196.0
517.546630859375  527.0
186.96803283691406  213.0
521.32666015625  520.0
376.9084777832031  370.0
321.9610900878906  330.0
544.3408203125  589.0
375.6173095703125  373.0
211.85604858398438  220.0
247.8485565185547  253.0
537.2224731445312  581.0
344.1563720703125  359.0
353.48480224609375  393.0
528.7626953125  535.0
207.28099060058594  266.0
511.4598693847656  470.0
222.7233123779297  191.0
445.0310363769531  503.0
526.529052734375  618.0
255.73406982421875  233.0
481.264404296875  498.0
550.3658447265625  517.0
280.052734375  253.0
531.964599609375  529.0
496.9635925292969  474.0
513.8146362304688  494.0
324.3822326660156  333.0
311.29913330078125  315.0
286.32952880859375  243.0
531.29296875  545.0
536.233154296875  581.0
484.20196533203125  501.0
492.0751647949219  599.0
533.816650390625  509.0
535.9767456054688  478.0
525.1826171875  581.0
351.49566650390625  345.0
515.77099609375  538.0
238.3486785888672  239.0
608.2427368164062  630.0
513.8222045898438  583.0
542.7999877929688  530.0
508.0879821777344  604.0
519.4590454101562  530.0
434.8003234863281  419.0
187.92083740234375  130.0
426.60186767578125  420.0
552.5711059570312  653.0
207.80007934570312  197.0
194.08067321777344  190.0
205.707763671875  192.0
194.536865234375  203.0
385.45648193359375  392.0
294.5904846191406  308.0
248.9785614013672  211.0
584.8170166015625  565.0
422.61968994140625  449.0
527.0252685546875  525.0
558.74609375  551.0
441.5911865234375  368.0
311.279541015625  324.0
517.3943481445312  500.0
212.5038299560547  217.0
517.6874389648438  685.0
386.94635009765625  374.0
383.8282775878906  401.0
515.0169067382812  539.0
610.1113891601562  643.0
221.87344360351562  241.0
517.7957153320312  482.0
541.5610961914062  606.0
596.386962890625  618.0
398.54046630859375  393.0
381.42877197265625  395.0
MSE : 2257.9233651127524
MAPE : 7.023729987476065
R2 Score : 0.8923259022007825
time : 2379.2326867269585
