543.0333862304688  509.0
381.80023193359375  420.0
357.06488037109375  333.0
532.43505859375  520.0
356.4734802246094  362.0
478.7630920410156  618.0
587.329833984375  565.0
606.8063354492188  678.0
251.64138793945312  253.0
557.681396484375  577.0
384.37359619140625  396.0
388.22711181640625  421.0
540.974609375  488.0
341.9108581542969  315.0
238.3903045654297  293.0
507.5850830078125  569.0
197.15492248535156  192.0
325.8591003417969  330.0
220.13291931152344  268.0
405.0701904296875  311.0
530.1427001953125  508.0
219.89291381835938  239.0
605.5364990234375  685.0
355.1064147949219  398.0
606.38623046875  616.0
606.5386352539062  569.0
490.9200439453125  479.0
531.650634765625  531.0
301.73779296875  315.0
551.3585205078125  519.0
572.70751953125  563.0
199.70753479003906  203.0
607.570556640625  618.0
427.3980712890625  449.0
550.8485107421875  580.0
546.0437622070312  529.0
378.2511291503906  187.0
373.9978942871094  373.0
378.5868835449219  233.0
223.54910278320312  251.0
245.0105438232422  283.0
547.0900268554688  584.0
342.1511535644531  348.0
364.3162841796875  333.0
368.6479187011719  378.0
604.7442626953125  590.0
358.8401794433594  379.0
197.12896728515625  196.0
523.6398315429688  533.0
558.55908203125  519.0
322.0850830078125  425.0
341.21771240234375  281.0
545.2423095703125  554.0
589.9488525390625  773.0
606.4280395507812  550.0
626.2340087890625  566.0
596.787109375  458.0
365.6037292480469  416.0
381.1805725097656  393.0
197.72447204589844  203.0
560.3862915039062  579.0
495.7201843261719  549.0
364.6939697265625  327.0
286.3021240234375  318.0
440.32244873046875  419.0
597.0311279296875  593.0
319.7698669433594  279.0
216.97247314453125  304.0
357.4313659667969  373.0
489.39141845703125  484.0
351.03485107421875  300.0
371.1163635253906  392.0
585.1688232421875  503.0
606.326171875  595.0
359.0867004394531  384.0
242.2747344970703  243.0
206.94866943359375  225.0
548.26953125  541.0
316.33624267578125  344.0
593.8663330078125  763.0
534.085205078125  486.0
547.5029296875  554.0
527.2424926757812  529.0
539.4337768554688  561.0
361.2679748535156  348.0
370.880859375  273.0
552.3822021484375  584.0
558.14794921875  508.0
510.74798583984375  520.0
350.0635681152344  365.0
621.7476806640625  563.0
410.7266845703125  423.0
368.6749267578125  349.0
552.3341674804688  538.0
566.3590698242188  493.0
500.80914306640625  523.0
519.5457763671875  493.0
554.1913452148438  559.0
609.2152099609375  551.0
533.647705078125  473.0
MSE : 2965.2960689436527
MAPE : 9.4241151443432
R2 Score : 0.8366125536690755
time : 862.2636720250011
