391.032958984375  407.0
516.23681640625  411.0
534.9222412109375  497.0
534.90625  539.0
534.9166259765625  521.0
534.89697265625  520.0
534.908935546875  545.0
270.1976013183594  313.0
534.91796875  604.0
522.17822265625  560.0
534.9094848632812  493.0
519.164794921875  503.0
534.9217529296875  475.0
534.92236328125  500.0
259.83795166015625  348.0
269.7279052734375  419.0
276.00164794921875  241.0
262.5587463378906  213.0
267.08197021484375  348.0
534.89697265625  578.0
534.9075927734375  542.0
534.916259765625  563.0
534.8564453125  492.0
534.9168090820312  531.0
531.269287109375  444.0
375.3151550292969  358.0
393.9925537109375  425.0
287.26470947265625  433.0
261.56414794921875  205.0
534.9076538085938  584.0
534.9156494140625  584.0
534.8971557617188  615.0
265.70880126953125  330.0
260.3716735839844  384.0
534.9041748046875  493.0
266.044677734375  331.0
534.9080810546875  559.0
534.9175415039062  537.0
262.271484375  393.0
259.5061950683594  397.0
506.88861083984375  498.0
534.9168090820312  528.0
534.9261474609375  479.0
277.2788391113281  355.0
261.3356628417969  281.0
534.84912109375  401.0
534.9220581054688  484.0
267.2817077636719  239.0
534.7952270507812  419.0
262.23681640625  378.0
275.3824462890625  265.0
534.9129638671875  552.0
534.91748046875  508.0
258.342529296875  233.0
265.26116943359375  595.0
534.8674926757812  618.0
257.04510498046875  223.0
534.9214477539062  470.0
261.55255126953125  310.0
259.88250732421875  324.0
534.8724975585938  563.0
534.8997192382812  523.0
256.72998046875  173.0
267.8381042480469  411.0
534.8756103515625  633.0
534.9136352539062  616.0
534.7157592773438  678.0
406.3041687011719  590.0
256.5629577636719  213.0
534.9121704101562  579.0
534.9258422851562  566.0
534.9236450195312  467.0
257.88726806640625  293.0
534.9237670898438  494.0
260.2606506347656  344.0
262.1379699707031  323.0
534.9171142578125  568.0
534.8607788085938  581.0
534.8968505859375  669.0
534.9127197265625  557.0
259.4856872558594  348.0
480.35504150390625  411.0
534.912109375  630.0
534.52099609375  593.0
534.9111938476562  508.0
534.9088745117188  561.0
534.8861694335938  551.0
260.1790771484375  219.0
534.922119140625  495.0
258.000244140625  191.0
534.9198608398438  567.0
238.68603515625  415.0
260.6781921386719  283.0
534.8926391601562  526.0
534.9273681640625  459.0
534.91748046875  765.0
259.30877685546875  353.0
281.057861328125  253.0
259.11212158203125  308.0
266.7639465332031  366.0
MSE : 6579.626298312656
MAPE : 14.909813399785884
R2 Score : 0.6093859522370468
time : 656.3233259039698
