653.7770385742188  763.0
559.2537231445312  773.0
536.4020385742188  584.0
565.43408203125  584.0
431.14788818359375  423.0
544.6503295898438  533.0
247.24066162109375  300.0
551.1607055664062  531.0
553.5340576171875  458.0
270.03338623046875  269.0
547.6051025390625  522.0
560.3727416992188  517.0
361.7504577636719  409.0
362.2425231933594  385.0
711.6024169921875  519.0
567.9180297851562  557.0
607.1826171875  541.0
502.2055358886719  557.0
542.3125  545.0
347.8175048828125  433.0
241.60247802734375  310.0
341.5379943847656  392.0
488.0101013183594  488.0
322.1307067871094  265.0
318.1488037109375  324.0
487.8322448730469  563.0
211.72384643554688  196.0
511.4780578613281  527.0
217.34014892578125  213.0
492.48272705078125  520.0
329.3857727050781  370.0
98.36280059814453  330.0
545.5318603515625  589.0
341.7525939941406  373.0
252.9686279296875  220.0
213.78369140625  253.0
501.3887939453125  581.0
363.3943176269531  359.0
370.9250793457031  393.0
576.1321411132812  535.0
254.40260314941406  266.0
507.4382019042969  470.0
191.97837829589844  191.0
597.3849487304688  503.0
637.0798950195312  618.0
263.48193359375  233.0
641.9564819335938  498.0
226.95077514648438  253.0
506.8483581542969  529.0
501.2156677246094  474.0
510.5465087890625  494.0
339.93310546875  333.0
285.2868347167969  315.0
191.77359008789062  243.0
533.3513793945312  545.0
601.0791625976562  581.0
507.9034423828125  501.0
626.6293334960938  599.0
543.581298828125  509.0
508.1552429199219  478.0
646.6084594726562  581.0
352.6248474121094  345.0
553.68701171875  538.0
286.3044128417969  239.0
542.4112548828125  630.0
508.3341369628906  583.0
560.8694458007812  530.0
585.1060180664062  604.0
498.0155334472656  530.0
436.5314025878906  419.0
211.14498901367188  130.0
366.15814208984375  420.0
601.3901977539062  653.0
247.82797241210938  197.0
208.376708984375  190.0
191.011962890625  192.0
233.40826416015625  203.0
330.0805358886719  308.0
220.62789916992188  211.0
532.6896362304688  565.0
526.6640014648438  449.0
514.8385620117188  525.0
549.87744140625  551.0
301.0310363769531  368.0
319.3428039550781  324.0
490.43389892578125  500.0
4.819497585296631  217.0
585.5537719726562  685.0
409.3876037597656  374.0
371.1173095703125  393.0
498.18994140625  539.0
628.0403442382812  643.0
333.01275634765625  241.0
500.9314880371094  482.0
525.2488403320312  606.0
599.5023803710938  618.0
390.9971008300781  395.0
MSE : 3955.062556171191
MAPE : 11.201372716764356
R2 Score : 0.8152423307773483
time : 1120.9028860719409
