551.57275390625  533.0
556.9668579101562  552.0
541.6552734375  530.0
485.548583984375  500.0
517.300537109375  522.0
390.4532470703125  384.0
540.2680053710938  569.0
600.9683227539062  765.0
325.98870849609375  239.0
325.73699951171875  251.0
381.05865478515625  538.0
393.9123840332031  387.0
518.13623046875  529.0
269.1698913574219  344.0
507.8752746582031  512.0
407.14349365234375  420.0
555.5863037109375  587.0
238.37513732910156  203.0
533.0582275390625  551.0
391.97955322265625  389.0
465.5452880859375  411.0
310.0740051269531  217.0
397.0798645019531  394.0
544.0195922851562  538.0
585.8697509765625  573.0
543.6903076171875  517.0
519.2462158203125  600.0
504.37615966796875  577.0
525.0460815429688  503.0
583.1441040039062  562.0
316.0206604003906  195.0
530.038818359375  554.0
561.776123046875  566.0
557.5897827148438  560.0
250.91604614257812  278.0
588.8255615234375  653.0
554.3761596679688  552.0
337.7695007324219  304.0
449.15008544921875  363.0
266.9784851074219  207.0
391.1235656738281  482.0
527.9573974609375  545.0
570.1868896484375  568.0
391.66156005859375  409.0
591.3328857421875  584.0
524.5411987304688  493.0
253.77365112304688  203.0
534.637451171875  508.0
212.0120391845703  216.0
334.0287170410156  199.0
620.309814453125  649.0
207.9879913330078  195.0
357.9170227050781  343.0
388.8292236328125  433.0
553.54052734375  551.0
509.14630126953125  534.0
628.6615600585938  583.0
538.1937255859375  535.0
612.174560546875  624.0
597.6497802734375  604.0
530.3405151367188  548.0
511.22998046875  503.0
376.2962951660156  373.0
581.6312255859375  592.0
358.3478088378906  330.0
493.6913146972656  505.0
510.588623046875  532.0
627.92041015625  547.0
503.7079772949219  481.0
383.56512451171875  401.0
338.29913330078125  249.0
372.0411682128906  388.0
539.7028198242188  549.0
502.7266845703125  474.0
370.08966064453125  359.0
398.5825500488281  378.0
332.64324951171875  253.0
572.74365234375  550.0
483.7014465332031  473.0
403.2813720703125  353.0
395.73016357421875  378.0
651.679443359375  595.0
486.1554260253906  530.0
385.3397521972656  396.0
463.0633544921875  459.0
345.0221252441406  378.0
509.95953369140625  563.0
350.530029296875  424.0
214.94589233398438  223.0
559.0675048828125  621.0
209.47930908203125  221.0
349.2339172363281  392.0
619.896240234375  669.0
397.5316162109375  360.0
525.3197631835938  525.0
461.526611328125  500.0
515.4052124023438  526.0
654.0751342773438  560.0
481.0516357421875  484.0
529.9222412109375  542.0
MSE : 2334.6837067584856
MAPE : 9.105431904218054
R2 Score : 0.8617691633384202
time : 1435.5711660139496
