521.9781494140625  533.0
614.733154296875  552.0
510.1739196777344  530.0
488.3081359863281  500.0
507.45245361328125  522.0
383.9773864746094  384.0
524.93310546875  569.0
586.9811401367188  765.0
251.30909729003906  239.0
255.6930694580078  251.0
484.9267272949219  538.0
378.0311584472656  387.0
508.90155029296875  529.0
317.5615234375  344.0
484.827392578125  512.0
370.0069274902344  420.0
544.7338256835938  587.0
207.96466064453125  203.0
567.72119140625  551.0
388.0668640136719  389.0
474.7300720214844  411.0
241.09425354003906  217.0
413.3478698730469  394.0
522.2239379882812  538.0
566.1766357421875  573.0
512.2340087890625  517.0
627.3857421875  600.0
533.021484375  577.0
501.9374694824219  503.0
539.6581420898438  562.0
367.3429260253906  195.0
529.7511596679688  554.0
541.10498046875  566.0
554.74658203125  560.0
236.81576538085938  278.0
559.270751953125  653.0
538.4595336914062  552.0
350.7193298339844  304.0
419.13519287109375  363.0
232.5945281982422  207.0
389.4156799316406  482.0
528.4874267578125  545.0
542.650390625  568.0
376.3327941894531  409.0
575.8472900390625  584.0
498.3083801269531  493.0
209.1495361328125  203.0
503.744873046875  508.0
205.23377990722656  216.0
276.2274475097656  199.0
607.6842041015625  649.0
177.71266174316406  195.0
312.7843322753906  343.0
379.7405700683594  433.0
559.2736206054688  551.0
502.2695007324219  534.0
612.8663330078125  583.0
561.195556640625  535.0
584.6217651367188  624.0
584.451904296875  604.0
402.8174743652344  548.0
497.4178161621094  503.0
341.4977722167969  373.0
586.178955078125  592.0
305.8544921875  330.0
496.72760009765625  505.0
500.8000793457031  532.0
604.1196899414062  547.0
482.3564147949219  481.0
374.8509826660156  401.0
253.3175811767578  249.0
340.230224609375  388.0
510.1894226074219  549.0
486.94427490234375  474.0
346.0559997558594  359.0
373.3030700683594  378.0
263.4585266113281  253.0
548.3282470703125  550.0
482.4156799316406  473.0
343.3452453613281  353.0
378.5842590332031  378.0
698.3936767578125  595.0
505.3019714355469  530.0
369.8775939941406  396.0
462.9685363769531  459.0
295.8516845703125  378.0
512.6761474609375  563.0
332.3408203125  424.0
228.73597717285156  223.0
621.732666015625  621.0
232.08087158203125  221.0
319.8568420410156  392.0
607.8985595703125  669.0
404.2868347167969  360.0
525.3985595703125  525.0
482.0614318847656  500.0
504.9272766113281  526.0
608.6890258789062  560.0
521.051025390625  484.0
515.8452758789062  542.0
MSE : 2092.6690576034784
MAPE : 7.534430125247568
R2 Score : 0.8760982509746651
time : 1641.4851688060444
