370.4639892578125  333.0
590.5031127929688  565.0
231.45510864257812  223.0
454.52264404296875  360.0
558.0325927734375  520.0
363.8790283203125  366.0
529.3823852539062  493.0
577.8513793945312  668.0
506.76800537109375  500.0
349.0106506347656  345.0
363.4636535644531  363.0
313.6317443847656  293.0
380.07781982421875  327.0
283.9888000488281  268.0
514.8741455078125  512.0
253.9946746826172  331.0
494.0560302734375  522.0
248.099365234375  223.0
687.05029296875  613.0
596.7067260742188  569.0
587.5634765625  563.0
296.5211486816406  220.0
575.9276123046875  685.0
585.0470581054688  678.0
530.1678466796875  525.0
449.10430908203125  449.0
570.0606689453125  562.0
550.6629638671875  551.0
510.2655334472656  531.0
487.70068359375  499.0
392.2792053222656  420.0
515.0679321289062  512.0
326.0272216796875  253.0
548.507568359375  557.0
408.8707275390625  444.0
602.9161987304688  589.0
540.8099365234375  517.0
219.4943389892578  209.0
355.2961120605469  293.0
516.706787109375  522.0
382.00482177734375  333.0
547.123046875  494.0
250.31478881835938  206.0
507.1391906738281  502.0
260.83856201171875  225.0
390.3448486328125  377.0
357.00872802734375  330.0
404.40692138671875  409.0
370.9761962890625  298.0
554.6028442382812  531.0
664.6026000976562  589.0
444.47332763671875  493.0
579.9835205078125  603.0
549.025146484375  566.0
551.9964599609375  536.0
727.5821533203125  619.0
560.711181640625  616.0
563.1004638671875  579.0
564.091064453125  545.0
571.2197875976562  573.0
561.1857299804688  550.0
509.87078857421875  483.0
607.3911743164062  503.0
490.5849609375  520.0
480.5064697265625  482.0
570.3466796875  590.0
313.22662353515625  233.0
330.364501953125  425.0
618.8885498046875  563.0
388.556640625  353.0
596.0286865234375  626.0
588.3139038085938  563.0
532.8658447265625  486.0
429.6977844238281  498.0
585.982421875  593.0
535.6203002929688  523.0
279.0980224609375  211.0
545.9340209960938  564.0
570.6556396484375  494.0
228.0858154296875  366.0
526.0760498046875  508.0
384.4211120605469  384.0
167.1720428466797  213.0
430.55377197265625  411.0
389.3870849609375  384.0
207.70358276367188  197.0
356.12530517578125  475.0
530.2813110351562  534.0
515.45849609375  508.0
531.411865234375  549.0
614.7802734375  633.0
353.5382080078125  318.0
383.07342529296875  385.0
521.0724487304688  562.0
475.451171875  538.0
496.1004333496094  401.0
417.45709228515625  440.0
379.9703063964844  376.0
238.64846801757812  323.0
377.2353515625  397.0
MSE : 2318.5579915062685
MAPE : 8.932194594728527
R2 Score : 0.8543235203558126
time : 1960.1499430560507
