532.1821899414062  533.0
660.0667114257812  552.0
518.08447265625  530.0
494.8612060546875  500.0
519.88330078125  522.0
383.8636779785156  384.0
536.633544921875  569.0
665.7450561523438  765.0
261.7937316894531  239.0
266.7115783691406  251.0
408.7535095214844  538.0
387.0335998535156  387.0
514.6049194335938  529.0
341.0349426269531  344.0
499.34375  512.0
360.6374816894531  420.0
535.1039428710938  587.0
205.3433837890625  203.0
593.5281982421875  551.0
406.4442138671875  389.0
446.01873779296875  411.0
242.03456115722656  217.0
415.6180114746094  394.0
543.1724243164062  538.0
605.9816284179688  573.0
519.8399658203125  517.0
543.2839965820312  600.0
518.176025390625  577.0
511.70782470703125  503.0
567.48828125  562.0
251.23812866210938  195.0
554.2150268554688  554.0
541.4192504882812  566.0
585.62744140625  560.0
240.08909606933594  278.0
603.2550048828125  653.0
541.99609375  552.0
371.97344970703125  304.0
433.0542297363281  363.0
243.29408264160156  207.0
361.70654296875  482.0
537.9713134765625  545.0
559.2283325195312  568.0
385.0169982910156  409.0
603.373779296875  584.0
503.1983337402344  493.0
202.0296173095703  203.0
520.6173095703125  508.0
212.4468994140625  216.0
320.4593811035156  199.0
606.6209106445312  649.0
181.29335021972656  195.0
295.4862060546875  343.0
402.4449462890625  433.0
552.996826171875  551.0
508.497314453125  534.0
593.7669067382812  583.0
542.0830078125  535.0
608.5131225585938  624.0
607.2814331054688  604.0
439.65838623046875  548.0
516.77783203125  503.0
325.26446533203125  373.0
573.3889770507812  592.0
330.7930603027344  330.0
509.6242370605469  505.0
507.1584167480469  532.0
596.7854614257812  547.0
487.1389465332031  481.0
306.00225830078125  401.0
261.8697509765625  249.0
351.936279296875  388.0
526.5646362304688  549.0
505.2772216796875  474.0
375.7543029785156  359.0
376.6553649902344  378.0
305.87469482421875  253.0
538.9066772460938  550.0
488.81585693359375  473.0
373.6633605957031  353.0
413.4700622558594  378.0
587.37353515625  595.0
517.2313842773438  530.0
361.1021423339844  396.0
478.51629638671875  459.0
325.70611572265625  378.0
496.89434814453125  563.0
364.3154296875  424.0
222.13241577148438  223.0
680.8126220703125  621.0
232.27130126953125  221.0
333.8582763671875  392.0
611.69482421875  669.0
371.3345031738281  360.0
527.0199584960938  525.0
499.5025329589844  500.0
526.2288818359375  526.0
674.7806396484375  560.0
506.4015808105469  484.0
543.8715209960938  542.0
MSE : 1867.4973605779303
MAPE : 7.241198070798356
R2 Score : 0.8894301091541034
time : 2664.0229533340316
