428.2055358886719  407.0
452.9014892578125  411.0
499.4139709472656  497.0
537.8693237304688  539.0
519.5111694335938  521.0
523.0317993164062  520.0
524.8767700195312  545.0
371.76953125  313.0
554.0594482421875  604.0
651.764404296875  560.0
506.8217468261719  493.0
380.29534912109375  503.0
482.4342041015625  475.0
484.1148986816406  500.0
361.47021484375  348.0
441.3690490722656  419.0
289.23541259765625  241.0
200.37693786621094  213.0
375.5404052734375  348.0
583.3821411132812  578.0
519.5082397460938  542.0
554.1708374023438  563.0
490.87335205078125  492.0
541.0565185546875  531.0
502.45904541015625  444.0
364.7532653808594  358.0
337.99542236328125  425.0
399.7742919921875  433.0
235.77488708496094  205.0
555.05224609375  584.0
561.6251831054688  584.0
566.744384765625  615.0
368.23193359375  330.0
379.23223876953125  384.0
518.0515747070312  493.0
200.9279022216797  331.0
551.3319091796875  559.0
542.502197265625  537.0
399.4798889160156  393.0
319.864990234375  397.0
354.5796813964844  498.0
543.8505859375  528.0
481.276123046875  479.0
356.9741516113281  355.0
310.9949035644531  281.0
393.4790954589844  401.0
481.4944763183594  484.0
279.7627258300781  239.0
444.1883239746094  419.0
382.5477294921875  378.0
291.07098388671875  265.0
547.1484375  552.0
529.851806640625  508.0
297.9094543457031  233.0
707.8817749023438  595.0
571.6171264648438  618.0
202.9713897705078  223.0
475.6124572753906  470.0
321.23419189453125  310.0
337.8455505371094  324.0
542.791259765625  563.0
527.1947021484375  523.0
162.6919403076172  173.0
420.3169250488281  411.0
603.7991333007812  633.0
636.92529296875  616.0
590.51904296875  678.0
631.404296875  590.0
202.99234008789062  213.0
599.9862670898438  579.0
585.4263305664062  566.0
470.07464599609375  467.0
235.2704315185547  293.0
482.89080810546875  494.0
344.0318298339844  344.0
317.1876525878906  323.0
548.0765991210938  568.0
585.2971801757812  581.0
610.2548828125  669.0
556.2633666992188  557.0
310.8940124511719  348.0
522.6536865234375  411.0
559.7943725585938  630.0
570.0831909179688  593.0
528.8037719726562  508.0
556.5213623046875  561.0
556.9674682617188  551.0
230.22219848632812  219.0
506.9971008300781  495.0
196.83848571777344  191.0
549.7466430664062  567.0
439.8104553222656  415.0
290.15380859375  283.0
527.4185180664062  526.0
467.7463073730469  459.0
584.0396118164062  765.0
402.4770812988281  353.0
239.3668212890625  253.0
325.58648681640625  308.0
388.46417236328125  366.0
MSE : 2010.9224047873984
MAPE : 6.88923174471008
R2 Score : 0.8806171498717705
time : 1438.6114719090983
