345.26300048828125  321.0
540.4015502929688  552.0
569.118408203125  568.0
256.2971496582031  302.0
198.72079467773438  348.0
515.9879150390625  493.0
309.28717041015625  324.0
214.89707946777344  393.0
307.14923095703125  293.0
482.1341247558594  527.0
349.3045654296875  318.0
532.8641357421875  527.0
377.61370849609375  403.0
482.60382080078125  530.0
273.96514892578125  272.0
236.604736328125  240.0
364.0074462890625  378.0
630.4998168945312  550.0
404.2970886230469  333.0
309.4925842285156  310.0
560.0387573242188  575.0
597.5945434570312  569.0
495.3269958496094  539.0
315.82452392578125  314.0
221.6546630859375  221.0
584.9093627929688  550.0
258.5292053222656  253.0
478.66455078125  538.0
345.1129150390625  397.0
513.872314453125  467.0
330.3851623535156  377.0
405.4769592285156  392.0
207.281005859375  378.0
629.6248779296875  763.0
248.45741271972656  283.0
210.162353515625  223.0
504.471435546875  419.0
508.87506103515625  493.0
548.2349243164062  584.0
189.4080352783203  209.0
515.67138671875  512.0
620.7134399414062  763.0
571.8135375976562  584.0
516.1946411132812  520.0
557.8331298828125  581.0
374.33795166015625  370.0
502.82635498046875  565.0
511.36358642578125  509.0
250.9780731201172  251.0
507.88531494140625  520.0
188.38848876953125  194.0
262.0240478515625  318.0
356.7406311035156  398.0
570.818115234375  563.0
477.2641906738281  526.0
607.9202880859375  773.0
394.2836608886719  411.0
339.6682434082031  379.0
406.40673828125  348.0
620.7865600585938  613.0
502.3266906738281  584.0
490.3595886230469  549.0
575.2013549804688  555.0
482.55242919921875  488.0
213.2725372314453  270.0
206.7245635986328  233.0
420.6809387207031  478.0
575.102783203125  678.0
487.3944396972656  541.0
510.38177490234375  513.0
515.473876953125  530.0
479.4903259277344  522.0
554.144287109375  573.0
518.6624145507812  560.0
575.1160278320312  552.0
202.2072296142578  207.0
367.8623962402344  360.0
213.5401153564453  191.0
185.9703826904297  213.0
338.4780578613281  359.0
576.7633666992188  623.0
549.12939453125  537.0
509.765380859375  459.0
520.56591796875  523.0
378.8179626464844  423.0
504.45562744140625  512.0
540.88330078125  539.0
364.2021179199219  392.0
378.1083984375  387.0
523.3347778320312  542.0
202.16322326660156  130.0
513.4105224609375  548.0
522.7416381835938  475.0
239.62274169921875  272.0
423.1802978515625  311.0
551.634033203125  633.0
383.9212646484375  337.0
441.60986328125  484.0
220.55462646484375  203.0
462.6754455566406  600.0
MSE : 3105.357634512144
MAPE : 9.282953338345559
R2 Score : 0.8424818933620158
time : 11338.969456863008
