355.91162109375  374.0
544.2743530273438  490.0
594.0747680664062  527.0
495.2696533203125  401.0
520.8352661132812  523.0
545.0709228515625  552.0
330.45648193359375  343.0
273.41009521484375  331.0
573.757080078125  565.0
584.1155395507812  616.0
547.2759399414062  549.0
547.0480346679688  593.0
600.5347290039062  573.0
380.9053039550781  363.0
296.44927978515625  360.0
356.6722412109375  433.0
382.886962890625  409.0
210.96153259277344  197.0
564.3179321289062  493.0
513.4694213867188  500.0
240.40476989746094  228.0
533.0728149414062  458.0
421.97247314453125  419.0
383.86328125  395.0
211.76878356933594  219.0
515.9103393554688  507.0
357.06341552734375  273.0
270.61444091796875  330.0
272.3369445800781  259.0
668.7261962890625  595.0
240.5508270263672  358.0
232.5332794189453  213.0
388.355712890625  373.0
325.79052734375  330.0
547.4636840820312  547.0
616.8419799804688  649.0
578.6459350585938  560.0
516.5670776367188  554.0
543.2877197265625  519.0
425.4295349121094  440.0
531.665771484375  411.0
370.019287109375  393.0
565.6509399414062  621.0
543.233642578125  505.0
214.1187286376953  253.0
581.4453735351562  563.0
547.6748657226562  513.0
539.6948852539062  539.0
560.5790405273438  481.0
549.2341918945312  643.0
679.0719604492188  623.0
232.80661010742188  195.0
571.5606079101562  536.0
256.75469970703125  304.0
521.383056640625  503.0
357.32110595703125  315.0
209.22486877441406  192.0
519.8621215820312  551.0
360.95428466796875  256.0
441.9970703125  475.0
588.7177124023438  562.0
381.2892761230469  384.0
578.4872436523438  533.0
245.88381958007812  279.0
515.0935668945312  563.0
401.4773254394531  478.0
309.36419677734375  278.0
588.16015625  624.0
285.2880554199219  397.0
592.6376342773438  541.0
257.71258544921875  313.0
251.0601348876953  281.0
582.1358032226562  567.0
216.80665588378906  216.0
354.805908203125  386.0
577.1146850585938  493.0
552.4042358398438  497.0
512.26220703125  473.0
579.7323608398438  508.0
572.4840698242188  549.0
513.1475830078125  577.0
316.01690673828125  363.0
578.5902709960938  577.0
547.7432861328125  492.0
382.07012939453125  418.0
387.53326416015625  403.0
283.73321533203125  344.0
526.8861694335938  474.0
548.7124633789062  773.0
272.36346435546875  302.0
271.83538818359375  311.0
514.748779296875  630.0
548.3925170898438  549.0
240.10350036621094  410.0
561.5768432617188  580.0
583.3829956054688  561.0
545.831298828125  528.0
MSE : 3169.9855951739273
MAPE : 9.990694247742526
R2 Score : 0.8027409735877884
time : 1120.7877963859937
