221.72445678710938  241.0
190.21563720703125  191.0
644.0576171875  763.0
321.935302734375  425.0
234.85438537597656  213.0
495.869873046875  499.0
603.8125  653.0
550.9699096679688  565.0
441.93133544921875  440.0
529.541748046875  515.0
535.485595703125  534.0
580.8822631835938  569.0
608.5404052734375  618.0
513.0768432617188  503.0
532.3888549804688  584.0
528.6865234375  533.0
396.47991943359375  409.0
578.1725463867188  545.0
320.7095947265625  330.0
522.181640625  539.0
553.8472900390625  538.0
608.961669921875  550.0
519.9046630859375  499.0
425.64111328125  398.0
565.969482421875  584.0
421.46441650390625  378.0
388.88226318359375  187.0
211.36593627929688  192.0
343.8248596191406  355.0
484.139404296875  493.0
548.724853515625  555.0
364.7231750488281  384.0
270.86895751953125  243.0
503.8104248046875  512.0
552.75341796875  556.0
563.2333984375  593.0
598.9939575195312  557.0
336.8765563964844  344.0
556.7268676757812  527.0
300.69024658203125  281.0
531.5166015625  508.0
258.4284362792969  211.0
532.9861450195312  549.0
518.3731689453125  492.0
576.6719360351562  577.0
360.33575439453125  360.0
606.2125854492188  589.0
235.8502655029297  233.0
471.099365234375  484.0
564.7947998046875  569.0
350.16156005859375  380.0
404.45501708984375  376.0
217.54074096679688  197.0
404.46246337890625  475.0
475.89337158203125  459.0
376.71826171875  311.0
534.8221435546875  541.0
387.061767578125  420.0
367.52154541015625  392.0
524.7288818359375  550.0
253.2597198486328  206.0
414.71807861328125  411.0
499.30731201171875  497.0
512.9293212890625  557.0
256.49920654296875  251.0
357.61480712890625  325.0
405.4393310546875  362.0
581.298095703125  626.0
249.6149444580078  293.0
481.456298828125  401.0
404.17755126953125  423.0
200.0038604736328  194.0
273.4771728515625  308.0
530.9819946289062  523.0
558.791015625  545.0
241.9706268310547  239.0
406.4284973144531  419.0
280.86376953125  270.0
329.9791259765625  319.0
543.0125732421875  273.0
371.4326171875  417.0
357.49896240234375  378.0
597.3991088867188  658.0
258.44537353515625  366.0
524.811767578125  618.0
493.5222473144531  501.0
414.993896484375  363.0
551.8187255859375  551.0
254.6460418701172  253.0
320.8375244140625  318.0
315.4239501953125  331.0
570.7415771484375  535.0
522.1861572265625  508.0
407.3875427246094  478.0
510.08929443359375  503.0
205.9739227294922  204.0
507.1083679199219  545.0
607.0897216796875  566.0
409.78082275390625  449.0
623.362060546875  547.0
MSE : 2442.490938533237
MAPE : 8.285727878773576
R2 Score : 0.8612779878784377
time : 5878.125443803961
