358.2311096191406  321.0
533.4442749023438  552.0
539.7930908203125  568.0
294.9974670410156  302.0
260.9516906738281  348.0
512.5333251953125  493.0
318.90283203125  324.0
322.1202697753906  393.0
289.09033203125  293.0
504.8499755859375  527.0
353.8392028808594  318.0
546.5588989257812  527.0
386.4359130859375  403.0
541.37646484375  530.0
246.44383239746094  272.0
252.0581817626953  240.0
340.0314636230469  378.0
564.6226196289062  550.0
313.0426025390625  333.0
315.3232727050781  310.0
587.3372802734375  575.0
628.5967407226562  569.0
536.61328125  539.0
407.8604431152344  314.0
220.62245178222656  221.0
587.6817626953125  550.0
250.9723358154297  253.0
506.988037109375  538.0
412.0246276855469  397.0
478.1842956542969  467.0
390.6136779785156  377.0
410.5048522949219  392.0
320.4883728027344  378.0
693.9173583984375  763.0
272.2374572753906  283.0
231.2275848388672  223.0
421.9344177246094  419.0
529.2428588867188  493.0
608.7913208007812  584.0
208.30136108398438  209.0
529.7649536132812  512.0
674.9835205078125  763.0
553.204345703125  584.0
518.6305541992188  520.0
572.0430908203125  581.0
394.11444091796875  370.0
547.1043090820312  565.0
534.8880615234375  509.0
244.70132446289062  251.0
538.3677978515625  520.0
199.49844360351562  194.0
381.7994079589844  318.0
422.48846435546875  398.0
576.7606201171875  563.0
539.1295166015625  526.0
586.5902709960938  773.0
440.7557067871094  411.0
298.758544921875  379.0
314.6139221191406  348.0
641.5496826171875  613.0
536.861328125  584.0
530.1821899414062  549.0
561.0410766601562  555.0
490.2369079589844  488.0
228.76425170898438  270.0
214.24551391601562  233.0
424.7347106933594  478.0
575.2672729492188  678.0
572.7342529296875  541.0
533.7965087890625  513.0
587.32568359375  530.0
538.9556884765625  522.0
583.2485961914062  573.0
552.8432006835938  560.0
568.6392822265625  552.0
233.951171875  207.0
366.7121276855469  360.0
189.8986053466797  191.0
186.91864013671875  213.0
379.4847106933594  359.0
550.1841430664062  623.0
514.6729736328125  537.0
474.4111633300781  459.0
449.2227478027344  523.0
407.75762939453125  423.0
505.7828063964844  512.0
617.337158203125  539.0
392.0982666015625  392.0
378.2163391113281  387.0
508.837646484375  542.0
195.83705139160156  130.0
578.4771728515625  548.0
471.29510498046875  475.0
249.11599731445312  272.0
376.9735412597656  311.0
587.1409301757812  633.0
356.04766845703125  337.0
483.46484375  484.0
214.4600830078125  203.0
415.0284729003906  600.0
MSE : 1985.4337433641008
MAPE : 7.148567952584008
R2 Score : 0.89928961462147
time : 31095.09999023599
