594.240478515625  763.0
568.5697631835938  773.0
507.9173889160156  584.0
555.7616577148438  584.0
408.9033203125  423.0
512.3445434570312  533.0
279.6191101074219  300.0
543.8677978515625  531.0
493.1522216796875  458.0
267.34979248046875  269.0
540.3095703125  522.0
553.40380859375  517.0
365.9888000488281  409.0
396.9684753417969  385.0
505.9749450683594  519.0
599.6817626953125  557.0
527.8033447265625  541.0
501.77496337890625  557.0
485.6929931640625  545.0
371.1990966796875  433.0
283.9189453125  310.0
366.4625244140625  392.0
487.71588134765625  488.0
286.4413757324219  265.0
309.5989074707031  324.0
481.4352111816406  563.0
214.81610107421875  196.0
528.4388427734375  527.0
166.78396606445312  213.0
505.53033447265625  520.0
364.6733093261719  370.0
359.3317565917969  330.0
563.408447265625  589.0
367.7220153808594  373.0
211.72738647460938  220.0
212.34695434570312  253.0
554.0348510742188  581.0
350.32257080078125  359.0
397.9734802246094  393.0
524.09326171875  535.0
251.80479431152344  266.0
501.787841796875  470.0
390.3010559082031  191.0
481.2813415527344  503.0
515.309814453125  618.0
205.01414489746094  233.0
477.8136901855469  498.0
233.45901489257812  253.0
520.6483764648438  529.0
483.3409118652344  474.0
466.5835266113281  494.0
227.37710571289062  333.0
285.0239562988281  315.0
213.16627502441406  243.0
558.98681640625  545.0
559.57568359375  581.0
493.2060852050781  501.0
492.12921142578125  599.0
516.6339111328125  509.0
540.3289184570312  478.0
557.17724609375  581.0
324.14056396484375  345.0
537.8174438476562  538.0
241.70904541015625  239.0
553.4984741210938  630.0
688.18408203125  583.0
537.7640380859375  530.0
580.9097900390625  604.0
517.6282348632812  530.0
430.7212829589844  419.0
173.21336364746094  130.0
368.9796142578125  420.0
631.1235961914062  653.0
215.17713928222656  197.0
189.96539306640625  190.0
215.5259552001953  192.0
211.76629638671875  203.0
323.3383483886719  308.0
199.47222900390625  211.0
568.7883911132812  565.0
424.0558776855469  449.0
539.2307739257812  525.0
551.7386474609375  551.0
381.45501708984375  368.0
297.34515380859375  324.0
513.022216796875  500.0
208.44110107421875  217.0
662.1790161132812  685.0
406.1143798828125  374.0
384.24774169921875  393.0
488.382080078125  539.0
744.8746948242188  643.0
298.8359680175781  241.0
486.635009765625  482.0
546.2237548828125  606.0
561.2152709960938  618.0
385.4969787597656  395.0
MSE : 2540.6397550696765
MAPE : 8.245632622762916
R2 Score : 0.8813159911342843
time : 3048.756289095967
