668.1240844726562  763.0
583.5980224609375  773.0
540.4673461914062  584.0
565.210693359375  584.0
430.3700256347656  423.0
532.382568359375  533.0
358.2214050292969  300.0
536.0164794921875  531.0
499.87384033203125  458.0
317.2220764160156  269.0
555.9534301757812  522.0
572.7886352539062  517.0
366.8996887207031  409.0
404.88543701171875  385.0
515.1756591796875  519.0
579.3515014648438  557.0
569.129638671875  541.0
519.7509155273438  557.0
533.3507690429688  545.0
372.96990966796875  433.0
266.3883361816406  310.0
376.1959533691406  392.0
478.5629577636719  488.0
334.8115539550781  265.0
323.1824645996094  324.0
486.1247863769531  563.0
229.1516571044922  196.0
541.6710815429688  527.0
200.8073272705078  213.0
505.0794677734375  520.0
356.9005126953125  370.0
330.6495666503906  330.0
556.4422607421875  589.0
440.0606994628906  373.0
250.25494384765625  220.0
240.20960998535156  253.0
551.610595703125  581.0
335.9707336425781  359.0
383.2248840332031  393.0
530.710693359375  535.0
325.6781311035156  266.0
500.0411376953125  470.0
388.9068908691406  191.0
526.8486328125  503.0
518.5133056640625  618.0
249.3147735595703  233.0
521.6692504882812  498.0
266.0389709472656  253.0
529.5595703125  529.0
493.9312744140625  474.0
494.5091857910156  494.0
390.6075134277344  333.0
275.86749267578125  315.0
237.4384002685547  243.0
561.298095703125  545.0
561.4190063476562  581.0
512.864990234375  501.0
516.0715942382812  599.0
522.9160766601562  509.0
516.7127685546875  478.0
536.8304443359375  581.0
362.40789794921875  345.0
566.931396484375  538.0
269.4853210449219  239.0
559.9842529296875  630.0
652.5848999023438  583.0
531.455322265625  530.0
586.1461181640625  604.0
528.5968017578125  530.0
442.1944885253906  419.0
217.94586181640625  130.0
362.3008728027344  420.0
640.5743408203125  653.0
238.96290588378906  197.0
197.36439514160156  190.0
234.18258666992188  192.0
234.4426727294922  203.0
354.4464416503906  308.0
210.70404052734375  211.0
560.608642578125  565.0
441.8611755371094  449.0
532.0781860351562  525.0
555.1766357421875  551.0
385.6530456542969  368.0
302.6794738769531  324.0
499.86627197265625  500.0
226.22689819335938  217.0
581.6597900390625  685.0
418.43511962890625  374.0
416.4933776855469  393.0
514.0164794921875  539.0
664.56396484375  643.0
313.68878173828125  241.0
494.91375732421875  482.0
557.82080078125  606.0
607.550048828125  618.0
415.4580993652344  395.0
MSE : 2231.5700884461594
MAPE : 9.117790921068345
R2 Score : 0.8957539400723317
time : 1760.421602911083
