173.46401977539062  241.0
210.207275390625  191.0
739.3568115234375  763.0
328.7467041015625  425.0
253.27633666992188  213.0
504.4708557128906  499.0
616.1246948242188  653.0
593.2379150390625  565.0
410.1524658203125  440.0
525.7323608398438  515.0
552.3871459960938  534.0
603.782470703125  569.0
715.0280151367188  618.0
514.607421875  503.0
552.0481567382812  584.0
522.9869384765625  533.0
401.2232360839844  409.0
578.7384033203125  545.0
282.6716613769531  330.0
526.468505859375  539.0
555.4190673828125  538.0
639.6495361328125  550.0
509.10015869140625  499.0
413.2330322265625  398.0
620.965087890625  584.0
382.68231201171875  378.0
135.28468322753906  187.0
258.80621337890625  192.0
318.62139892578125  355.0
515.67822265625  493.0
572.099853515625  555.0
394.11346435546875  384.0
263.526611328125  243.0
497.68426513671875  512.0
570.4085083007812  556.0
664.0040893554688  593.0
599.496826171875  557.0
346.34234619140625  344.0
540.7612915039062  527.0
280.3831787109375  281.0
526.5164184570312  508.0
231.59185791015625  211.0
551.3405151367188  549.0
532.7463989257812  492.0
556.810791015625  577.0
364.629638671875  360.0
574.831787109375  589.0
224.63453674316406  233.0
492.5599670410156  484.0
664.527099609375  569.0
330.051513671875  380.0
287.9804382324219  376.0
231.43943786621094  197.0
434.2336730957031  475.0
486.2259216308594  459.0
368.2402648925781  311.0
567.6417846679688  541.0
393.95550537109375  420.0
387.3517761230469  392.0
431.2471618652344  550.0
236.56005859375  206.0
422.3307189941406  411.0
518.1962890625  497.0
563.3806762695312  557.0
256.0665588378906  251.0
363.4983215332031  325.0
419.0793151855469  362.0
602.9803466796875  626.0
266.8457336425781  293.0
645.082275390625  401.0
392.9051208496094  423.0
188.4010009765625  194.0
253.57835388183594  308.0
516.1671142578125  523.0
515.4738159179688  545.0
245.075439453125  239.0
529.153564453125  419.0
287.0503234863281  270.0
365.28228759765625  319.0
346.31768798828125  273.0
421.043212890625  417.0
301.9650573730469  378.0
648.1640625  658.0
207.66127014160156  366.0
520.2742919921875  618.0
536.509765625  501.0
362.1996765136719  363.0
569.80615234375  551.0
241.01901245117188  253.0
313.03515625  318.0
237.50701904296875  331.0
628.2976684570312  535.0
532.8751220703125  508.0
444.72869873046875  478.0
555.4705810546875  503.0
169.01834106445312  204.0
523.1943359375  545.0
584.3945922851562  566.0
424.43878173828125  449.0
637.0578002929688  547.0
MSE : 2745.228819126787
MAPE : 9.382350132288279
R2 Score : 0.8440838983205972
time : 8331.176968921092
