544.0039672851562  533.0
607.2941284179688  552.0
514.3856811523438  530.0
498.8543395996094  500.0
512.774658203125  522.0
377.0569763183594  384.0
540.6336059570312  569.0
553.089599609375  765.0
314.6921081542969  239.0
287.1401062011719  251.0
510.5846252441406  538.0
389.37200927734375  387.0
511.4851989746094  529.0
339.0306701660156  344.0
506.5125427246094  512.0
404.3320007324219  420.0
606.1173706054688  587.0
206.3603515625  203.0
599.857421875  551.0
375.28814697265625  389.0
400.97857666015625  411.0
203.79110717773438  217.0
377.0130920410156  394.0
570.3304443359375  538.0
573.1682739257812  573.0
555.9584350585938  517.0
567.61669921875  600.0
530.0050048828125  577.0
513.0863647460938  503.0
585.6964111328125  562.0
307.3276062011719  195.0
513.2142333984375  554.0
599.8585205078125  566.0
599.0167846679688  560.0
276.5093078613281  278.0
569.82421875  653.0
579.54052734375  552.0
315.9533386230469  304.0
373.23443603515625  363.0
256.53582763671875  207.0
375.7898864746094  482.0
564.6830444335938  545.0
567.5325317382812  568.0
375.5510559082031  409.0
605.5441284179688  584.0
505.4466552734375  493.0
205.86878967285156  203.0
543.3268432617188  508.0
222.65402221679688  216.0
334.1781005859375  199.0
600.04541015625  649.0
226.51760864257812  195.0
350.3095397949219  343.0
377.8711242675781  433.0
568.6535034179688  551.0
532.0541381835938  534.0
606.2548828125  583.0
580.1807250976562  535.0
593.2259521484375  624.0
601.0042114257812  604.0
604.9221801757812  548.0
517.7489624023438  503.0
342.4436950683594  373.0
545.7950439453125  592.0
361.8741149902344  330.0
508.1123352050781  505.0
514.4505615234375  532.0
606.3580322265625  547.0
501.6108703613281  481.0
482.1846008300781  401.0
314.6148376464844  249.0
400.8870849609375  388.0
546.2408447265625  549.0
508.2867736816406  474.0
349.0719909667969  359.0
389.6585998535156  378.0
309.1844482421875  253.0
587.0499877929688  550.0
500.8100280761719  473.0
387.1070251464844  353.0
328.0335388183594  378.0
454.4522399902344  595.0
567.5690307617188  530.0
388.8762512207031  396.0
499.2841491699219  459.0
339.7213134765625  378.0
532.3018798828125  563.0
325.4480895996094  424.0
254.55490112304688  223.0
607.826904296875  621.0
226.17813110351562  221.0
378.0894470214844  392.0
605.9833984375  669.0
372.25250244140625  360.0
538.0711669921875  525.0
504.4096374511719  500.0
516.6915893554688  526.0
603.8101196289062  560.0
513.3561401367188  484.0
561.828125  542.0
MSE : 2154.835076267461
MAPE : 7.997056620252447
R2 Score : 0.8724175550641374
time : 988.306330036954
