269.5607604980469  333.0
583.779296875  565.0
197.3323516845703  223.0
395.6488037109375  360.0
521.462158203125  520.0
393.1932067871094  366.0
533.4934692382812  493.0
592.3330078125  668.0
495.6706237792969  503.0
315.4258117675781  345.0
431.2666015625  363.0
224.7725372314453  293.0
300.2146301269531  327.0
221.1205596923828  268.0
535.7991943359375  512.0
216.37353515625  331.0
526.8812255859375  522.0
222.60293579101562  323.0
563.7296752929688  613.0
592.3375854492188  569.0
518.3128051757812  563.0
231.53025817871094  220.0
601.8347778320312  678.0
521.6793212890625  508.0
446.7442626953125  449.0
564.0975341796875  562.0
533.830810546875  564.0
504.4991455078125  522.0
494.33233642578125  499.0
446.8633728027344  420.0
527.8245849609375  512.0
267.3890686035156  253.0
515.0889892578125  557.0
400.3012390136719  444.0
570.6798706054688  626.0
531.8200073242188  517.0
207.0751495361328  209.0
334.65045166015625  293.0
301.54052734375  333.0
487.36688232421875  486.0
200.79849243164062  206.0
506.9298095703125  502.0
209.67422485351562  225.0
389.9815673828125  377.0
278.8828430175781  330.0
346.25555419921875  409.0
313.75390625  298.0
554.6113891601562  531.0
563.0285034179688  589.0
451.0839538574219  493.0
596.5748291015625  603.0
540.0501708984375  566.0
533.2752075195312  536.0
565.7045288085938  619.0
623.28515625  616.0
582.2220458984375  579.0
540.4417114257812  545.0
546.284912109375  573.0
546.4461059570312  550.0
495.2560729980469  483.0
507.1357116699219  520.0
489.71246337890625  482.0
565.7470703125  590.0
230.82228088378906  233.0
335.27117919921875  425.0
554.802001953125  563.0
397.3554992675781  353.0
683.4935302734375  563.0
502.872314453125  498.0
578.7582397460938  593.0
493.6098327636719  523.0
204.78392028808594  211.0
537.951171875  494.0
224.8017578125  366.0
389.5458984375  385.0
193.85984802246094  213.0
374.4890441894531  411.0
386.5633544921875  384.0
200.84889221191406  197.0
385.1418762207031  475.0
531.38671875  534.0
529.9382934570312  508.0
540.4329223632812  549.0
704.46630859375  633.0
374.528076171875  318.0
567.0531005859375  562.0
525.8936157226562  538.0
495.943359375  401.0
403.6626892089844  440.0
369.4681091308594  376.0
400.50372314453125  397.0
MSE : 1835.186231125507
MAPE : 7.3652628161712155
R2 Score : 0.8838064453102397
time : 3097.76178594504
