537.646484375  520.0
588.558837890625  619.0
435.8140869140625  492.0
526.6278076171875  523.0
587.221435546875  503.0
348.60418701171875  389.0
426.5559997558594  493.0
599.3577880859375  580.0
569.5775756835938  526.0
528.5667724609375  565.0
476.8101501464844  479.0
393.238525390625  349.0
373.54510498046875  335.0
339.0367126464844  344.0
580.8775024414062  566.0
277.18206787109375  233.0
201.08799743652344  206.0
416.81292724609375  444.0
434.4638977050781  482.0
325.0896911621094  362.0
368.619140625  417.0
524.4558715820312  545.0
555.3554077148438  529.0
459.39166259765625  488.0
541.8440551757812  541.0
505.05853271484375  539.0
321.4604797363281  392.0
583.7963256835938  565.0
330.26953125  241.0
291.60589599609375  415.0
533.7762451171875  526.0
338.31591796875  304.0
386.1407470703125  538.0
316.6917419433594  281.0
568.6024169921875  589.0
511.3714904785156  535.0
507.23480224609375  503.0
366.06195068359375  216.0
580.9428100585938  568.0
407.947998046875  363.0
518.9998168945312  523.0
233.30166625976562  302.0
562.7247314453125  517.0
310.97747802734375  223.0
555.370849609375  508.0
376.0652770996094  353.0
538.6735229492188  556.0
581.312744140625  589.0
606.244384765625  616.0
364.61053466796875  219.0
551.96240234375  563.0
394.61834716796875  599.0
483.23406982421875  474.0
394.1510314941406  420.0
261.98236083984375  218.0
443.23455810546875  459.0
479.91094970703125  475.0
407.3339538574219  590.0
260.42498779296875  251.0
539.3670043945312  522.0
578.9228515625  533.0
224.70037841796875  228.0
315.17828369140625  331.0
515.6920776367188  658.0
325.599609375  379.0
509.59918212890625  508.0
201.59193420410156  152.0
486.74615478515625  593.0
540.2413330078125  630.0
475.3912353515625  673.0
505.1607360839844  542.0
200.343017578125  190.0
517.0298461914062  508.0
564.1249389648438  531.0
289.6066589355469  378.0
495.3936767578125  458.0
532.0816040039062  559.0
468.9778747558594  583.0
357.7976379394531  407.0
389.9288024902344  385.0
553.0015258789062  557.0
481.8436584472656  325.0
531.9124145507812  552.0
523.7423095703125  618.0
300.27532958984375  348.0
379.23248291015625  494.0
445.72406005859375  393.0
527.8193359375  549.0
614.807861328125  578.0
308.56640625  433.0
514.9229125976562  505.0
203.99110412597656  203.0
601.9054565429688  579.0
507.7833557128906  490.0
326.63983154296875  333.0
214.81292724609375  203.0
578.6026611328125  568.0
232.0345001220703  243.0
581.0186767578125  564.0
MSE : 4236.712589183521
MAPE : 11.19821837950684
R2 Score : 0.7458717640398824
time : 420.0181750790216
