521.501708984375  533.0
617.1834106445312  552.0
509.1190490722656  530.0
487.6941833496094  500.0
512.108154296875  522.0
380.6968994140625  384.0
524.7823486328125  569.0
596.5975341796875  765.0
269.1628723144531  239.0
277.13043212890625  251.0
537.1293334960938  538.0
423.3238830566406  387.0
526.1884765625  529.0
302.391357421875  344.0
475.3701477050781  512.0
395.8017272949219  420.0
564.3043823242188  587.0
203.45184326171875  203.0
527.6053466796875  551.0
395.7072448730469  389.0
492.9399719238281  411.0
203.22482299804688  217.0
417.6772766113281  394.0
552.3999633789062  538.0
568.7103271484375  573.0
510.4006042480469  517.0
647.6875610351562  600.0
531.7045288085938  577.0
502.0796813964844  503.0
549.3794555664062  562.0
290.7461853027344  195.0
543.7028198242188  554.0
562.7108764648438  566.0
557.9397583007812  560.0
233.01271057128906  278.0
594.34228515625  653.0
561.232666015625  552.0
314.0363464355469  304.0
420.98321533203125  363.0
224.97512817382812  207.0
338.7373352050781  482.0
552.1157836914062  545.0
557.3004760742188  568.0
385.0168151855469  409.0
598.0162963867188  584.0
487.31060791015625  493.0
198.3087158203125  203.0
509.3777160644531  508.0
211.20474243164062  216.0
293.4858703613281  199.0
607.7401123046875  649.0
194.9183807373047  195.0
298.3454895019531  343.0
399.4461364746094  433.0
589.9573974609375  551.0
508.9615783691406  534.0
646.1937255859375  583.0
605.4688110351562  535.0
623.1943969726562  624.0
603.8365478515625  604.0
519.4080810546875  548.0
528.7792358398438  503.0
291.91796875  373.0
578.6110229492188  592.0
322.2286071777344  330.0
511.9954528808594  505.0
510.79376220703125  532.0
628.4915161132812  547.0
478.6173095703125  481.0
433.39520263671875  401.0
258.0386657714844  249.0
376.5591125488281  388.0
542.9375610351562  549.0
487.1461486816406  474.0
365.5953369140625  359.0
417.92120361328125  378.0
272.56005859375  253.0
560.7025756835938  550.0
489.24774169921875  473.0
340.0657653808594  353.0
353.6328430175781  378.0
674.1399536132812  595.0
507.12030029296875  530.0
365.8257141113281  396.0
479.2104797363281  459.0
326.7850646972656  378.0
511.78875732421875  563.0
359.6156921386719  424.0
207.11337280273438  223.0
636.2184448242188  621.0
247.91232299804688  221.0
322.1076965332031  392.0
610.1041870117188  669.0
394.6357116699219  360.0
533.9794311523438  525.0
504.9234313964844  500.0
514.2583618164062  526.0
521.9605712890625  560.0
493.5781555175781  484.0
539.714111328125  542.0
MSE : 1704.3419998059655
MAPE : 6.919360443508562
R2 Score : 0.8990901337476033
time : 1407.3009333750233
