405.7402648925781  407.0
442.6429443359375  411.0
519.574951171875  497.0
540.5480346679688  539.0
524.1152954101562  521.0
530.0709228515625  520.0
546.8091430664062  545.0
336.6583251953125  313.0
551.24169921875  604.0
640.8447875976562  560.0
516.464111328125  493.0
388.4055480957031  503.0
492.4562683105469  475.0
500.8949279785156  500.0
349.95574951171875  348.0
417.87701416015625  419.0
280.9601135253906  241.0
207.72872924804688  213.0
368.39874267578125  348.0
639.6273193359375  578.0
545.2151489257812  542.0
547.1829833984375  563.0
490.5771789550781  492.0
540.4498291015625  531.0
561.2927856445312  444.0
368.5712585449219  358.0
329.6979675292969  425.0
386.74298095703125  433.0
234.13319396972656  205.0
561.102294921875  584.0
559.310546875  584.0
581.383056640625  615.0
338.5140380859375  330.0
383.5799560546875  384.0
475.72479248046875  493.0
195.96165466308594  331.0
562.9305419921875  559.0
535.6282958984375  537.0
317.52618408203125  393.0
355.9871520996094  397.0
343.7337951660156  498.0
533.7269897460938  528.0
488.71453857421875  479.0
349.5403137207031  355.0
305.53387451171875  281.0
463.9920654296875  401.0
490.270751953125  484.0
273.2553405761719  239.0
521.030029296875  419.0
292.7698669433594  378.0
308.7901916503906  265.0
552.5863037109375  552.0
525.38818359375  508.0
200.74794006347656  233.0
499.0801696777344  595.0
592.775146484375  618.0
190.95379638671875  223.0
495.26275634765625  470.0
311.5697021484375  310.0
318.8614196777344  324.0
533.2756958007812  563.0
525.89697265625  523.0
190.08860778808594  173.0
412.2212219238281  411.0
608.9113159179688  633.0
602.1522827148438  616.0
632.087646484375  678.0
558.3411254882812  590.0
210.72364807128906  213.0
566.8341674804688  579.0
561.8532104492188  566.0
481.736328125  467.0
200.62164306640625  293.0
488.3990478515625  494.0
352.342529296875  344.0
250.04351806640625  323.0
556.0636596679688  568.0
557.17236328125  581.0
698.5670166015625  669.0
567.4242553710938  557.0
317.9040222167969  348.0
527.1432495117188  411.0
570.8335571289062  630.0
626.869384765625  593.0
521.012451171875  508.0
547.49462890625  561.0
560.8449096679688  551.0
208.9539337158203  219.0
510.906494140625  495.0
298.6474609375  191.0
571.5676879882812  567.0
365.9627990722656  415.0
274.89630126953125  283.0
543.4649047851562  526.0
471.0103454589844  459.0
648.3328247070312  765.0
394.9835510253906  353.0
231.2001190185547  253.0
324.9622802734375  308.0
381.1119384765625  366.0
MSE : 2199.4638691322853
MAPE : 7.872004739019539
R2 Score : 0.8694239694053058
time : 4469.357149005053
