383.36749267578125  407.0
484.83123779296875  411.0
531.2921142578125  497.0
569.5120239257812  539.0
529.2488403320312  521.0
572.7151489257812  520.0
547.3411254882812  545.0
324.9167785644531  313.0
571.7145385742188  604.0
550.1004638671875  560.0
538.6305541992188  493.0
459.04571533203125  503.0
516.1922607421875  475.0
524.2739868164062  500.0
326.8329162597656  348.0
332.973388671875  419.0
289.6570739746094  241.0
221.39356994628906  213.0
320.9791259765625  348.0
570.2603149414062  578.0
540.1905517578125  542.0
566.0762329101562  563.0
513.8126831054688  492.0
522.015869140625  531.0
395.7821044921875  444.0
361.97491455078125  358.0
385.896484375  425.0
320.1529235839844  433.0
143.4625701904297  205.0
564.9513549804688  584.0
569.8184204101562  584.0
525.0474243164062  615.0
142.55458068847656  330.0
306.8328552246094  384.0
573.0867309570312  493.0
198.27833557128906  331.0
571.5535278320312  559.0
556.1069946289062  537.0
314.8371276855469  393.0
242.7705078125  397.0
431.4263610839844  498.0
565.662353515625  528.0
570.9699096679688  479.0
310.8984069824219  355.0
296.9847412109375  281.0
388.5362243652344  401.0
534.2243041992188  484.0
337.3720703125  239.0
444.15106201171875  419.0
299.6898193359375  378.0
317.4045104980469  265.0
567.5451049804688  552.0
563.5885009765625  508.0
221.32728576660156  233.0
511.3900146484375  595.0
572.3758544921875  618.0
193.13072204589844  223.0
551.5885620117188  470.0
130.65997314453125  310.0
344.6698303222656  324.0
511.0174865722656  563.0
561.8531494140625  523.0
165.29046630859375  173.0
293.44964599609375  411.0
539.2620849609375  633.0
572.5303955078125  616.0
572.3460083007812  678.0
564.4860229492188  590.0
219.07598876953125  213.0
563.81689453125  579.0
573.2797241210938  566.0
551.4823608398438  467.0
214.26002502441406  293.0
568.4230346679688  494.0
313.062744140625  344.0
331.9776611328125  323.0
564.3562622070312  568.0
545.1076049804688  581.0
558.7155151367188  669.0
571.5076904296875  557.0
317.2261047363281  348.0
570.5896606445312  411.0
572.0009155273438  630.0
572.9027709960938  593.0
535.3545532226562  508.0
572.53369140625  561.0
537.1451416015625  551.0
223.85789489746094  219.0
542.3208618164062  495.0
180.4236297607422  191.0
573.2002563476562  567.0
286.3134765625  415.0
257.73577880859375  283.0
531.7710571289062  526.0
573.6199340820312  459.0
565.69677734375  765.0
317.21929931640625  353.0
299.95587158203125  253.0
281.0852355957031  308.0
356.737548828125  366.0
MSE : 4283.819360016326
MAPE : 11.63884366349306
R2 Score : 0.7456816019276957
time : 650.2489322919864
