266.6837463378906  241.0
345.2209167480469  191.0
686.274658203125  763.0
332.8450927734375  425.0
198.75343322753906  213.0
498.4132995605469  499.0
652.4127807617188  653.0
563.498779296875  565.0
579.4844360351562  440.0
522.106689453125  515.0
544.0216674804688  534.0
608.83642578125  569.0
597.0853271484375  569.0
553.1170654296875  503.0
558.04248046875  584.0
545.7532958984375  533.0
374.61920166015625  409.0
571.62353515625  545.0
280.1061096191406  330.0
515.2445068359375  539.0
559.494873046875  538.0
600.9553833007812  550.0
499.1340026855469  499.0
359.9361572265625  398.0
543.9728393554688  584.0
351.9383850097656  378.0
318.4850158691406  187.0
172.72679138183594  192.0
365.5352783203125  355.0
489.7103576660156  493.0
523.2487182617188  549.0
383.0456848144531  384.0
235.5882110595703  243.0
478.7931823730469  512.0
547.7376098632812  556.0
591.29541015625  593.0
586.258056640625  557.0
340.8329772949219  344.0
548.0160522460938  527.0
293.6260986328125  281.0
527.747314453125  508.0
212.54806518554688  211.0
482.15338134765625  492.0
611.7608642578125  577.0
393.25335693359375  360.0
598.0116577148438  626.0
225.29965209960938  233.0
483.6521911621094  484.0
397.4525451660156  380.0
339.1932067871094  376.0
193.666015625  197.0
411.1031188964844  475.0
476.3471374511719  459.0
258.1120910644531  311.0
509.4852294921875  541.0
416.4294128417969  420.0
386.726318359375  392.0
547.1954345703125  550.0
210.3421173095703  206.0
397.1011657714844  411.0
520.0680541992188  497.0
518.4862670898438  557.0
256.4820251464844  270.0
321.5345764160156  325.0
347.9981994628906  362.0
219.26097106933594  293.0
487.0574645996094  401.0
431.0364685058594  423.0
190.4559783935547  194.0
332.5628356933594  308.0
521.4301147460938  523.0
537.482666015625  545.0
248.45672607421875  239.0
492.1450500488281  419.0
311.512451171875  319.0
435.38909912109375  273.0
381.0537109375  417.0
327.1376037597656  378.0
577.5074462890625  658.0
328.7328186035156  366.0
578.7083129882812  618.0
502.45098876953125  501.0
404.2689208984375  363.0
553.0587158203125  551.0
232.1094207763672  253.0
308.52288818359375  318.0
295.19879150390625  331.0
515.3218383789062  535.0
524.3633422851562  508.0
474.8175964355469  478.0
476.1236267089844  503.0
188.7886505126953  204.0
557.8333740234375  545.0
572.9615478515625  566.0
497.9173889160156  449.0
571.8015747070312  547.0
MSE : 1880.0931621009659
MAPE : 7.931556060224875
R2 Score : 0.8909452545256118
time : 1908.6770259359619
