549.720458984375  763.0
549.6744384765625  773.0
549.7276000976562  584.0
549.67919921875  584.0
405.249267578125  423.0
549.737548828125  533.0
383.6256103515625  300.0
549.6268310546875  531.0
549.4560546875  458.0
285.7569580078125  269.0
549.7395629882812  522.0
549.7032470703125  517.0
389.8039245605469  409.0
383.858642578125  385.0
549.37353515625  519.0
549.7032470703125  557.0
539.2742919921875  541.0
549.6854858398438  557.0
549.7027587890625  545.0
342.98406982421875  433.0
196.17579650878906  310.0
387.195068359375  392.0
549.6935424804688  488.0
337.851318359375  265.0
235.20030212402344  324.0
549.7001342773438  563.0
244.3081817626953  196.0
549.738037109375  527.0
284.1281433105469  213.0
549.7169189453125  520.0
376.0460510253906  370.0
181.5915985107422  330.0
549.6854858398438  589.0
392.08245849609375  373.0
201.8246307373047  220.0
281.93572998046875  253.0
549.7095947265625  581.0
367.72265625  359.0
368.05999755859375  393.0
549.6353149414062  535.0
343.121826171875  266.0
549.7013549804688  470.0
364.07501220703125  191.0
549.626220703125  503.0
549.6250610351562  618.0
170.8241424560547  233.0
534.7459716796875  498.0
271.4796142578125  253.0
549.6783447265625  529.0
549.7200927734375  474.0
549.666748046875  494.0
389.88873291015625  333.0
206.44021606445312  315.0
70.01936340332031  243.0
549.7463989257812  545.0
548.331298828125  581.0
549.6903686523438  501.0
549.4844970703125  599.0
549.6633911132812  509.0
549.68603515625  478.0
549.6451416015625  581.0
355.6453857421875  345.0
549.740234375  538.0
255.9639434814453  239.0
549.713623046875  630.0
549.7144775390625  583.0
549.586669921875  530.0
549.5390625  604.0
549.7263793945312  530.0
434.0973205566406  419.0
364.38714599609375  130.0
383.5946044921875  420.0
549.6961059570312  653.0
315.9446716308594  197.0
275.71966552734375  190.0
271.4336853027344  192.0
269.0542907714844  203.0
293.6442565917969  308.0
244.73092651367188  211.0
549.6842041015625  565.0
549.6281127929688  449.0
549.696044921875  525.0
549.7400512695312  551.0
330.4624938964844  368.0
225.42124938964844  324.0
549.6851806640625  500.0
13.056407928466797  217.0
549.3078002929688  685.0
388.20849609375  374.0
401.15283203125  393.0
549.7190551757812  539.0
549.7015380859375  643.0
254.3704071044922  241.0
549.694580078125  482.0
549.6991577148438  606.0
549.7262573242188  618.0
394.544189453125  395.0
MSE : 5494.356362449002
MAPE : 16.17553173617771
R2 Score : 0.7433354185964016
time : 419.8268740309868
