400.0995178222656  407.0
419.9098815917969  411.0
516.736328125  497.0
518.1629028320312  539.0
513.0082397460938  521.0
531.291748046875  520.0
545.6411743164062  545.0
314.5451965332031  313.0
590.2423095703125  604.0
638.384033203125  560.0
515.219970703125  493.0
395.0688781738281  503.0
477.4271240234375  475.0
491.73370361328125  500.0
362.80120849609375  348.0
421.17596435546875  419.0
294.3786315917969  241.0
199.7887420654297  213.0
331.9871826171875  348.0
614.327880859375  578.0
538.378173828125  542.0
565.9827880859375  563.0
497.4700927734375  492.0
550.0618286132812  531.0
464.4232482910156  444.0
438.94561767578125  358.0
329.996337890625  425.0
384.55718994140625  433.0
243.24668884277344  205.0
574.91748046875  584.0
575.632080078125  584.0
599.8609619140625  615.0
345.16339111328125  330.0
368.55865478515625  384.0
463.78204345703125  493.0
181.56089782714844  331.0
572.8496704101562  559.0
544.9494018554688  537.0
331.92755126953125  393.0
419.38800048828125  397.0
353.367919921875  498.0
552.1222534179688  528.0
473.48663330078125  479.0
404.63525390625  355.0
298.1469421386719  281.0
460.25982666015625  401.0
478.62139892578125  484.0
275.6407470703125  239.0
531.0122680664062  419.0
305.0889587402344  378.0
318.0953674316406  265.0
568.9347534179688  552.0
532.7008056640625  508.0
208.74806213378906  233.0
512.6083984375  595.0
655.8577880859375  618.0
190.8682403564453  223.0
477.84783935546875  470.0
311.69488525390625  310.0
351.5549621582031  324.0
521.2195434570312  563.0
530.592529296875  523.0
183.54713439941406  173.0
419.9302978515625  411.0
617.4544677734375  633.0
610.087646484375  616.0
659.4247436523438  678.0
643.3277587890625  590.0
215.1468048095703  213.0
613.3328857421875  579.0
583.767333984375  566.0
465.271728515625  467.0
271.24359130859375  293.0
473.79486083984375  494.0
330.0312194824219  344.0
249.1974334716797  323.0
572.4814453125  568.0
560.4256591796875  581.0
676.9517822265625  669.0
571.630126953125  557.0
304.25555419921875  348.0
539.8339233398438  411.0
583.458984375  630.0
616.8873291015625  593.0
521.187744140625  508.0
540.026123046875  561.0
604.1683959960938  551.0
220.9053497314453  219.0
504.03759765625  495.0
356.8007507324219  191.0
572.4942016601562  567.0
410.5929870605469  415.0
293.27984619140625  283.0
513.312744140625  526.0
457.4750671386719  459.0
739.8682861328125  765.0
427.208984375  353.0
256.76275634765625  253.0
309.0119323730469  308.0
388.24932861328125  366.0
MSE : 2081.147050298855
MAPE : 7.863656071818755
R2 Score : 0.8764481086842819
time : 1531.2346767300041
