504.5809631347656  533.0
610.4981079101562  552.0
536.5923461914062  530.0
492.99786376953125  500.0
518.093017578125  522.0
347.63922119140625  384.0
549.7755737304688  569.0
607.4404296875  765.0
327.5422668457031  239.0
302.1197509765625  251.0
370.035400390625  538.0
385.45452880859375  387.0
528.5803833007812  529.0
296.2109680175781  344.0
529.6326293945312  512.0
406.27801513671875  420.0
593.903564453125  587.0
238.8182373046875  203.0
535.6480712890625  551.0
391.6008605957031  389.0
400.2350158691406  411.0
166.21890258789062  217.0
344.1973876953125  394.0
568.5355224609375  538.0
588.3584594726562  573.0
541.3776245117188  517.0
536.382568359375  600.0
522.4876708984375  577.0
534.5145263671875  503.0
587.51708984375  562.0
275.87744140625  195.0
492.6803894042969  554.0
590.3782348632812  566.0
565.0004272460938  560.0
266.43829345703125  278.0
580.0568237304688  653.0
566.29541015625  552.0
323.5081787109375  304.0
361.8552551269531  363.0
310.5601501464844  207.0
321.932861328125  482.0
484.2110900878906  545.0
571.0475463867188  568.0
326.7935791015625  409.0
675.0606689453125  584.0
534.1627807617188  493.0
204.3873748779297  203.0
532.806640625  508.0
378.0482177734375  216.0
277.083984375  199.0
589.4849243164062  649.0
217.0236358642578  195.0
277.9073181152344  343.0
314.8002014160156  433.0
559.7172241210938  551.0
497.9159240722656  534.0
664.5914916992188  583.0
558.9629516601562  535.0
556.75732421875  624.0
591.6790771484375  604.0
201.63035583496094  548.0
513.7318725585938  503.0
286.9892883300781  373.0
556.0632934570312  592.0
370.24359130859375  330.0
487.0325927734375  505.0
520.6394653320312  532.0
581.5380859375  547.0
505.75714111328125  481.0
252.46591186523438  401.0
383.60894775390625  249.0
425.6862487792969  388.0
528.0787963867188  549.0
517.2787475585938  474.0
352.735107421875  359.0
360.9740295410156  378.0
360.080078125  253.0
579.790771484375  550.0
521.8804931640625  473.0
305.8332214355469  353.0
309.9705810546875  378.0
727.1229858398438  595.0
504.63970947265625  530.0
288.3383483886719  396.0
500.6552429199219  459.0
322.6569519042969  378.0
497.01153564453125  563.0
305.35357666015625  424.0
228.59849548339844  223.0
662.55712890625  621.0
292.7884216308594  221.0
292.24334716796875  392.0
589.6691284179688  669.0
407.4066467285156  360.0
527.5602416992188  525.0
423.2857360839844  500.0
524.8179931640625  526.0
557.749267578125  560.0
487.9888610839844  484.0
530.6546630859375  542.0
MSE : 5145.850651789215
MAPE : 12.772965296146511
R2 Score : 0.6953269349191799
time : 597.211801014957
