270.9414367675781  321.0
558.64794921875  552.0
551.6635131835938  568.0
270.9427185058594  302.0
270.9448547363281  348.0
575.6121826171875  493.0
270.941650390625  324.0
270.9448547363281  393.0
270.9414978027344  293.0
540.85546875  527.0
377.822998046875  318.0
589.5462646484375  527.0
418.35418701171875  403.0
520.7032470703125  530.0
270.9462890625  272.0
270.9416198730469  240.0
270.9436950683594  378.0
597.2537231445312  550.0
270.9417724609375  333.0
270.94061279296875  310.0
587.0638427734375  575.0
598.034912109375  569.0
538.2410888671875  539.0
378.6553039550781  314.0
270.9420166015625  221.0
563.867431640625  550.0
270.9425964355469  253.0
507.1092529296875  538.0
399.5592041015625  397.0
495.6520690917969  467.0
270.94073486328125  377.0
429.6109924316406  392.0
270.94659423828125  378.0
575.592529296875  763.0
270.9429931640625  283.0
270.9428405761719  223.0
437.9627990722656  419.0
586.1446533203125  493.0
590.1639404296875  584.0
270.94189453125  209.0
548.8147583007812  512.0
583.14453125  763.0
545.1700439453125  584.0
569.0803833007812  520.0
549.9671630859375  581.0
377.8468017578125  370.0
582.5741577148438  565.0
495.0360412597656  509.0
270.94268798828125  251.0
495.07904052734375  520.0
270.94244384765625  194.0
270.9401550292969  318.0
377.8634338378906  398.0
547.4315185546875  563.0
513.8214111328125  526.0
500.15386962890625  773.0
378.4298400878906  411.0
270.9466552734375  379.0
270.9418029785156  348.0
595.1209106445312  613.0
554.8212280273438  584.0
500.28912353515625  549.0
543.9768676757812  555.0
515.2149047851562  488.0
270.94317626953125  270.0
270.9414978027344  233.0
539.4959106445312  478.0
589.1363525390625  678.0
586.5426635742188  541.0
539.8037109375  513.0
503.93939208984375  530.0
515.56298828125  522.0
552.5863647460938  573.0
555.3179931640625  560.0
574.6024169921875  552.0
270.94122314453125  207.0
345.81268310546875  360.0
270.94171142578125  191.0
270.9424743652344  213.0
351.5026550292969  359.0
590.8165283203125  623.0
553.57470703125  537.0
495.37213134765625  459.0
461.988525390625  523.0
421.1747131347656  423.0
495.9960632324219  512.0
587.3656005859375  539.0
377.88995361328125  392.0
377.8267822265625  387.0
558.3905639648438  542.0
270.94134521484375  130.0
491.2059631347656  548.0
492.7763671875  475.0
270.9427185058594  272.0
270.94110107421875  311.0
539.3522338867188  633.0
397.2672424316406  337.0
536.6891479492188  484.0
270.94268798828125  203.0
408.35064697265625  600.0
MSE : 4166.773977275174
MAPE : 12.139987031516911
R2 Score : 0.7886419456508363
time : 4627.461203096027
