287.9837341308594  241.0
256.778564453125  191.0
546.6854858398438  763.0
385.38287353515625  425.0
257.85760498046875  213.0
546.4586791992188  499.0
546.81591796875  653.0
545.5669555664062  565.0
430.7855224609375  440.0
545.7972412109375  515.0
544.5349731445312  534.0
545.652587890625  569.0
546.2206420898438  618.0
544.7754516601562  503.0
546.9528198242188  584.0
544.7962036132812  533.0
380.015380859375  409.0
545.061279296875  545.0
333.6703186035156  330.0
545.4590454101562  539.0
544.8302001953125  538.0
546.0414428710938  550.0
545.3402099609375  499.0
383.1510314941406  398.0
544.6080932617188  584.0
317.9486389160156  378.0
375.8589782714844  187.0
261.2996520996094  192.0
382.0197448730469  355.0
546.0557861328125  493.0
546.5631713867188  555.0
385.7054443359375  384.0
259.8993225097656  243.0
545.960205078125  512.0
546.12060546875  556.0
544.3784790039062  593.0
546.3975219726562  557.0
297.50238037109375  344.0
544.594482421875  527.0
283.44659423828125  281.0
546.5830688476562  508.0
261.26025390625  211.0
546.5521240234375  549.0
545.9237060546875  492.0
545.52783203125  577.0
378.9117126464844  360.0
546.1451416015625  589.0
258.2384338378906  233.0
547.2230834960938  484.0
546.1655883789062  569.0
355.3024597167969  380.0
381.2474060058594  376.0
265.3117980957031  197.0
386.3740539550781  475.0
546.1612548828125  459.0
391.47418212890625  311.0
546.8275146484375  541.0
397.5158386230469  420.0
380.9693908691406  392.0
538.4651489257812  550.0
262.40277099609375  206.0
475.7242126464844  411.0
545.6615600585938  497.0
546.5301513671875  557.0
281.5772399902344  251.0
392.44122314453125  325.0
382.5113220214844  362.0
545.75830078125  626.0
303.0729675292969  293.0
544.7963256835938  401.0
426.54547119140625  423.0
258.62744140625  194.0
307.8031311035156  308.0
545.4225463867188  523.0
544.8104858398438  545.0
275.6070556640625  239.0
472.9494323730469  419.0
287.22796630859375  270.0
260.2734069824219  319.0
466.08453369140625  273.0
382.2280578613281  417.0
317.8899230957031  378.0
546.5086669921875  658.0
240.31338500976562  366.0
546.1622314453125  618.0
546.17236328125  501.0
382.0279235839844  363.0
544.0977172851562  551.0
302.7693176269531  253.0
347.6665344238281  318.0
378.3652038574219  331.0
546.0751342773438  535.0
544.8989868164062  508.0
536.4218139648438  478.0
546.5072631835938  503.0
256.64105224609375  204.0
418.8765563964844  545.0
545.4837646484375  566.0
521.7332153320312  449.0
544.2357177734375  547.0
MSE : 3536.57378008808
MAPE : 11.915308314329708
R2 Score : 0.7991392217467987
time : 518.1160577050177
