729.935302734375  763.0
600.2997436523438  773.0
566.41455078125  584.0
544.7808837890625  584.0
430.0919494628906  423.0
519.22900390625  533.0
354.59478759765625  300.0
523.1089477539062  531.0
516.8006591796875  458.0
301.952880859375  269.0
564.8001708984375  522.0
584.506591796875  517.0
404.0916748046875  409.0
387.0996398925781  385.0
517.392822265625  519.0
588.857421875  557.0
473.7806701660156  541.0
530.0772094726562  557.0
504.4891357421875  545.0
388.10784912109375  433.0
174.6898651123047  310.0
408.4686279296875  392.0
483.9296569824219  488.0
245.3197784423828  265.0
259.25506591796875  324.0
539.4549560546875  563.0
226.593017578125  196.0
510.6473083496094  527.0
241.20770263671875  213.0
494.7204284667969  520.0
392.3328857421875  370.0
194.97476196289062  330.0
556.8578491210938  589.0
391.17791748046875  373.0
239.8077392578125  220.0
351.08819580078125  253.0
574.5748901367188  581.0
376.80145263671875  359.0
410.8140563964844  393.0
507.49908447265625  535.0
318.3128967285156  266.0
516.5572509765625  470.0
458.77032470703125  191.0
294.8612060546875  503.0
520.1702880859375  618.0
208.5780029296875  233.0
458.2964782714844  498.0
354.9403991699219  253.0
549.795654296875  529.0
536.8206176757812  474.0
547.139892578125  494.0
394.4534912109375  333.0
194.04049682617188  315.0
165.8219757080078  243.0
545.918701171875  545.0
506.4971923828125  581.0
513.242431640625  501.0
472.5173034667969  599.0
528.1119384765625  509.0
525.7782592773438  478.0
544.2154541015625  581.0
325.10888671875  345.0
702.910888671875  538.0
247.42462158203125  239.0
537.1265258789062  630.0
490.4843444824219  583.0
526.5172119140625  530.0
617.35986328125  604.0
532.381591796875  530.0
444.22784423828125  419.0
254.06997680664062  130.0
377.22222900390625  420.0
711.0615844726562  653.0
248.38619995117188  197.0
247.30722045898438  190.0
291.132080078125  192.0
257.072021484375  203.0
262.9783630371094  308.0
291.3548583984375  211.0
576.5716552734375  565.0
479.09405517578125  449.0
522.548828125  525.0
619.658203125  551.0
336.1873474121094  368.0
236.09237670898438  324.0
470.70556640625  500.0
123.119384765625  217.0
526.177734375  685.0
521.478759765625  374.0
419.1624450683594  393.0
497.7994384765625  539.0
637.1083984375  643.0
326.09521484375  241.0
518.0523681640625  482.0
526.9349365234375  606.0
617.0113525390625  618.0
488.24169921875  395.0
MSE : 5202.549228412049
MAPE : 15.381024325689
R2 Score : 0.756966961759502
time : 747.5239592830185
