574.067138671875  533.0
569.65478515625  552.0
503.7252502441406  530.0
489.4190979003906  500.0
500.36126708984375  522.0
358.5787353515625  384.0
510.74932861328125  569.0
580.94580078125  765.0
295.92291259765625  239.0
272.61328125  251.0
543.1289672851562  538.0
397.4541320800781  387.0
546.4244384765625  529.0
319.8941955566406  344.0
488.4517517089844  512.0
410.7863464355469  420.0
564.0247192382812  587.0
195.3739776611328  203.0
540.7578735351562  551.0
375.2877502441406  389.0
409.5171203613281  411.0
178.36952209472656  217.0
384.3924865722656  394.0
562.511962890625  538.0
574.8112182617188  573.0
524.0721435546875  517.0
536.7587890625  600.0
525.208251953125  577.0
501.0208740234375  503.0
585.5768432617188  562.0
277.6895751953125  195.0
537.2647705078125  554.0
573.0775756835938  566.0
568.7713623046875  560.0
234.75010681152344  278.0
584.1790161132812  653.0
549.1245727539062  552.0
289.8145446777344  304.0
340.8415222167969  363.0
229.16934204101562  207.0
345.0278625488281  482.0
532.7924194335938  545.0
568.10400390625  568.0
374.2763671875  409.0
586.5823364257812  584.0
491.3997802734375  493.0
185.44615173339844  203.0
502.2397155761719  508.0
212.4478302001953  216.0
320.8797912597656  199.0
620.1256103515625  649.0
208.11021423339844  195.0
320.12451171875  343.0
364.5959777832031  433.0
541.140380859375  551.0
523.8851318359375  534.0
524.7078247070312  583.0
545.0021362304688  535.0
587.94970703125  624.0
591.2818603515625  604.0
577.152587890625  548.0
505.615234375  503.0
322.62847900390625  373.0
558.1563110351562  592.0
357.3490295410156  330.0
497.6095275878906  505.0
507.6820983886719  532.0
611.5213623046875  547.0
487.4333190917969  481.0
432.2273254394531  401.0
321.2777099609375  249.0
409.7476501464844  388.0
561.9453735351562  549.0
493.9349060058594  474.0
341.2983703613281  359.0
400.3912353515625  378.0
281.838623046875  253.0
579.4423828125  550.0
487.4020690917969  473.0
353.4300231933594  353.0
295.8543395996094  378.0
625.990234375  595.0
522.6792602539062  530.0
390.6354064941406  396.0
483.9685974121094  459.0
331.4587097167969  378.0
525.7630004882812  563.0
308.4495544433594  424.0
219.47991943359375  223.0
577.9007568359375  621.0
204.99595642089844  221.0
408.3425598144531  392.0
617.8814697265625  669.0
372.2130432128906  360.0
523.3353271484375  525.0
511.281982421875  500.0
499.9169006347656  526.0
593.109130859375  560.0
492.77166748046875  484.0
545.173095703125  542.0
MSE : 1712.2053236971028
MAPE : 7.066079670423619
R2 Score : 0.8986245658262328
time : 1368.491015327978
