565.9380493164062  550.0
603.2745971679688  643.0
233.6079864501953  283.0
359.65277099609375  319.0
224.50950622558594  221.0
341.42578125  330.0
503.15411376953125  485.0
515.6021728515625  520.0
245.5153350830078  269.0
196.04360961914062  152.0
402.7207336425781  373.0
514.1481323242188  508.0
534.802978515625  495.0
547.7593994140625  565.0
350.9438781738281  293.0
564.4093017578125  539.0
301.4721374511719  390.0
290.587890625  270.0
324.44317626953125  308.0
196.66253662109375  188.0
515.8143920898438  522.0
535.6474609375  538.0
581.9893188476562  559.0
374.65887451171875  401.0
398.6786804199219  393.0
531.7535400390625  526.0
578.079833984375  566.0
567.9166870117188  561.0
378.77740478515625  349.0
293.923095703125  348.0
430.14453125  407.0
283.7225341796875  330.0
344.73675537109375  199.0
551.2601928710938  493.0
408.38970947265625  387.0
277.0401611328125  293.0
556.335693359375  566.0
581.445068359375  626.0
314.5933532714844  324.0
605.5697021484375  621.0
222.172607421875  228.0
317.0410461425781  324.0
245.4766845703125  206.0
446.6763610839844  419.0
521.0148315429688  508.0
582.2621459960938  560.0
422.3643493652344  440.0
570.5549926757812  568.0
494.50616455078125  482.0
457.16973876953125  363.0
517.6270751953125  491.0
307.5254211425781  266.0
615.7057495117188  623.0
355.9750061035156  389.0
545.3499145507812  542.0
506.64947509765625  481.0
515.842041015625  529.0
574.5831909179688  587.0
589.3575439453125  630.0
548.6516723632812  600.0
380.46099853515625  376.0
418.548828125  409.0
615.535888671875  673.0
358.80462646484375  378.0
613.5759887695312  569.0
492.15203857421875  500.0
537.4568481445312  536.0
551.4710693359375  551.0
513.337646484375  484.0
299.4328918457031  239.0
344.0220947265625  363.0
486.4281311035156  484.0
363.0350341796875  324.0
610.3742065429688  616.0
564.6358032226562  552.0
526.55126953125  493.0
573.9736328125  556.0
584.9226684570312  539.0
381.1319580078125  348.0
299.1018371582031  259.0
361.5938720703125  362.0
506.6524963378906  483.0
577.9900512695312  579.0
514.613525390625  513.0
310.4600830078125  195.0
314.2720947265625  344.0
262.204833984375  229.0
383.2528991699219  417.0
332.40216064453125  353.0
507.8633728027344  519.0
200.25473022460938  194.0
413.0964050292969  318.0
480.2320556640625  488.0
206.85470581054688  203.0
543.8143310546875  545.0
335.08148193359375  343.0
512.2392578125  520.0
584.3685913085938  773.0
561.8416137695312  536.0
591.0014038085938  569.0
MSE : 1636.3328205545317
MAPE : 7.705826013572567
R2 Score : 0.9088064333764785
time : 973.2512967559742
