199.02316284179688  241.0
185.1873016357422  191.0
630.6382446289062  763.0
341.4494934082031  425.0
253.51231384277344  213.0
475.3686828613281  499.0
560.2123413085938  653.0
577.3211059570312  565.0
389.3142395019531  440.0
517.945556640625  515.0
563.352783203125  534.0
600.2081298828125  569.0
590.0639038085938  618.0
521.7552490234375  503.0
536.2503662109375  584.0
520.39306640625  533.0
376.9652404785156  409.0
560.971435546875  545.0
347.338134765625  330.0
520.6796264648438  539.0
549.41064453125  538.0
593.7005004882812  550.0
486.016845703125  499.0
388.3274841308594  398.0
554.0038452148438  584.0
349.7463684082031  378.0
362.8945007324219  187.0
198.81735229492188  192.0
327.1359558105469  355.0
486.95806884765625  493.0
590.392578125  555.0
412.113037109375  384.0
267.4871520996094  243.0
477.5340576171875  512.0
584.6532592773438  556.0
642.3658447265625  593.0
589.2174072265625  557.0
310.4696350097656  344.0
538.3989868164062  527.0
270.1817932128906  281.0
530.765625  508.0
208.1660614013672  211.0
585.9385986328125  549.0
566.6414794921875  492.0
589.4755249023438  577.0
401.7531433105469  360.0
599.1339111328125  589.0
266.7834167480469  233.0
466.9076232910156  484.0
586.8497924804688  569.0
366.9715576171875  380.0
359.1370849609375  376.0
198.9338836669922  197.0
380.31549072265625  475.0
480.58551025390625  459.0
429.5501708984375  311.0
519.3734741210938  541.0
397.0755615234375  420.0
405.5102844238281  392.0
468.4273986816406  550.0
244.62855529785156  206.0
509.68212890625  411.0
511.1996765136719  497.0
600.0014038085938  557.0
265.49554443359375  251.0
345.0899353027344  325.0
375.5533142089844  362.0
600.0100708007812  626.0
295.66107177734375  293.0
626.0611572265625  401.0
409.6453857421875  423.0
203.58009338378906  194.0
308.6676940917969  308.0
503.1213073730469  523.0
535.7281494140625  545.0
279.5415954589844  239.0
455.41864013671875  419.0
266.2709655761719  270.0
372.0969543457031  319.0
502.6855773925781  273.0
300.59332275390625  417.0
322.89849853515625  378.0
614.2015991210938  658.0
202.3824462890625  366.0
575.5786743164062  618.0
476.86846923828125  501.0
366.7477722167969  363.0
560.724365234375  551.0
312.78765869140625  253.0
369.27874755859375  318.0
403.4117431640625  331.0
562.655029296875  535.0
510.6647033691406  508.0
449.9837646484375  478.0
469.2738952636719  503.0
202.56211853027344  204.0
427.7098388671875  545.0
582.6860961914062  566.0
452.4822998046875  449.0
606.6754150390625  547.0
MSE : 3396.8665327776384
MAPE : 10.195119709863432
R2 Score : 0.8070739371429212
time : 1826.0516974740895
