707.06884765625  763.0
560.9541625976562  773.0
495.3675842285156  584.0
547.8253784179688  584.0
421.3367614746094  423.0
512.8425903320312  533.0
305.3236083984375  300.0
610.238525390625  531.0
475.8402404785156  458.0
282.3147888183594  269.0
541.3900146484375  522.0
572.354248046875  517.0
300.21282958984375  409.0
377.87811279296875  385.0
504.8155822753906  519.0
572.9442138671875  557.0
505.5780029296875  541.0
502.4435119628906  557.0
616.7805786132812  545.0
363.2093811035156  433.0
212.8909912109375  310.0
383.9280090332031  392.0
459.7353820800781  488.0
332.1156921386719  265.0
276.92620849609375  324.0
466.197265625  563.0
215.888916015625  196.0
547.0101928710938  527.0
186.288330078125  213.0
484.02923583984375  520.0
371.7607727050781  370.0
326.3960266113281  330.0
565.2196655273438  589.0
326.57000732421875  373.0
226.79171752929688  220.0
221.7900390625  253.0
549.8302612304688  581.0
342.47662353515625  359.0
377.76971435546875  393.0
545.343994140625  535.0
238.36648559570312  266.0
494.4493103027344  470.0
180.81689453125  191.0
452.8364562988281  503.0
500.82513427734375  618.0
223.15867614746094  233.0
479.7669982910156  498.0
236.6995849609375  253.0
515.7318115234375  529.0
462.9122619628906  474.0
483.06158447265625  494.0
272.8882751464844  333.0
216.7932586669922  315.0
209.08787536621094  243.0
566.161376953125  545.0
567.904541015625  581.0
514.2967529296875  501.0
479.4583435058594  599.0
512.6359252929688  509.0
480.08233642578125  478.0
531.5294799804688  581.0
312.5018615722656  345.0
534.535888671875  538.0
242.96185302734375  239.0
556.9194946289062  630.0
641.7349243164062  583.0
611.115966796875  530.0
574.5302734375  604.0
508.4045715332031  530.0
422.9726867675781  419.0
139.70462036132812  130.0
340.63751220703125  420.0
607.15576171875  653.0
206.69772338867188  197.0
195.30572509765625  190.0
206.45773315429688  192.0
210.14503479003906  203.0
325.8342590332031  308.0
211.95034790039062  211.0
570.6344604492188  565.0
441.8804016113281  449.0
501.9770812988281  525.0
534.88330078125  551.0
377.0656433105469  368.0
248.5889892578125  324.0
477.6970520019531  500.0
207.41973876953125  217.0
562.5550537109375  685.0
384.67926025390625  374.0
390.01080322265625  393.0
506.06915283203125  539.0
618.05810546875  643.0
318.13623046875  241.0
464.5241394042969  482.0
509.6758117675781  606.0
674.1907958984375  618.0
387.07330322265625  395.0
MSE : 2573.4441530147337
MAPE : 8.116206058404279
R2 Score : 0.8797835592148133
time : 1084.7997231389163
