624.517333984375  763.0
542.6001586914062  773.0
536.5914306640625  584.0
560.3093872070312  584.0
413.46307373046875  423.0
509.4920959472656  533.0
344.7570495605469  300.0
535.2168579101562  531.0
572.0912475585938  458.0
274.9704284667969  269.0
576.3623657226562  522.0
562.5899047851562  568.0
432.3885803222656  409.0
394.545166015625  385.0
523.8535766601562  519.0
599.9429321289062  557.0
567.5043334960938  541.0
548.0604858398438  557.0
594.9552612304688  545.0
315.2005920410156  433.0
246.66461181640625  310.0
389.49169921875  389.0
478.08563232421875  488.0
261.78424072265625  265.0
254.93954467773438  324.0
582.6771850585938  563.0
185.89906311035156  196.0
580.747802734375  527.0
185.76866149902344  213.0
511.4584655761719  520.0
376.11492919921875  370.0
320.54022216796875  330.0
544.5818481445312  589.0
408.384521484375  373.0
226.5196075439453  220.0
280.84051513671875  253.0
562.3064575195312  581.0
349.6199951171875  359.0
356.758544921875  393.0
521.9169921875  535.0
231.0835418701172  266.0
576.0194702148438  470.0
197.0746612548828  191.0
546.2210693359375  503.0
617.629638671875  618.0
207.60121154785156  233.0
587.3287353515625  498.0
551.5547485351562  517.0
254.73268127441406  253.0
544.7677001953125  529.0
473.2024841308594  474.0
479.40252685546875  494.0
393.0309143066406  333.0
240.0243377685547  315.0
235.90232849121094  243.0
585.8179321289062  545.0
538.8582763671875  581.0
482.72100830078125  501.0
544.6477661132812  599.0
511.8435974121094  509.0
532.0919189453125  478.0
550.8579711914062  581.0
440.856201171875  345.0
576.6465454101562  538.0
295.3389587402344  239.0
569.7152099609375  630.0
490.7431640625  583.0
533.2251586914062  530.0
580.9872436523438  604.0
506.65631103515625  530.0
454.3508605957031  419.0
198.81919860839844  130.0
423.48773193359375  420.0
599.429443359375  653.0
185.4328155517578  197.0
205.6759796142578  190.0
186.51011657714844  192.0
245.84288024902344  203.0
309.941650390625  392.0
325.0093994140625  308.0
219.40061950683594  211.0
534.3297729492188  565.0
468.1717529296875  449.0
519.875  525.0
559.19677734375  551.0
397.40887451171875  368.0
242.1454315185547  324.0
510.2214050292969  500.0
287.50506591796875  217.0
599.241455078125  685.0
362.5879211425781  374.0
407.0518493652344  401.0
554.3358154296875  539.0
589.943115234375  643.0
195.76722717285156  241.0
508.6447448730469  482.0
551.1771850585938  606.0
619.2285766601562  618.0
427.8252258300781  393.0
394.85760498046875  395.0
MSE : 2539.8532549203865
MAPE : 8.734916474228202
R2 Score : 0.8788814483292694
time : 2667.8379407329485
