703.958251953125  763.0
605.9981079101562  773.0
543.9103393554688  584.0
560.3644409179688  584.0
405.5689392089844  423.0
506.9097900390625  533.0
281.1742858886719  300.0
514.9220581054688  531.0
519.401611328125  458.0
280.9528503417969  269.0
546.0240478515625  522.0
589.4317016601562  568.0
397.5837097167969  409.0
408.18994140625  385.0
516.0276489257812  519.0
604.4461669921875  557.0
569.6703491210938  541.0
492.96624755859375  557.0
568.9387817382812  545.0
362.1016540527344  433.0
248.0251007080078  310.0
375.35223388671875  389.0
475.05804443359375  488.0
308.4568786621094  265.0
325.86614990234375  324.0
577.0964965820312  563.0
178.67742919921875  196.0
543.511474609375  527.0
178.44065856933594  213.0
534.7737426757812  520.0
390.1292724609375  370.0
364.1631774902344  330.0
590.3910522460938  589.0
385.3358154296875  373.0
220.99276733398438  220.0
237.4413299560547  253.0
558.4541625976562  581.0
366.4252624511719  359.0
414.9715270996094  393.0
564.906494140625  535.0
273.7947082519531  266.0
498.1914978027344  470.0
178.9193878173828  191.0
440.112060546875  503.0
507.20538330078125  618.0
214.35958862304688  233.0
452.4610290527344  498.0
588.1895141601562  517.0
298.63525390625  253.0
546.8360595703125  529.0
495.72442626953125  474.0
486.6998291015625  494.0
373.328857421875  333.0
250.39804077148438  315.0
304.93157958984375  243.0
569.2360229492188  545.0
532.7435302734375  581.0
473.1871643066406  501.0
534.5493774414062  599.0
505.62738037109375  509.0
507.9475402832031  478.0
520.1287231445312  581.0
354.8800354003906  345.0
550.0476684570312  538.0
270.0423889160156  239.0
566.4891357421875  630.0
520.0394897460938  583.0
552.4965209960938  530.0
505.8294982910156  604.0
528.1692504882812  530.0
426.1282653808594  419.0
178.63162231445312  130.0
393.6728515625  420.0
517.8253173828125  653.0
178.8761444091797  197.0
196.68885803222656  190.0
178.65989685058594  192.0
200.62310791015625  203.0
365.3698425292969  392.0
314.5230712890625  308.0
210.70803833007812  211.0
540.17724609375  565.0
422.5208740234375  449.0
514.8719482421875  525.0
553.4498291015625  551.0
382.72515869140625  368.0
309.39239501953125  324.0
523.3942260742188  500.0
217.8576202392578  217.0
613.38720703125  685.0
405.70574951171875  374.0
388.93609619140625  401.0
506.08258056640625  539.0
695.2025146484375  643.0
178.97116088867188  241.0
531.0962524414062  482.0
574.2697143554688  606.0
558.15283203125  618.0
374.68646240234375  393.0
402.8695068359375  395.0
MSE : 1812.3496110880096
MAPE : 7.443381331758832
R2 Score : 0.9135740777185679
time : 2355.370199249941
