548.932861328125  550.0
632.2098388671875  643.0
259.90966796875  283.0
279.9207763671875  319.0
233.0522003173828  221.0
309.16650390625  330.0
515.709228515625  485.0
486.64508056640625  520.0
249.64215087890625  269.0
182.94552612304688  152.0
315.5999755859375  373.0
518.4141845703125  508.0
475.8878173828125  495.0
556.501953125  565.0
342.39312744140625  293.0
563.9996948242188  539.0
276.93011474609375  390.0
326.83160400390625  270.0
326.11920166015625  308.0
219.1767578125  188.0
542.896240234375  522.0
519.8369140625  538.0
534.7462768554688  559.0
419.63909912109375  401.0
421.88311767578125  393.0
545.1328125  526.0
569.08935546875  566.0
562.66015625  561.0
347.0534973144531  349.0
296.05096435546875  348.0
364.6952819824219  407.0
263.43701171875  330.0
358.555419921875  199.0
494.84515380859375  493.0
449.9117431640625  387.0
250.73947143554688  293.0
576.401611328125  566.0
586.6495361328125  626.0
320.8650817871094  324.0
572.9915161132812  621.0
351.6505126953125  228.0
374.4146728515625  324.0
180.16444396972656  206.0
501.1334228515625  419.0
531.8328857421875  508.0
540.8826293945312  560.0
396.3565673828125  440.0
559.282958984375  568.0
497.0147705078125  482.0
404.3516845703125  363.0
543.0462646484375  491.0
311.16302490234375  266.0
610.0911865234375  623.0
417.899658203125  389.0
511.0811462402344  542.0
469.401611328125  481.0
542.323486328125  529.0
552.2060546875  587.0
569.9846801757812  630.0
529.6173095703125  600.0
328.04833984375  376.0
363.4475402832031  409.0
597.8510131835938  673.0
353.3205871582031  378.0
592.3382568359375  569.0
507.8551940917969  500.0
556.393798828125  536.0
531.064453125  551.0
470.2012939453125  484.0
290.0501708984375  239.0
392.01678466796875  363.0
529.5548095703125  484.0
341.70477294921875  324.0
544.9225463867188  616.0
542.984375  552.0
506.4761657714844  493.0
558.4739379882812  556.0
573.5989990234375  539.0
343.04412841796875  348.0
314.5600891113281  259.0
389.29443359375  362.0
486.2058410644531  483.0
576.8284912109375  579.0
519.379638671875  513.0
227.20687866210938  195.0
297.9579162597656  344.0
254.06886291503906  229.0
390.5865173339844  417.0
382.17205810546875  353.0
485.0582275390625  519.0
196.78225708007812  194.0
349.94140625  318.0
482.14910888671875  488.0
214.45199584960938  203.0
527.7713623046875  545.0
313.4263610839844  343.0
502.3402099609375  520.0
607.70361328125  773.0
517.745849609375  536.0
594.3526611328125  569.0
MSE : 1902.2805169341038
MAPE : 8.863166089182911
R2 Score : 0.893985048225783
time : 1940.3683962189825
