168.28167724609375  241.0
176.7769012451172  191.0
622.0560302734375  763.0
329.7132873535156  425.0
280.8526306152344  213.0
482.4232177734375  499.0
735.6552734375  653.0
566.0480346679688  565.0
444.0506896972656  440.0
524.521484375  515.0
540.3680419921875  534.0
576.2874755859375  569.0
656.9093017578125  618.0
487.5587463378906  503.0
533.9437866210938  584.0
497.4028625488281  533.0
442.7435607910156  409.0
552.7433471679688  545.0
323.6892395019531  330.0
502.95770263671875  539.0
537.27392578125  538.0
558.8975830078125  550.0
494.3600158691406  499.0
393.71722412109375  398.0
522.6304931640625  584.0
379.2342529296875  378.0
369.4128723144531  187.0
196.45559692382812  192.0
345.658447265625  355.0
473.0496826171875  493.0
520.0052490234375  555.0
356.8758239746094  384.0
275.7466735839844  243.0
476.8582763671875  512.0
542.1712646484375  556.0
571.217529296875  593.0
556.78076171875  557.0
333.57177734375  344.0
530.226318359375  527.0
317.3345642089844  281.0
518.1657104492188  508.0
261.2340393066406  211.0
518.2275390625  549.0
513.1487426757812  492.0
564.685302734375  577.0
349.1565246582031  360.0
583.59765625  589.0
212.23275756835938  233.0
548.6197509765625  484.0
597.852783203125  569.0
330.8287048339844  380.0
350.49713134765625  376.0
201.393798828125  197.0
435.1110534667969  475.0
478.0611267089844  459.0
381.4442443847656  311.0
502.3961486816406  541.0
390.51983642578125  420.0
361.1183166503906  392.0
646.571044921875  550.0
242.6693115234375  206.0
462.2669372558594  411.0
499.5913391113281  497.0
526.2006225585938  557.0
265.0821838378906  251.0
268.5252990722656  325.0
385.6921081542969  362.0
578.5797729492188  626.0
297.2818908691406  293.0
502.19775390625  401.0
407.3539123535156  423.0
209.36744689941406  194.0
315.9790344238281  308.0
520.171142578125  523.0
531.1346435546875  545.0
243.3607177734375  239.0
408.3963928222656  419.0
302.02142333984375  270.0
293.0467529296875  319.0
578.1212158203125  273.0
422.2560729980469  417.0
355.7505187988281  378.0
562.00048828125  658.0
328.0115661621094  366.0
494.7416076660156  618.0
482.5054626464844  501.0
401.1814270019531  363.0
530.873291015625  551.0
282.4610900878906  253.0
317.9611511230469  318.0
378.8442687988281  331.0
641.6258544921875  535.0
495.4541931152344  508.0
435.3256530761719  478.0
485.7919616699219  503.0
205.36856079101562  204.0
518.6536865234375  545.0
556.1924438476562  566.0
452.2972717285156  449.0
601.1282958984375  547.0
MSE : 2970.2442920576736
MAPE : 9.203338949987737
R2 Score : 0.8313040764301616
time : 3126.1214665690204
