615.5575561523438  763.0
591.30078125  773.0
533.8597412109375  584.0
559.5321044921875  584.0
431.7234802246094  423.0
496.0242004394531  533.0
314.7918395996094  300.0
538.9186401367188  531.0
398.6301574707031  458.0
287.7779235839844  269.0
547.029541015625  522.0
538.702392578125  517.0
398.3006286621094  409.0
380.52069091796875  385.0
502.3304138183594  519.0
571.4850463867188  557.0
447.97088623046875  541.0
475.3702697753906  557.0
528.5305786132812  545.0
346.2132263183594  433.0
199.3695526123047  310.0
368.420166015625  392.0
482.2950439453125  488.0
292.5374450683594  265.0
330.8862609863281  324.0
468.1159973144531  563.0
223.35682678222656  196.0
502.4071350097656  527.0
194.75103759765625  213.0
491.88128662109375  520.0
371.4552917480469  370.0
153.18121337890625  330.0
599.8616333007812  589.0
385.7776794433594  373.0
265.1723327636719  220.0
251.57334899902344  253.0
557.0005493164062  581.0
351.98486328125  359.0
379.5075378417969  393.0
601.2149047851562  535.0
256.8873291015625  266.0
485.4865417480469  470.0
375.3475646972656  191.0
388.64923095703125  503.0
515.7507934570312  618.0
254.26280212402344  233.0
496.2425231933594  498.0
278.8480529785156  253.0
483.8323059082031  529.0
505.6938781738281  474.0
494.6546936035156  494.0
291.31463623046875  333.0
261.2353820800781  315.0
89.47296142578125  243.0
536.6300659179688  545.0
475.49609375  581.0
475.5965881347656  501.0
455.1515197753906  599.0
500.8692932128906  509.0
492.94525146484375  478.0
535.9181518554688  581.0
341.07354736328125  345.0
586.4911499023438  538.0
273.4489440917969  239.0
571.5692749023438  630.0
594.2640991210938  583.0
594.9495239257812  530.0
602.1295776367188  604.0
516.5878295898438  530.0
412.6008605957031  419.0
172.27793884277344  130.0
367.09771728515625  420.0
729.3970336914062  653.0
206.76080322265625  197.0
171.4559783935547  190.0
238.24595642089844  192.0
235.9279022216797  203.0
319.6592102050781  308.0
233.23927307128906  211.0
576.4588012695312  565.0
418.4736022949219  449.0
557.4049682617188  525.0
577.0432739257812  551.0
377.3642883300781  368.0
318.14862060546875  324.0
490.4832763671875  500.0
253.2118377685547  217.0
580.9409790039062  685.0
429.1131591796875  374.0
373.70111083984375  393.0
481.70452880859375  539.0
632.4903564453125  643.0
334.9732971191406  241.0
506.2478942871094  482.0
547.3682250976562  606.0
544.8939208984375  618.0
395.1772766113281  395.0
MSE : 3543.004595778868
MAPE : 10.691207826066734
R2 Score : 0.8344912977065657
time : 1401.365438107052
