418.27105712890625  407.0
435.1794128417969  411.0
508.9501037597656  497.0
560.1739501953125  539.0
522.3271484375  521.0
572.0765991210938  520.0
521.114501953125  545.0
367.4543151855469  313.0
567.8621215820312  604.0
547.19287109375  560.0
518.509521484375  493.0
407.1795654296875  503.0
467.7010498046875  475.0
489.4815368652344  500.0
341.2068176269531  348.0
480.8360290527344  419.0
287.5897521972656  241.0
229.6734619140625  213.0
367.91436767578125  348.0
604.1813354492188  578.0
518.3470458984375  542.0
555.3141479492188  563.0
504.291748046875  492.0
522.9866943359375  531.0
483.07257080078125  444.0
402.12689208984375  358.0
337.3831787109375  425.0
444.44158935546875  433.0
239.81585693359375  205.0
557.048828125  584.0
594.8236083984375  584.0
580.6472778320312  615.0
344.16754150390625  330.0
413.74139404296875  384.0
451.4691162109375  493.0
191.6829833984375  331.0
569.73779296875  559.0
561.009765625  537.0
346.434326171875  393.0
327.9256591796875  397.0
404.606689453125  498.0
557.8056640625  528.0
498.3101501464844  479.0
384.2566833496094  355.0
319.045166015625  281.0
121.20379638671875  401.0
498.45947265625  484.0
344.9561767578125  239.0
470.59930419921875  419.0
326.5537414550781  378.0
272.0863342285156  265.0
556.801025390625  552.0
534.92822265625  508.0
311.40374755859375  233.0
724.8707885742188  595.0
627.1688232421875  618.0
206.74957275390625  223.0
503.0927734375  470.0
307.3726501464844  310.0
318.7297668457031  324.0
546.1702880859375  563.0
551.8485107421875  523.0
199.2858123779297  173.0
471.65057373046875  411.0
625.24267578125  633.0
625.2034912109375  616.0
607.4467163085938  678.0
560.22509765625  590.0
232.1073455810547  213.0
596.5759887695312  579.0
566.5714721679688  566.0
491.51611328125  467.0
301.5420227050781  293.0
484.5746765136719  494.0
322.7234191894531  344.0
279.94561767578125  323.0
567.92529296875  568.0
564.6777954101562  581.0
683.1060180664062  669.0
580.69384765625  557.0
295.9576416015625  348.0
520.9117431640625  411.0
576.5679931640625  630.0
608.081787109375  593.0
538.8187255859375  508.0
574.9645385742188  561.0
546.2437744140625  551.0
230.52088928222656  219.0
515.384765625  495.0
310.3796691894531  191.0
590.5126342773438  567.0
456.121826171875  415.0
283.9219055175781  283.0
532.2066650390625  526.0
491.8489074707031  459.0
590.9912719726562  765.0
409.34405517578125  353.0
330.0860595703125  253.0
319.0776062011719  308.0
358.74127197265625  366.0
MSE : 2972.6529009534115
MAPE : 9.334844435903522
R2 Score : 0.8235218947718237
time : 1157.1226864149794
