291.4924011230469  331.0
360.6099548339844  392.0
640.5819702148438  669.0
507.0462951660156  549.0
571.3350219726562  563.0
260.2442321777344  254.0
604.1334228515625  668.0
483.0479736328125  481.0
567.1346435546875  552.0
543.2603759765625  546.0
166.66128540039062  206.0
555.777099609375  554.0
533.541748046875  488.0
549.23681640625  538.0
321.03875732421875  365.0
574.4793701171875  630.0
581.0494384765625  577.0
580.346923828125  528.0
214.27821350097656  243.0
594.39794921875  595.0
411.57977294921875  353.0
608.9493408203125  658.0
337.7906188964844  313.0
335.338134765625  308.0
334.94415283203125  298.0
479.40106201171875  485.0
167.6723175048828  195.0
570.5216674804688  579.0
489.0255126953125  493.0
485.0976867675781  481.0
232.30572509765625  152.0
584.0272827148438  590.0
305.4019775390625  349.0
472.866455078125  507.0
553.54248046875  580.0
495.8660888671875  458.0
489.1963195800781  492.0
297.2882995605469  300.0
494.34259033203125  500.0
353.0989990234375  360.0
473.40032958984375  493.0
567.9189453125  550.0
547.0228881835938  484.0
476.98577880859375  650.0
463.1994323730469  374.0
409.9664611816406  444.0
403.5025634765625  256.0
354.0321044921875  373.0
360.4954528808594  348.0
533.6522827148438  533.0
391.89892578125  393.0
223.63235473632812  217.0
423.1561279296875  457.0
607.252685546875  580.0
278.57196044921875  359.0
550.2289428710938  569.0
480.71405029296875  473.0
520.9274291992188  495.0
520.3958740234375  536.0
260.2745361328125  228.0
511.0808410644531  475.0
446.24658203125  191.0
380.5713195800781  421.0
527.9915771484375  619.0
534.513427734375  545.0
249.98182678222656  219.0
575.8012084960938  517.0
475.3123779296875  475.0
349.43426513671875  433.0
556.2191772460938  513.0
586.9844360351562  523.0
530.146728515625  532.0
395.8300476074219  403.0
586.648681640625  491.0
219.5618896484375  203.0
424.0800476074219  419.0
552.3375244140625  545.0
574.9114990234375  536.0
345.1842956542969  324.0
430.7529296875  393.0
421.4534912109375  424.0
367.2794189453125  449.0
547.1671752929688  530.0
598.4542236328125  606.0
586.0562133789062  545.0
265.64007568359375  331.0
476.6507873535156  479.0
317.01629638671875  321.0
507.6268005371094  502.0
400.017333984375  415.0
186.34144592285156  213.0
196.04327392578125  302.0
485.0922546386719  500.0
474.2581787109375  541.0
547.168212890625  589.0
MSE : 2719.0553496436855
MAPE : 9.587975924572921
R2 Score : 0.8295762054888397
time : 1404.0874834129354
