275.0798645019531  241.0
300.4923095703125  191.0
665.322509765625  763.0
347.5213317871094  425.0
193.14292907714844  213.0
511.5037536621094  499.0
643.910888671875  653.0
598.0801391601562  565.0
444.5406494140625  440.0
539.1475830078125  515.0
530.286376953125  534.0
611.9154052734375  569.0
664.4139404296875  569.0
535.9539184570312  503.0
591.1063842773438  584.0
528.919189453125  533.0
372.3613586425781  409.0
567.3785400390625  545.0
270.8594055175781  330.0
515.2314453125  539.0
579.4561157226562  538.0
601.774169921875  550.0
508.2393493652344  499.0
367.64129638671875  398.0
553.885009765625  584.0
346.07403564453125  378.0
310.7554626464844  187.0
172.23048400878906  192.0
352.4494934082031  355.0
511.111572265625  493.0
534.8040161132812  549.0
381.68927001953125  384.0
208.08114624023438  243.0
504.2772216796875  512.0
555.9744873046875  556.0
665.9332275390625  593.0
605.9454956054688  557.0
330.4821472167969  344.0
539.4193725585938  527.0
278.7637634277344  281.0
563.3554077148438  508.0
235.508544921875  211.0
505.5420227050781  492.0
578.3094482421875  577.0
389.3014221191406  360.0
609.2584838867188  626.0
211.62811279296875  233.0
517.9050903320312  484.0
359.7291564941406  380.0
344.4423828125  376.0
192.8181915283203  197.0
409.28173828125  475.0
510.20001220703125  459.0
295.7887878417969  311.0
512.5344848632812  541.0
417.3457336425781  420.0
376.7451171875  392.0
567.3917846679688  550.0
213.63893127441406  206.0
417.03857421875  411.0
520.498779296875  497.0
517.00341796875  557.0
280.0557861328125  270.0
361.3706970214844  325.0
359.08453369140625  362.0
235.08987426757812  293.0
472.5306396484375  401.0
421.34283447265625  423.0
196.03677368164062  194.0
320.09228515625  308.0
533.387451171875  523.0
545.6699829101562  545.0
257.6543884277344  239.0
449.5148620605469  419.0
279.54840087890625  319.0
76.59847259521484  273.0
369.8530578613281  417.0
322.6245422363281  378.0
661.6444702148438  658.0
272.7331237792969  366.0
549.4920043945312  618.0
514.8890991210938  501.0
391.45977783203125  363.0
569.1286010742188  551.0
216.83187866210938  253.0
319.1428527832031  318.0
296.58148193359375  331.0
521.6105346679688  535.0
520.578369140625  508.0
436.1148376464844  478.0
505.64306640625  503.0
178.04107666015625  204.0
625.7340698242188  545.0
599.2366943359375  566.0
499.0255432128906  449.0
655.57861328125  547.0
MSE : 2078.4406438806186
MAPE : 8.68423614393444
R2 Score : 0.879440115005401
time : 1766.7954093589215
