328.2555847167969  313.0
332.46551513671875  298.0
609.5069580078125  604.0
523.5913696289062  522.0
502.413818359375  491.0
625.0484008789062  603.0
491.6678771972656  493.0
348.05035400390625  363.0
609.7371215820312  533.0
362.403564453125  350.0
260.0003662109375  220.0
536.5006713867188  569.0
417.8573303222656  392.0
546.3243408203125  537.0
436.2138671875  411.0
630.79150390625  584.0
543.6348876953125  494.0
525.6753540039062  545.0
444.08111572265625  545.0
198.13844299316406  204.0
302.55609130859375  333.0
626.7221069335938  589.0
484.2119445800781  486.0
272.68310546875  358.0
345.29534912109375  370.0
231.94309997558594  254.0
515.6005249023438  495.0
488.3713073730469  501.0
541.520751953125  536.0
578.8649291992188  562.0
345.40484619140625  233.0
627.7736206054688  557.0
564.7792358398438  560.0
442.7643737792969  498.0
372.6650390625  433.0
219.30274963378906  206.0
480.686767578125  503.0
357.72296142578125  368.0
324.5052795410156  424.0
285.38323974609375  348.0
401.365478515625  387.0
443.6259765625  478.0
538.94775390625  555.0
506.1719665527344  474.0
338.98284912109375  378.0
639.8561401367188  550.0
628.7108764648438  673.0
524.5166015625  482.0
439.72174072265625  423.0
543.0119018554688  541.0
340.0858154296875  335.0
529.9140014648438  530.0
339.37310791015625  384.0
192.9723358154297  209.0
640.6383056640625  523.0
405.0472412109375  409.0
226.02267456054688  217.0
485.8105163574219  472.0
213.73573303222656  221.0
499.307861328125  512.0
278.81884765625  195.0
509.212158203125  519.0
649.8434448242188  613.0
504.4188232421875  563.0
542.3742065429688  546.0
536.334716796875  533.0
490.837890625  488.0
345.64111328125  398.0
591.4634399414062  618.0
545.1593017578125  522.0
541.0485229492188  526.0
536.2276611328125  528.0
335.46929931640625  318.0
499.0975646972656  493.0
607.48974609375  643.0
356.1124267578125  403.0
567.4091186523438  577.0
543.5264282226562  525.0
580.6444702148438  564.0
476.81756591796875  499.0
510.8651123046875  497.0
508.11572265625  474.0
511.5894775390625  548.0
332.6719055175781  378.0
341.66656494140625  347.0
574.4990844726562  584.0
505.6846923828125  523.0
199.52244567871094  211.0
321.7679748535156  324.0
226.81883239746094  171.0
572.086669921875  685.0
534.0081176757812  545.0
271.6623840332031  300.0
552.6025390625  528.0
561.4993896484375  562.0
337.9664001464844  331.0
634.918701171875  763.0
341.4418029785156  199.0
455.35052490234375  473.0
388.7680969238281  425.0
MSE : 1934.399118202671
MAPE : 7.9444792316078985
R2 Score : 0.8798643961174575
time : 585.162493005977
