309.36944580078125  241.0
262.4736022949219  191.0
603.76220703125  763.0
371.78765869140625  425.0
222.9896697998047  213.0
503.84088134765625  499.0
513.1040649414062  653.0
562.1640625  565.0
374.2527160644531  440.0
507.30712890625  515.0
534.8622436523438  534.0
575.15087890625  569.0
633.0601196289062  618.0
476.2369079589844  503.0
546.1492309570312  584.0
469.5509033203125  533.0
365.32928466796875  409.0
623.2966918945312  545.0
356.58135986328125  330.0
504.001220703125  539.0
535.5368041992188  538.0
563.438720703125  550.0
501.5668029785156  499.0
336.5920715332031  398.0
539.2484130859375  584.0
249.97056579589844  378.0
359.0744934082031  187.0
219.63160705566406  192.0
314.69189453125  355.0
470.936767578125  493.0
535.1644287109375  555.0
376.35821533203125  384.0
335.12652587890625  243.0
474.10174560546875  512.0
540.5311279296875  556.0
646.0970458984375  593.0
565.4244995117188  557.0
308.1026611328125  344.0
532.0460205078125  527.0
254.61480712890625  281.0
509.2174987792969  508.0
225.55841064453125  211.0
533.8236694335938  549.0
535.9312133789062  492.0
626.6535034179688  577.0
331.0515441894531  360.0
581.6150512695312  589.0
332.98468017578125  233.0
505.3624267578125  484.0
634.4804077148438  569.0
387.6270446777344  380.0
302.3089599609375  376.0
236.20233154296875  197.0
369.1213073730469  475.0
468.99310302734375  459.0
376.0074768066406  311.0
562.4724731445312  541.0
317.36328125  420.0
328.3733215332031  392.0
508.28582763671875  550.0
229.56813049316406  206.0
386.64849853515625  411.0
506.4766845703125  497.0
570.1439819335938  557.0
303.2047424316406  251.0
407.06500244140625  325.0
346.80133056640625  362.0
573.6660766601562  626.0
269.56549072265625  293.0
622.7494506835938  401.0
358.39093017578125  423.0
190.6441192626953  194.0
305.7063293457031  308.0
468.9493408203125  523.0
584.5568237304688  545.0
311.77490234375  239.0
373.45709228515625  419.0
278.0352783203125  270.0
217.07382202148438  319.0
477.9544677734375  273.0
370.8373107910156  417.0
314.12042236328125  378.0
577.9507446289062  658.0
344.40283203125  366.0
599.2044067382812  618.0
500.829345703125  501.0
358.5205383300781  363.0
537.6300659179688  551.0
328.35882568359375  253.0
381.94659423828125  318.0
378.1300354003906  331.0
533.938720703125  535.0
510.55792236328125  508.0
397.88580322265625  478.0
510.65728759765625  503.0
174.7424774169922  204.0
411.8461608886719  545.0
589.9229125976562  566.0
388.1391296386719  449.0
646.9093627929688  547.0
MSE : 4056.6681222146703
MAPE : 12.532825110632107
R2 Score : 0.7696003061690126
time : 1748.9309818060137
