523.6262817382812  533.0
601.2213134765625  552.0
521.2850952148438  530.0
483.8359680175781  500.0
518.7132568359375  522.0
381.5259704589844  384.0
535.7919921875  569.0
607.3673095703125  765.0
253.42306518554688  239.0
265.8703308105469  251.0
418.3334655761719  538.0
397.8072509765625  387.0
518.6837768554688  529.0
336.4830017089844  344.0
488.7751159667969  512.0
396.54595947265625  420.0
547.3910522460938  587.0
205.4777069091797  203.0
633.3467407226562  551.0
388.54022216796875  389.0
424.6167907714844  411.0
218.6012725830078  217.0
394.3747863769531  394.0
534.4271240234375  538.0
575.2908325195312  573.0
527.8328857421875  517.0
631.5885620117188  600.0
538.3016357421875  577.0
511.0686950683594  503.0
550.9768676757812  562.0
214.66879272460938  195.0
530.4487915039062  554.0
535.0713500976562  566.0
600.564208984375  560.0
246.99948120117188  278.0
595.5574340820312  653.0
538.5606079101562  552.0
319.5559997558594  304.0
435.425537109375  363.0
240.29200744628906  207.0
394.4377136230469  482.0
533.2962036132812  545.0
548.8272705078125  568.0
376.7174072265625  409.0
509.103515625  584.0
490.501953125  493.0
204.14169311523438  203.0
519.2994384765625  508.0
211.97227478027344  216.0
365.0526123046875  199.0
625.1369018554688  649.0
195.90966796875  195.0
300.90411376953125  343.0
383.12152099609375  433.0
554.7171020507812  551.0
505.8161926269531  534.0
614.792724609375  583.0
568.3909912109375  535.0
604.532958984375  624.0
614.318603515625  604.0
507.37939453125  548.0
514.6452026367188  503.0
335.9376220703125  373.0
572.9575805664062  592.0
324.591552734375  330.0
498.2807922363281  505.0
511.97967529296875  532.0
665.6665649414062  547.0
483.4914855957031  481.0
390.6115417480469  401.0
268.87310791015625  249.0
379.9005432128906  388.0
524.2765502929688  549.0
489.7346496582031  474.0
343.5445556640625  359.0
377.3100280761719  378.0
273.0499267578125  253.0
569.1825561523438  550.0
479.2418518066406  473.0
373.5043029785156  353.0
409.19732666015625  378.0
636.119384765625  595.0
531.885986328125  530.0
374.70196533203125  396.0
477.3451232910156  459.0
329.8455505371094  378.0
518.1768188476562  563.0
330.7889099121094  424.0
201.78790283203125  223.0
616.7509155273438  621.0
246.62588500976562  221.0
388.80670166015625  392.0
674.7008666992188  669.0
379.47576904296875  360.0
529.9375610351562  525.0
488.95953369140625  500.0
518.5519409179688  526.0
649.4662475585938  560.0
489.2934265136719  484.0
532.1947631835938  542.0
MSE : 1690.0612840185872
MAPE : 6.29620108824824
R2 Score : 0.8999356595401126
time : 1305.1044615919236
