315.99334716796875  331.0
372.54620361328125  392.0
601.9916381835938  669.0
546.3714599609375  555.0
566.9579467773438  563.0
219.9218292236328  254.0
610.6085815429688  668.0
528.9518432617188  481.0
562.2808227539062  552.0
554.76513671875  546.0
195.9520263671875  206.0
488.60992431640625  554.0
519.0447387695312  488.0
496.31671142578125  538.0
372.61236572265625  365.0
628.3688354492188  630.0
574.296630859375  577.0
512.1187133789062  528.0
302.88800048828125  243.0
664.6997680664062  595.0
408.35791015625  353.0
559.833251953125  658.0
257.6730041503906  313.0
295.0135192871094  308.0
316.4632568359375  298.0
485.8330078125  494.0
195.48692321777344  195.0
508.2561340332031  485.0
567.25  579.0
497.333251953125  493.0
497.1563720703125  481.0
229.0746612548828  152.0
574.2313232421875  590.0
320.3391418457031  349.0
505.1776123046875  507.0
605.7992553710938  580.0
580.0272216796875  458.0
533.7393798828125  492.0
276.14801025390625  300.0
529.0313720703125  500.0
370.2809143066406  360.0
636.1448364257812  493.0
648.9371948242188  550.0
530.9051513671875  484.0
542.6925048828125  650.0
390.6207580566406  374.0
451.3245849609375  444.0
365.178955078125  256.0
409.0445251464844  373.0
321.8742980957031  348.0
574.5227661132812  584.0
406.93328857421875  393.0
207.37522888183594  217.0
440.25494384765625  457.0
536.5389404296875  580.0
340.33441162109375  359.0
659.3060913085938  618.0
415.54742431640625  473.0
490.5433044433594  495.0
524.8460693359375  526.0
198.47157287597656  228.0
407.6687927246094  475.0
314.4472961425781  191.0
359.9783630371094  421.0
676.8101196289062  619.0
410.63848876953125  545.0
239.10940551757812  219.0
536.4238891601562  517.0
560.4418334960938  475.0
596.1716918945312  569.0
365.92144775390625  433.0
569.490478515625  513.0
540.1287841796875  523.0
539.7070922851562  532.0
408.453369140625  403.0
540.4525756835938  536.0
572.1657104492188  491.0
198.14163208007812  203.0
413.21234130859375  419.0
490.6960754394531  545.0
554.9014892578125  536.0
309.8084716796875  324.0
406.5502014160156  393.0
406.01470947265625  424.0
433.3899230957031  449.0
559.8858032226562  533.0
543.213623046875  530.0
578.9197387695312  606.0
567.8052368164062  545.0
347.817138671875  331.0
499.9803161621094  479.0
310.460693359375  321.0
554.271240234375  502.0
378.1355895996094  415.0
219.08895874023438  213.0
276.98431396484375  302.0
537.5783081054688  549.0
565.5704345703125  500.0
540.2962036132812  541.0
582.9077758789062  589.0
MSE : 2230.2573249210905
MAPE : 8.394594354951382
R2 Score : 0.8588738157409379
time : 1580.5627126779873
