396.5937805175781  321.0
539.2384643554688  584.0
488.1432189941406  568.0
234.830078125  302.0
229.5727081298828  348.0
536.5245971679688  493.0
367.1326599121094  324.0
259.03265380859375  393.0
232.2921905517578  293.0
526.4273681640625  527.0
372.2302551269531  318.0
596.4139404296875  584.0
397.9556579589844  403.0
498.80615234375  530.0
262.9496765136719  272.0
426.6928405761719  240.0
386.9941711425781  378.0
612.7389526367188  550.0
267.2383728027344  333.0
340.1444396972656  310.0
561.5763549804688  575.0
613.8290405273438  569.0
489.3695068359375  488.0
363.24700927734375  314.0
309.6446838378906  221.0
406.9810791015625  550.0
350.7611083984375  253.0
507.97796630859375  538.0
305.4713439941406  397.0
483.4601745605469  467.0
390.5050964355469  377.0
324.8976745605469  392.0
355.83575439453125  378.0
613.9065551757812  763.0
338.8379821777344  283.0
317.2451477050781  223.0
613.5330810546875  419.0
496.2359924316406  493.0
260.507080078125  209.0
529.8942260742188  563.0
613.8666381835938  763.0
567.884033203125  520.0
532.6676635742188  581.0
373.9664611816406  370.0
486.8687744140625  565.0
526.561279296875  520.0
265.58258056640625  270.0
325.0649719238281  194.0
412.2231140136719  318.0
386.6584167480469  398.0
485.8490905761719  526.0
483.36016845703125  773.0
395.41363525390625  411.0
333.74237060546875  379.0
247.850830078125  348.0
613.2327880859375  613.0
613.8074340820312  584.0
501.8793640136719  549.0
533.7352905273438  555.0
271.5225524902344  233.0
372.8847961425781  478.0
613.8120727539062  678.0
613.7645874023438  541.0
534.1974487304688  513.0
519.5925903320312  530.0
486.7999267578125  522.0
613.3279418945312  573.0
529.2074584960938  560.0
613.8446655273438  552.0
422.7494812011719  207.0
308.6681213378906  360.0
329.0800476074219  191.0
314.3622131347656  213.0
389.4413757324219  359.0
613.8555297851562  623.0
531.7114868164062  537.0
483.3084411621094  459.0
554.9143676757812  523.0
400.3539123535156  423.0
483.50482177734375  512.0
560.6576538085938  539.0
381.6382751464844  392.0
387.6255187988281  387.0
534.3359985351562  542.0
346.9275817871094  130.0
532.4236450195312  548.0
482.4440612792969  475.0
279.9805908203125  272.0
375.3426818847656  311.0
613.7669067382812  633.0
337.7381286621094  337.0
495.4234924316406  484.0
274.3486633300781  203.0
395.64080810546875  600.0
MSE : 6512.288800190118
MAPE : 16.89120958338392
R2 Score : 0.6770927404881601
time : 1092.7686818540096
