552.1677856445312  533.0
583.2083129882812  552.0
533.4140625  530.0
493.463623046875  500.0
516.9357299804688  522.0
379.4078063964844  384.0
552.2208862304688  569.0
596.7110595703125  765.0
299.14654541015625  239.0
299.134765625  251.0
504.06365966796875  538.0
415.6886901855469  387.0
528.39013671875  529.0
345.2474670410156  344.0
500.8106994628906  512.0
405.9461669921875  420.0
554.376953125  587.0
192.93479919433594  203.0
542.7608642578125  551.0
368.4332275390625  389.0
435.6876525878906  411.0
236.95542907714844  217.0
386.4190673828125  394.0
556.73876953125  538.0
597.7855224609375  573.0
521.540771484375  517.0
559.0173950195312  600.0
506.5294189453125  577.0
517.3623046875  503.0
577.1268310546875  562.0
285.4933166503906  195.0
531.1387939453125  554.0
554.0250854492188  566.0
564.64404296875  560.0
291.6322937011719  278.0
581.6892700195312  653.0
558.8150024414062  552.0
294.9606628417969  304.0
401.1023254394531  363.0
305.52392578125  207.0
389.5594177246094  482.0
528.1727294921875  545.0
566.1002197265625  568.0
376.7719421386719  409.0
601.15673828125  584.0
515.85986328125  493.0
194.3268280029297  203.0
527.0625610351562  508.0
188.79908752441406  216.0
322.3457336425781  199.0
595.9319458007812  649.0
189.86618041992188  195.0
338.6012878417969  343.0
372.00482177734375  433.0
567.2469482421875  551.0
511.5086364746094  534.0
704.0951538085938  583.0
563.2507934570312  535.0
597.5968017578125  624.0
607.222900390625  604.0
578.262451171875  548.0
514.0279541015625  503.0
370.3148498535156  373.0
582.1484375  592.0
341.3229064941406  330.0
508.4262390136719  505.0
512.5706176757812  532.0
623.768310546875  547.0
503.9772033691406  481.0
353.7625427246094  401.0
309.0078125  249.0
370.9652404785156  388.0
541.8640747070312  549.0
503.4102478027344  474.0
372.40911865234375  359.0
395.1802673339844  378.0
298.89520263671875  253.0
548.5462036132812  550.0
485.1557922363281  473.0
370.104248046875  353.0
352.7024841308594  378.0
705.6041259765625  595.0
500.919921875  530.0
390.336181640625  396.0
481.0958251953125  459.0
323.9237976074219  378.0
521.8544311523438  563.0
313.97491455078125  424.0
284.51666259765625  223.0
586.5032348632812  621.0
206.24842834472656  221.0
442.75872802734375  392.0
605.5402221679688  669.0
375.5282897949219  360.0
546.9523315429688  525.0
486.85205078125  500.0
516.1320190429688  526.0
554.7311401367188  560.0
507.00274658203125  484.0
543.7491455078125  542.0
MSE : 1875.575418299085
MAPE : 7.708949783705638
R2 Score : 0.8889518273747928
time : 686.861957545043
