718.9124755859375  763.0
587.2445678710938  773.0
551.374267578125  584.0
532.6522216796875  584.0
427.1382141113281  423.0
532.3930053710938  533.0
288.0085754394531  300.0
507.7160949707031  531.0
546.3900146484375  458.0
317.292236328125  269.0
549.3456420898438  522.0
550.511474609375  568.0
354.9566650390625  409.0
382.55780029296875  385.0
530.4246215820312  519.0
576.6332397460938  557.0
537.1297607421875  541.0
529.1315307617188  557.0
557.7535400390625  545.0
328.53143310546875  433.0
234.43621826171875  310.0
321.9194030761719  389.0
478.3196716308594  488.0
291.7496643066406  265.0
234.1875762939453  324.0
577.777587890625  563.0
234.0164031982422  196.0
561.9902954101562  527.0
233.9599151611328  213.0
634.3909912109375  520.0
340.7457275390625  370.0
234.69973754882812  330.0
607.1568603515625  589.0
320.1082763671875  373.0
234.18666076660156  220.0
234.5633087158203  253.0
560.1558837890625  581.0
322.6708679199219  359.0
353.51373291015625  393.0
555.1450805664062  535.0
255.53134155273438  266.0
515.8601684570312  470.0
323.10986328125  191.0
443.543701171875  503.0
478.0762939453125  618.0
234.1785888671875  233.0
504.72650146484375  498.0
487.0240478515625  517.0
247.0785369873047  253.0
522.1663208007812  529.0
502.7644348144531  474.0
494.8306579589844  494.0
348.3812255859375  333.0
234.25770568847656  315.0
234.73080444335938  243.0
578.66943359375  545.0
558.9963989257812  581.0
487.28564453125  501.0
538.0704956054688  599.0
550.4496459960938  509.0
523.4342041015625  478.0
536.5084838867188  581.0
334.4182434082031  345.0
554.0103759765625  538.0
234.0497283935547  239.0
645.7743530273438  630.0
566.9557495117188  583.0
528.4939575195312  530.0
554.544677734375  604.0
537.6800537109375  530.0
433.6548767089844  419.0
234.34608459472656  130.0
356.4083557128906  420.0
579.5733032226562  653.0
234.08509826660156  197.0
233.9540252685547  190.0
233.97288513183594  192.0
234.17076110839844  203.0
327.0146179199219  392.0
256.2551574707031  308.0
234.26829528808594  211.0
565.745849609375  565.0
422.8453674316406  449.0
508.32904052734375  525.0
547.3898315429688  551.0
358.1983337402344  368.0
234.1360321044922  324.0
625.5478515625  500.0
227.67532348632812  217.0
526.1122436523438  685.0
356.7371826171875  374.0
322.517333984375  401.0
540.4194946289062  539.0
719.6093139648438  643.0
234.15211486816406  241.0
632.1052856445312  482.0
510.750244140625  606.0
590.0921020507812  618.0
335.3910827636719  393.0
354.5353698730469  395.0
MSE : 3203.35007963093
MAPE : 10.708094438533045
R2 Score : 0.8472411264754824
time : 3325.114050904056
