733.3297119140625  763.0
591.8828125  773.0
532.5263671875  584.0
547.0822143554688  584.0
426.267333984375  423.0
517.9939575195312  533.0
369.51873779296875  300.0
544.69091796875  531.0
491.4610595703125  458.0
302.5975646972656  269.0
562.0718994140625  522.0
561.9491577148438  517.0
306.0958557128906  409.0
385.6231689453125  385.0
503.8299865722656  519.0
548.2615966796875  557.0
559.0076904296875  541.0
521.46044921875  557.0
625.0286865234375  545.0
397.22003173828125  433.0
282.2503356933594  310.0
414.4217529296875  392.0
487.2575988769531  488.0
349.6148376464844  265.0
317.52520751953125  324.0
493.0528869628906  563.0
197.1510009765625  196.0
528.9072875976562  527.0
181.318603515625  213.0
510.2367248535156  520.0
395.1576843261719  370.0
338.6251525878906  330.0
560.8903198242188  589.0
315.5168151855469  373.0
234.8563232421875  220.0
229.52401733398438  253.0
533.6976928710938  581.0
362.6932067871094  359.0
320.1808166503906  393.0
545.12744140625  535.0
308.5576477050781  266.0
487.0851135253906  470.0
312.9237976074219  191.0
513.0802612304688  503.0
522.7694091796875  618.0
247.6041259765625  233.0
460.8283386230469  498.0
255.0108184814453  253.0
523.696533203125  529.0
493.3132629394531  474.0
495.638427734375  494.0
311.3725891113281  333.0
295.4350280761719  315.0
228.86854553222656  243.0
567.5178833007812  545.0
551.9371948242188  581.0
493.8282165527344  501.0
509.2610168457031  599.0
520.8655395507812  509.0
530.5792846679688  478.0
525.1180419921875  581.0
331.9180603027344  345.0
583.9967041015625  538.0
245.90118408203125  239.0
554.2781982421875  630.0
644.7716674804688  583.0
547.2333374023438  530.0
549.02783203125  604.0
517.2836303710938  530.0
441.8468933105469  419.0
194.482177734375  130.0
337.7366943359375  420.0
633.91357421875  653.0
211.68331909179688  197.0
191.00253295898438  190.0
216.1074981689453  192.0
213.65245056152344  203.0
344.9942932128906  308.0
227.31204223632812  211.0
555.7262573242188  565.0
449.92779541015625  449.0
527.1409912109375  525.0
567.929443359375  551.0
380.2510681152344  368.0
311.1261291503906  324.0
508.3287048339844  500.0
226.431884765625  217.0
644.1919555664062  685.0
412.8794860839844  374.0
412.6125183105469  393.0
509.632568359375  539.0
622.5341186523438  643.0
310.8910217285156  241.0
505.738525390625  482.0
551.2699584960938  606.0
547.88671875  618.0
394.0451354980469  395.0
MSE : 1960.3162807298095
MAPE : 8.156811915481118
R2 Score : 0.9084253505923106
time : 1034.5537981099915
