232.35337829589844  241.0
191.1437530517578  191.0
600.6429443359375  763.0
332.09088134765625  425.0
228.00506591796875  213.0
492.19329833984375  499.0
521.1593017578125  653.0
525.9970703125  565.0
420.0268859863281  440.0
552.712646484375  515.0
563.628662109375  534.0
579.8565673828125  569.0
622.9970703125  618.0
531.3847045898438  503.0
526.3662109375  584.0
532.5389404296875  533.0
369.894287109375  409.0
565.819580078125  545.0
324.0481262207031  330.0
557.92919921875  539.0
565.6589965820312  538.0
595.9616088867188  550.0
516.4766845703125  499.0
381.5000915527344  398.0
553.4435424804688  584.0
353.6709899902344  378.0
253.47183227539062  187.0
205.3177947998047  192.0
383.88446044921875  355.0
497.5292053222656  493.0
544.1951904296875  555.0
385.8330078125  384.0
336.4529724121094  243.0
500.88525390625  512.0
574.8648681640625  556.0
629.3501586914062  593.0
586.1925048828125  557.0
274.4610900878906  344.0
568.8995361328125  527.0
323.73602294921875  281.0
537.1004638671875  508.0
228.98800659179688  211.0
527.5145874023438  549.0
512.27294921875  492.0
562.978759765625  577.0
368.7694091796875  360.0
616.7171630859375  589.0
311.0035400390625  233.0
557.3235473632812  484.0
595.8345336914062  569.0
339.9893493652344  380.0
365.9327392578125  376.0
216.07334899902344  197.0
367.2952575683594  475.0
500.68292236328125  459.0
365.8023376464844  311.0
523.317138671875  541.0
425.91436767578125  420.0
377.3804626464844  392.0
553.9849243164062  550.0
236.0307159423828  206.0
450.4383239746094  411.0
554.9442138671875  497.0
532.3497314453125  557.0
257.2294921875  251.0
236.4710235595703  325.0
379.2469177246094  362.0
578.6265869140625  626.0
273.57147216796875  293.0
580.91015625  401.0
397.87762451171875  423.0
196.6499786376953  194.0
285.8795471191406  308.0
518.0772705078125  523.0
573.1124267578125  545.0
238.425537109375  239.0
580.704833984375  419.0
271.3511047363281  270.0
221.67581176757812  319.0
523.1898193359375  273.0
375.7853698730469  417.0
338.59698486328125  378.0
525.1832275390625  658.0
163.9820556640625  366.0
565.8736572265625  618.0
587.4517822265625  501.0
377.38592529296875  363.0
560.6416015625  551.0
302.14349365234375  253.0
334.7195739746094  318.0
286.6416320800781  331.0
495.7772521972656  535.0
549.2213745117188  508.0
429.5657653808594  478.0
629.5989379882812  503.0
165.56307983398438  204.0
429.6007385253906  545.0
624.894287109375  566.0
619.4645385742188  449.0
633.203369140625  547.0
MSE : 4311.368535860039
MAPE : 11.248202514315432
R2 Score : 0.7551345190859713
time : 1211.8906476789853
