534.8884887695312  533.0
563.4292602539062  552.0
537.3422241210938  530.0
489.7972106933594  500.0
514.4909057617188  522.0
299.51226806640625  384.0
522.5840454101562  569.0
603.3797607421875  765.0
296.0888671875  239.0
321.67724609375  251.0
465.58782958984375  538.0
336.5649108886719  387.0
534.1051025390625  529.0
325.979736328125  344.0
485.6436767578125  512.0
455.873779296875  420.0
547.62939453125  587.0
235.37014770507812  203.0
509.2193298339844  551.0
414.78021240234375  389.0
471.41912841796875  411.0
227.9333953857422  217.0
356.7789306640625  394.0
579.0572509765625  538.0
602.5748291015625  573.0
483.3468933105469  517.0
526.3637084960938  600.0
525.760986328125  577.0
520.0748901367188  503.0
538.1728515625  562.0
294.6973571777344  195.0
552.1236572265625  554.0
539.1820068359375  566.0
576.4815673828125  560.0
305.1383361816406  278.0
581.2677001953125  653.0
563.7644653320312  552.0
312.0  304.0
319.48736572265625  363.0
343.3138122558594  207.0
324.6595153808594  482.0
539.5084228515625  545.0
547.9832153320312  568.0
282.6630859375  409.0
598.74658203125  584.0
519.024658203125  493.0
235.08682250976562  203.0
498.53546142578125  508.0
371.8453369140625  216.0
284.6387634277344  199.0
594.205322265625  649.0
269.4566650390625  195.0
378.452392578125  343.0
293.7379150390625  433.0
545.7977905273438  551.0
495.7294921875  534.0
594.4485473632812  583.0
544.153076171875  535.0
565.2694702148438  624.0
590.8455810546875  604.0
468.4911804199219  548.0
529.4371948242188  503.0
295.210205078125  373.0
631.4561767578125  592.0
394.3836669921875  330.0
493.382080078125  505.0
517.17626953125  532.0
459.249267578125  547.0
498.245361328125  481.0
387.88629150390625  401.0
341.2704162597656  249.0
437.6824951171875  388.0
512.315185546875  549.0
505.34259033203125  474.0
409.043212890625  359.0
303.9673767089844  378.0
337.6549987792969  253.0
529.0455932617188  550.0
490.1560974121094  473.0
311.2748718261719  353.0
315.84368896484375  378.0
359.2908020019531  595.0
419.8775329589844  530.0
432.1376037597656  396.0
490.09027099609375  459.0
298.71240234375  378.0
527.6966552734375  563.0
322.248291015625  424.0
288.24273681640625  223.0
590.0104370117188  621.0
369.3558044433594  221.0
347.6668395996094  392.0
588.4656982421875  669.0
306.91912841796875  360.0
548.0718994140625  525.0
477.6665954589844  500.0
523.8743896484375  526.0
332.85638427734375  560.0
488.6197204589844  484.0
538.67333984375  542.0
MSE : 4648.022730500943
MAPE : 13.33882117511948
R2 Score : 0.7248020924636325
time : 1233.327534868964
