685.8880004882812  763.0
601.0892333984375  773.0
537.7600708007812  584.0
577.9066772460938  584.0
460.86614990234375  423.0
516.4744873046875  533.0
263.3723449707031  300.0
530.8268432617188  531.0
511.8446960449219  458.0
320.8980712890625  269.0
540.7763061523438  522.0
579.7785034179688  568.0
408.6022033691406  409.0
371.3858642578125  385.0
528.248291015625  519.0
622.243896484375  557.0
497.5944519042969  541.0
533.423828125  557.0
554.4066162109375  545.0
378.8665771484375  433.0
285.4202880859375  310.0
397.2490539550781  389.0
493.5263671875  488.0
342.7385559082031  265.0
298.12030029296875  324.0
576.352294921875  563.0
234.14996337890625  196.0
551.361572265625  527.0
187.7276611328125  213.0
506.1003112792969  520.0
388.8429260253906  370.0
305.3202209472656  330.0
567.62451171875  589.0
406.2797546386719  373.0
234.30577087402344  220.0
261.0797119140625  253.0
570.333251953125  581.0
354.84649658203125  359.0
388.5845031738281  393.0
635.2557373046875  535.0
242.7656707763672  266.0
485.0301818847656  470.0
196.83517456054688  191.0
447.786865234375  503.0
524.0916748046875  618.0
242.06393432617188  233.0
487.64068603515625  498.0
544.3510131835938  517.0
304.2951354980469  253.0
504.3120422363281  529.0
502.4158935546875  474.0
484.4391174316406  494.0
361.2344055175781  333.0
292.31304931640625  315.0
274.578369140625  243.0
564.7080078125  545.0
541.3603515625  581.0
496.7832336425781  501.0
492.2664794921875  599.0
543.079833984375  509.0
585.7059326171875  478.0
544.7449951171875  581.0
333.6039123535156  345.0
562.6324462890625  538.0
272.5213317871094  239.0
595.3320922851562  630.0
596.3341674804688  583.0
561.29833984375  530.0
546.8290405273438  604.0
533.7107543945312  530.0
469.3206481933594  419.0
233.69949340820312  130.0
482.469482421875  420.0
661.5804443359375  653.0
232.22628784179688  197.0
213.36798095703125  190.0
235.10147094726562  192.0
228.96905517578125  203.0
412.5038757324219  392.0
333.04901123046875  308.0
219.32481384277344  211.0
570.2900390625  565.0
477.4012756347656  449.0
527.1837158203125  525.0
562.55908203125  551.0
351.3734436035156  368.0
291.5062255859375  324.0
511.2918395996094  500.0
236.45230102539062  217.0
569.5701904296875  685.0
404.1094665527344  374.0
401.8046875  401.0
492.0521240234375  539.0
629.63720703125  643.0
190.9104766845703  241.0
527.6517333984375  482.0
579.2305908203125  606.0
577.87451171875  618.0
416.3090515136719  393.0
388.4877624511719  395.0
MSE : 1848.9870880528727
MAPE : 8.282921253846622
R2 Score : 0.9118269381394378
time : 3004.030757411965
