495.43011474609375  494.0
555.6329345703125  527.0
354.3750305175781  344.0
287.3050231933594  241.0
578.8810424804688  528.0
452.78802490234375  415.0
547.9720458984375  555.0
666.0676879882812  560.0
570.828369140625  563.0
586.2728271484375  604.0
384.64434814453125  475.0
679.0714721679688  653.0
364.0345153808594  478.0
321.7841796875  324.0
325.8673400878906  409.0
311.69854736328125  315.0
593.0711059570312  573.0
246.31825256347656  254.0
509.15948486328125  488.0
603.7222900390625  650.0
577.01806640625  573.0
588.6680297851562  616.0
507.40679931640625  520.0
541.734619140625  536.0
403.796630859375  396.0
337.4421081542969  321.0
335.05426025390625  344.0
372.37359619140625  393.0
228.7359161376953  363.0
203.74928283691406  196.0
493.7278137207031  475.0
574.121337890625  562.0
273.9060363769531  229.0
330.3659362792969  265.0
576.9703979492188  557.0
535.1470947265625  521.0
148.27818298339844  213.0
440.6138610839844  419.0
212.8824462890625  272.0
326.664794921875  335.0
576.6275634765625  550.0
482.93463134765625  472.0
513.72607421875  529.0
263.25372314453125  397.0
549.8954467773438  531.0
407.97991943359375  433.0
518.7236328125  449.0
480.84478759765625  488.0
385.87445068359375  359.0
322.0809631347656  330.0
420.4621887207031  459.0
540.3555908203125  533.0
373.63641357421875  420.0
418.69415283203125  548.0
280.13128662109375  331.0
567.072265625  579.0
322.2101135253906  199.0
678.7595825195312  763.0
207.87001037597656  203.0
423.25152587890625  392.0
292.0947265625  320.0
250.6595458984375  315.0
569.1210327148438  593.0
615.1919555664062  603.0
525.3867797851562  520.0
496.2880859375  419.0
384.3511962890625  385.0
380.7027587890625  416.0
393.63330078125  393.0
518.2980346679688  512.0
550.2466430664062  551.0
272.00921630859375  191.0
556.9026489257812  555.0
524.34619140625  565.0
328.6443786621094  355.0
567.4680786132812  606.0
302.8602600097656  226.0
488.1536560058594  485.0
369.346923828125  379.0
576.2657470703125  545.0
625.1090087890625  568.0
491.3818054199219  478.0
483.9338073730469  484.0
516.4884643554688  490.0
426.90673828125  419.0
417.6528625488281  417.0
612.9182739257812  613.0
617.2054443359375  616.0
520.2073974609375  523.0
231.4914093017578  218.0
281.0104064941406  272.0
540.2396240234375  545.0
283.640625  358.0
474.7047424316406  479.0
621.1036376953125  606.0
545.4979248046875  554.0
346.60626220703125  420.0
408.995849609375  423.0
314.8457336425781  343.0
205.48544311523438  273.0
MSE : 2097.021683677989
MAPE : 8.465844186465713
R2 Score : 0.8656741110787651
time : 3118.8807542700088
