495.7588195800781  493.0
349.1103820800781  315.0
222.7697296142578  228.0
608.4974365234375  633.0
197.56431579589844  195.0
216.1441650390625  228.0
516.1495971679688  536.0
514.592041015625  545.0
495.4837341308594  520.0
233.10621643066406  272.0
329.56719970703125  324.0
555.3475341796875  584.0
540.75634765625  554.0
248.87843322753906  330.0
410.2630920410156  393.0
355.6771545410156  425.0
257.53546142578125  278.0
612.857666015625  773.0
392.5216979980469  401.0
743.6212768554688  763.0
218.01695251464844  209.0
517.87158203125  537.0
403.33355712890625  388.0
318.9510803222656  324.0
208.2679901123047  203.0
538.2282104492188  535.0
374.2297058105469  325.0
371.7826843261719  363.0
559.98046875  587.0
538.5449829101562  550.0
482.9096984863281  481.0
553.2138061523438  555.0
337.2234802246094  187.0
251.5287628173828  249.0
325.3464050292969  348.0
489.8886413574219  475.0
427.16375732421875  475.0
208.0614776611328  397.0
404.1458435058594  409.0
505.0926208496094  509.0
171.37110900878906  196.0
511.5672912597656  525.0
542.5057983398438  517.0
572.9502563476562  557.0
510.50152587890625  534.0
317.8029479980469  279.0
384.63525390625  398.0
520.231201171875  473.0
393.1264953613281  374.0
486.0666198730469  522.0
367.2392578125  410.0
527.259033203125  531.0
572.665283203125  613.0
314.0864562988281  308.0
531.8197021484375  527.0
513.6258544921875  517.0
631.1170654296875  618.0
418.9737854003906  392.0
500.20611572265625  507.0
379.7367248535156  373.0
374.4565734863281  374.0
225.9148712158203  293.0
402.0140075683594  363.0
346.5389099121094  421.0
333.3846435546875  241.0
524.9207153320312  521.0
277.54962158203125  331.0
184.8872528076172  197.0
544.8113403320312  581.0
511.4533996582031  508.0
442.9389343261719  459.0
324.3306579589844  415.0
263.9999084472656  366.0
525.4354248046875  538.0
699.6609497070312  765.0
286.3349914550781  344.0
209.8418426513672  302.0
336.8424987792969  378.0
335.4830322265625  295.0
550.5924682617188  563.0
361.3639831542969  373.0
370.7228698730469  393.0
487.9437561035156  520.0
526.3135986328125  565.0
265.4699401855469  270.0
697.1630859375  632.0
450.3155822753906  440.0
550.2633056640625  569.0
496.8742370605469  419.0
442.0357360839844  419.0
488.4858093261719  472.0
561.1661376953125  573.0
413.5101623535156  360.0
544.393798828125  561.0
196.95260620117188  194.0
503.7449645996094  491.0
337.6974182128906  320.0
547.7472534179688  552.0
372.125244140625  379.0
MSE : 2060.9297827733585
MAPE : 7.965631329361616
R2 Score : 0.8832752790854338
time : 2185.0483355120523
