746.5855712890625  763.0
591.5115356445312  773.0
496.8104248046875  584.0
552.6362915039062  584.0
392.2916564941406  423.0
496.5807800292969  533.0
272.07586669921875  300.0
500.9074401855469  531.0
465.2242126464844  458.0
272.34765625  269.0
542.4986572265625  522.0
539.2155151367188  568.0
430.2195739746094  409.0
424.63916015625  385.0
501.6384582519531  519.0
640.5969848632812  557.0
531.0496826171875  541.0
546.1366577148438  557.0
587.5484619140625  545.0
351.3146057128906  433.0
205.46759033203125  310.0
357.0075378417969  389.0
477.068359375  488.0
292.15948486328125  265.0
272.3439025878906  324.0
590.2879638671875  563.0
171.3553009033203  196.0
543.58251953125  527.0
169.65538024902344  213.0
554.3931884765625  520.0
352.4717712402344  370.0
272.3658142089844  330.0
584.96826171875  589.0
398.2679748535156  373.0
217.34982299804688  220.0
219.48606872558594  253.0
568.166015625  581.0
351.3396301269531  359.0
427.02679443359375  393.0
591.3466796875  535.0
272.298828125  266.0
547.462890625  470.0
272.2076416015625  191.0
427.4625244140625  503.0
502.4478454589844  618.0
272.1395263671875  233.0
446.6180114746094  498.0
498.0200500488281  517.0
272.05609130859375  253.0
533.7340087890625  529.0
491.3688659667969  474.0
478.3927307128906  494.0
351.5179138183594  333.0
207.75694274902344  315.0
272.2414855957031  243.0
553.0548706054688  545.0
535.952392578125  581.0
476.9961242675781  501.0
512.9119262695312  599.0
513.40771484375  509.0
639.0571899414062  478.0
555.4642944335938  581.0
431.9526672363281  345.0
543.3411254882812  538.0
217.46238708496094  239.0
599.8256225585938  630.0
557.9641723632812  583.0
508.42913818359375  530.0
599.0142211914062  604.0
538.912841796875  530.0
429.0966491699219  419.0
212.103515625  130.0
431.5168762207031  420.0
598.5931396484375  653.0
171.67141723632812  197.0
211.39706420898438  190.0
171.12686157226562  192.0
192.65830993652344  203.0
353.9765625  392.0
272.29034423828125  308.0
215.25379943847656  211.0
516.9993896484375  565.0
535.8787231445312  449.0
477.8390808105469  525.0
536.8536987304688  551.0
438.9615783691406  368.0
214.39671325683594  324.0
553.1531372070312  500.0
194.4298858642578  217.0
585.763671875  685.0
425.1240234375  374.0
374.8472900390625  401.0
519.817626953125  539.0
744.4235229492188  643.0
190.73489379882812  241.0
556.62109375  482.0
604.689208984375  606.0
593.145751953125  618.0
355.3326416015625  393.0
431.5767822265625  395.0
MSE : 2741.609483208966
MAPE : 10.146489368103808
R2 Score : 0.8692602538317047
time : 1871.4513667530846
