539.3334350585938  509.0
422.07891845703125  420.0
379.91986083984375  333.0
531.1461181640625  520.0
372.10125732421875  362.0
469.0758056640625  618.0
549.8851318359375  565.0
553.64013671875  678.0
278.3681335449219  253.0
567.2426147460938  577.0
404.8771057128906  396.0
405.8406066894531  421.0
529.8426513671875  488.0
367.520263671875  315.0
272.1312561035156  293.0
537.5714721679688  569.0
198.6630096435547  192.0
309.1321105957031  330.0
264.813232421875  268.0
385.21807861328125  311.0
515.9805297851562  508.0
248.3238067626953  239.0
551.9659423828125  685.0
373.5390625  398.0
605.0233154296875  616.0
595.1079711914062  569.0
485.6731872558594  479.0
517.8094482421875  531.0
298.0669860839844  315.0
546.3131103515625  519.0
574.64501953125  563.0
212.50169372558594  203.0
557.015380859375  618.0
549.2261962890625  449.0
576.3699340820312  580.0
551.2630615234375  529.0
381.0187683105469  187.0
376.4546203613281  373.0
275.01904296875  233.0
253.3238067626953  251.0
256.6887512207031  283.0
560.27099609375  584.0
348.80224609375  348.0
350.5636291503906  333.0
350.7040100097656  378.0
564.2533569335938  590.0
374.1354675292969  379.0
198.6468963623047  196.0
530.4510498046875  533.0
514.7880249023438  519.0
337.6114196777344  425.0
313.5640869140625  281.0
540.0946655273438  554.0
533.9137573242188  773.0
593.6736450195312  550.0
580.6279907226562  566.0
586.5355834960938  458.0
382.8002014160156  416.0
389.3699645996094  393.0
158.00816345214844  203.0
586.56103515625  579.0
498.4014587402344  549.0
340.2467346191406  327.0
316.5213928222656  318.0
565.2955322265625  419.0
549.9765014648438  593.0
309.62518310546875  279.0
226.75013732910156  304.0
384.3292541503906  373.0
486.6340637207031  484.0
263.322998046875  300.0
372.2620849609375  392.0
553.8536987304688  503.0
671.2029418945312  595.0
369.3083190917969  384.0
251.38589477539062  243.0
212.51116943359375  225.0
555.7057495117188  541.0
315.79461669921875  344.0
716.984375  763.0
489.05145263671875  486.0
558.1947021484375  554.0
537.9070434570312  529.0
534.4144287109375  561.0
224.93019104003906  348.0
413.811767578125  273.0
551.2918701171875  584.0
548.666259765625  508.0
504.4526672363281  520.0
347.3277893066406  365.0
628.1072387695312  563.0
413.74981689453125  423.0
333.6767578125  349.0
563.157470703125  538.0
594.74560546875  493.0
497.7622375488281  523.0
609.0930786132812  493.0
564.2373046875  559.0
636.3345336914062  551.0
488.5999450683594  473.0
MSE : 3425.5565426259955
MAPE : 9.247282399603353
R2 Score : 0.8112522585438711
time : 1331.9214066059794
