576.42529296875  550.0
578.96728515625  643.0
243.6255340576172  283.0
405.1158142089844  319.0
211.42333984375  221.0
312.1006774902344  330.0
481.2264709472656  485.0
551.7686767578125  520.0
242.8450927734375  269.0
173.2510223388672  152.0
367.5459899902344  373.0
537.8800659179688  508.0
551.5148315429688  495.0
567.8890380859375  565.0
328.14630126953125  293.0
518.9911499023438  539.0
239.96627807617188  390.0
225.6793975830078  270.0
342.20635986328125  308.0
235.44534301757812  188.0
540.2368774414062  522.0
530.2747192382812  538.0
599.9238891601562  559.0
420.161865234375  401.0
413.2397155761719  393.0
547.1461181640625  526.0
590.6986694335938  566.0
557.6978759765625  561.0
358.3989562988281  349.0
321.38818359375  348.0
417.0575256347656  407.0
400.2735595703125  330.0
346.5724792480469  199.0
563.1563110351562  493.0
431.4836120605469  387.0
389.0180358886719  293.0
604.58740234375  566.0
592.4015502929688  626.0
315.91302490234375  324.0
612.143310546875  621.0
253.0159912109375  228.0
316.9696350097656  324.0
187.43470764160156  206.0
293.92608642578125  419.0
527.5997314453125  508.0
586.6478271484375  560.0
500.6671447753906  440.0
589.712158203125  568.0
543.925048828125  482.0
456.578125  363.0
546.05078125  491.0
298.00921630859375  266.0
607.2525634765625  623.0
378.2875671386719  389.0
554.4931030273438  542.0
513.1226806640625  481.0
532.49267578125  529.0
584.8963623046875  587.0
604.3900146484375  630.0
507.8920593261719  600.0
274.47393798828125  376.0
323.7759704589844  409.0
613.750732421875  673.0
293.0312194824219  378.0
608.247314453125  569.0
398.2643127441406  500.0
563.3058471679688  536.0
555.1908569335938  551.0
553.141357421875  484.0
275.38128662109375  239.0
371.4796142578125  363.0
458.1668395996094  484.0
314.03228759765625  324.0
612.790283203125  616.0
591.6094360351562  552.0
559.438720703125  493.0
595.8475952148438  556.0
361.3026123046875  539.0
369.17681884765625  348.0
256.4296875  259.0
296.8048095703125  362.0
533.3519287109375  483.0
588.6611328125  579.0
526.1119995117188  513.0
313.34759521484375  195.0
357.6170654296875  344.0
269.2706604003906  229.0
374.6100158691406  417.0
381.6582336425781  353.0
536.638671875  519.0
237.912109375  194.0
314.78668212890625  318.0
505.02838134765625  488.0
217.5145721435547  203.0
543.943115234375  545.0
289.6204528808594  343.0
552.8466796875  520.0
606.4375610351562  773.0
581.9700927734375  536.0
602.5697631835938  569.0
MSE : 3003.1821024973433
MAPE : 10.60872631060828
R2 Score : 0.8326313059870988
time : 593.3950062140357
