255.0755157470703  241.0
373.55242919921875  191.0
669.8328247070312  763.0
339.1695251464844  425.0
204.31246948242188  213.0
508.64642333984375  499.0
658.9619750976562  653.0
559.2239990234375  565.0
463.91754150390625  440.0
511.94854736328125  515.0
513.4110107421875  534.0
586.697265625  569.0
648.6112060546875  569.0
530.7235717773438  503.0
572.5322265625  584.0
526.794189453125  533.0
371.9825439453125  409.0
540.927490234375  545.0
292.3529357910156  330.0
498.16021728515625  539.0
547.7613525390625  538.0
573.3641357421875  550.0
490.6062927246094  499.0
365.8507080078125  398.0
535.2708740234375  584.0
368.6483154296875  378.0
292.6340637207031  187.0
199.7601776123047  192.0
349.0581970214844  355.0
500.9534606933594  493.0
521.6033935546875  549.0
385.9046630859375  384.0
237.49913024902344  243.0
483.43975830078125  512.0
541.353515625  556.0
641.6044921875  593.0
577.21337890625  557.0
336.0923767089844  344.0
518.7293701171875  527.0
287.8008728027344  281.0
537.5492553710938  508.0
222.074462890625  211.0
489.77587890625  492.0
562.9926147460938  577.0
384.5556640625  360.0
577.8851318359375  626.0
236.1832275390625  233.0
512.726318359375  484.0
388.04217529296875  380.0
370.50726318359375  376.0
211.49644470214844  197.0
434.2722473144531  475.0
494.12164306640625  459.0
223.64857482910156  311.0
497.7086181640625  541.0
409.7572937011719  420.0
387.2428283691406  392.0
547.1956176757812  550.0
224.8680877685547  206.0
424.575439453125  411.0
502.3218994140625  497.0
521.2138061523438  557.0
281.2832336425781  270.0
310.7038879394531  325.0
356.7481689453125  362.0
272.8284606933594  293.0
412.4333190917969  401.0
434.7369384765625  423.0
199.4372100830078  194.0
323.98101806640625  308.0
538.5646362304688  523.0
540.7752685546875  545.0
258.5207824707031  239.0
425.7012023925781  419.0
261.11639404296875  319.0
6.797290802001953  273.0
376.5341796875  417.0
312.571044921875  378.0
592.6954956054688  658.0
307.84539794921875  366.0
543.7999267578125  618.0
500.9344787597656  501.0
434.6058349609375  363.0
536.2803344726562  551.0
260.6214294433594  253.0
325.0419921875  318.0
283.72454833984375  331.0
514.8372192382812  535.0
509.5013732910156  508.0
445.5740661621094  478.0
502.0087890625  503.0
192.1352996826172  204.0
548.8427124023438  545.0
567.0779418945312  566.0
480.26513671875  449.0
630.1216430664062  547.0
MSE : 2242.5122861480304
MAPE : 7.918870291217331
R2 Score : 0.8699231444915342
time : 1762.6055876399623
