341.2869567871094  225.0
538.44677734375  569.0
530.3928833007812  545.0
525.901123046875  481.0
308.4043884277344  206.0
468.7829284667969  678.0
572.0319213867188  653.0
537.0228881835938  490.0
289.1630554199219  213.0
224.31039428710938  320.0
506.6981506347656  488.0
297.61419677734375  270.0
350.08587646484375  302.0
352.38177490234375  378.0
569.9667358398438  568.0
550.0283813476562  520.0
558.7931518554688  560.0
504.3226318359375  580.0
312.813232421875  315.0
546.3401489257812  420.0
562.9769897460938  444.0
441.7583923339844  410.0
549.9881591796875  773.0
496.2231140136719  482.0
379.3445739746094  410.0
331.4783020019531  223.0
537.6477661132812  508.0
626.1847534179688  668.0
257.8762512207031  241.0
493.6654968261719  481.0
578.9368286132812  550.0
567.6473999023438  580.0
292.2279357910156  359.0
544.3043212890625  587.0
409.6581726074219  256.0
213.634033203125  207.0
224.57772827148438  217.0
406.3116455078125  600.0
198.8048553466797  152.0
455.0373840332031  407.0
541.4500122070312  618.0
590.6923217773438  619.0
525.7859497070312  388.0
233.6321258544922  233.0
493.25616455078125  548.0
364.1073913574219  353.0
513.228271484375  650.0
332.1864013671875  413.0
314.32757568359375  415.0
342.29278564453125  409.0
522.3336181640625  494.0
580.41650390625  562.0
520.2976684570312  584.0
602.4354858398438  603.0
571.0172729492188  542.0
580.3019409179688  579.0
580.1597900390625  649.0
408.1749267578125  363.0
539.6946411132812  508.0
566.991943359375  512.0
320.70068359375  409.0
497.4626770019531  521.0
497.7718811035156  520.0
263.6263732910156  349.0
542.6845703125  590.0
276.1069641113281  191.0
322.0854797363281  378.0
316.3243408203125  324.0
581.274169921875  580.0
558.0233764648438  530.0
454.29656982421875  397.0
226.7692108154297  301.0
212.2917022705078  204.0
489.939453125  472.0
236.19374084472656  272.0
282.5511779785156  379.0
552.3748168945312  658.0
614.4072875976562  590.0
308.5282287597656  267.0
579.1244506835938  569.0
194.3831787109375  173.0
313.29364013671875  380.0
620.375244140625  606.0
366.2832336425781  315.0
381.98040771484375  425.0
516.0804443359375  531.0
523.3787231445312  526.0
528.1325073242188  564.0
501.20263671875  503.0
301.7294006347656  259.0
465.6417236328125  457.0
604.4937744140625  574.0
349.7265625  417.0
321.3937072753906  327.0
523.5409545898438  508.0
324.6481018066406  416.0
608.2171020507812  592.0
MSE : 4649.020448161052
MAPE : 12.857268121872936
R2 Score : 0.7677385980813701
time : 2291.3491116639925
