555.9573974609375  763.0
602.2109985351562  773.0
532.9402465820312  584.0
572.708251953125  584.0
399.49908447265625  423.0
512.7054443359375  533.0
298.3612365722656  300.0
525.2047729492188  531.0
549.494873046875  458.0
207.54730224609375  269.0
529.7242431640625  522.0
568.537841796875  568.0
367.9169616699219  409.0
388.6395263671875  385.0
529.0936889648438  519.0
535.4004516601562  557.0
538.8695678710938  541.0
521.7392578125  557.0
595.2470703125  545.0
362.6769104003906  433.0
312.7595520019531  310.0
366.4154357910156  389.0
485.427001953125  488.0
250.85287475585938  265.0
320.2575988769531  324.0
540.7422485351562  563.0
218.69000244140625  196.0
529.9424438476562  527.0
174.61944580078125  213.0
464.8800964355469  520.0
368.3714904785156  370.0
305.3064880371094  330.0
611.3848266601562  589.0
364.105224609375  373.0
218.17849731445312  220.0
248.8165283203125  253.0
564.8858642578125  581.0
343.9810485839844  359.0
353.4862365722656  393.0
558.204345703125  535.0
197.7105255126953  266.0
526.359130859375  470.0
155.00942993164062  191.0
422.7612609863281  503.0
565.1732177734375  618.0
254.49159240722656  233.0
582.8238525390625  498.0
551.728515625  517.0
280.8679504394531  253.0
526.4107055664062  529.0
501.7039489746094  474.0
495.655029296875  494.0
383.7066345214844  333.0
312.9563903808594  315.0
268.5455627441406  243.0
553.7800903320312  545.0
545.0318603515625  581.0
500.2259216308594  501.0
517.1097412109375  599.0
519.7633666992188  509.0
532.1033935546875  478.0
516.25  581.0
370.7137451171875  345.0
545.7549438476562  538.0
222.82318115234375  239.0
617.4716796875  630.0
607.1962890625  583.0
557.44482421875  530.0
618.1943359375  604.0
525.6956176757812  530.0
429.0377502441406  419.0
200.47084045410156  130.0
348.7381591796875  420.0
567.0394287109375  653.0
220.65689086914062  197.0
194.989990234375  190.0
216.32164001464844  192.0
227.10342407226562  203.0
404.0098571777344  392.0
278.4899597167969  308.0
213.4423828125  211.0
570.5715942382812  565.0
446.3813781738281  449.0
499.6032409667969  525.0
586.5909423828125  551.0
308.6863708496094  368.0
315.8111267089844  324.0
438.2850036621094  500.0
269.4515075683594  217.0
598.1792602539062  685.0
375.6112060546875  374.0
395.4146423339844  401.0
520.1201782226562  539.0
566.8176879882812  643.0
205.96847534179688  241.0
421.8145446777344  482.0
548.2158813476562  606.0
577.0296630859375  618.0
356.4312438964844  393.0
394.4826965332031  395.0
MSE : 2163.9661539719255
MAPE : 7.852772275343819
R2 Score : 0.8968064607961863
time : 3382.7287576399976
