522.2095947265625  509.0
382.84228515625  420.0
372.5472412109375  333.0
521.5562133789062  520.0
370.4239501953125  362.0
519.6641235351562  618.0
549.7332153320312  565.0
560.5269775390625  678.0
327.63043212890625  253.0
549.3666381835938  577.0
417.8564758300781  396.0
368.65289306640625  421.0
515.9158325195312  488.0
379.8809814453125  315.0
337.4241027832031  293.0
523.88037109375  569.0
296.14837646484375  192.0
321.1395263671875  330.0
350.6121826171875  268.0
402.2276611328125  311.0
518.560302734375  508.0
279.6551513671875  239.0
503.3623962402344  685.0
373.064697265625  398.0
569.2095336914062  616.0
596.8042602539062  569.0
515.7151489257812  479.0
515.7015991210938  531.0
341.98248291015625  315.0
549.1384887695312  519.0
537.0158081054688  563.0
251.36822509765625  203.0
554.7028198242188  618.0
642.4985961914062  449.0
506.93035888671875  580.0
550.7952880859375  529.0
415.51824951171875  187.0
381.42529296875  373.0
233.72634887695312  233.0
262.18621826171875  251.0
277.6426696777344  283.0
615.9973754882812  584.0
255.9552764892578  348.0
379.32843017578125  333.0
296.4107360839844  378.0
557.7952270507812  590.0
378.48114013671875  379.0
278.91851806640625  196.0
534.7090454101562  533.0
517.9859008789062  519.0
262.868408203125  425.0
262.6239013671875  281.0
515.4068603515625  554.0
522.7101440429688  773.0
600.1373901367188  550.0
651.3876342773438  566.0
488.01202392578125  458.0
377.32879638671875  416.0
384.0777893066406  393.0
246.77638244628906  203.0
555.3112182617188  579.0
531.4429321289062  549.0
339.29608154296875  327.0
365.11993408203125  318.0
428.54296875  419.0
556.1408081054688  593.0
255.99508666992188  279.0
244.85061645507812  304.0
371.41851806640625  373.0
515.5521850585938  484.0
236.83837890625  300.0
387.7823791503906  392.0
594.1804809570312  503.0
657.8778686523438  595.0
237.14662170410156  384.0
334.9815673828125  243.0
246.1513671875  225.0
530.8674926757812  541.0
321.930908203125  344.0
679.0636596679688  763.0
517.0303344726562  486.0
536.1713256835938  554.0
521.2796630859375  529.0
560.6192016601562  561.0
230.81024169921875  348.0
396.4413757324219  273.0
538.9031372070312  584.0
540.0792846679688  508.0
526.72265625  520.0
334.739501953125  365.0
628.2892456054688  563.0
414.6148681640625  423.0
345.73944091796875  349.0
553.5872192382812  538.0
489.8753662109375  493.0
526.9231567382812  523.0
468.54119873046875  493.0
553.869140625  559.0
653.4061889648438  551.0
517.068359375  473.0
MSE : 4630.723580418395
MAPE : 12.541115552598292
R2 Score : 0.7448477039466462
time : 640.611052702996
