302.50439453125  331.0
372.9733581542969  392.0
594.2781372070312  669.0
535.856689453125  549.0
527.8583984375  563.0
251.87167358398438  254.0
603.2415771484375  668.0
492.0505065917969  481.0
549.2803344726562  552.0
539.342041015625  546.0
228.60133361816406  206.0
510.0653991699219  554.0
496.56695556640625  488.0
508.6584777832031  538.0
329.9620666503906  365.0
579.022216796875  630.0
599.4186401367188  577.0
521.9606323242188  528.0
235.8282928466797  243.0
599.3150024414062  595.0
383.45465087890625  353.0
565.9523315429688  658.0
215.5247039794922  313.0
309.7502136230469  308.0
326.53265380859375  298.0
494.0366516113281  485.0
206.1325225830078  195.0
558.2684326171875  579.0
492.21282958984375  493.0
488.04730224609375  481.0
206.25843811035156  152.0
588.4843139648438  590.0
324.9483337402344  349.0
485.4862060546875  507.0
527.0173950195312  580.0
459.16156005859375  458.0
508.0926513671875  492.0
249.5959014892578  300.0
486.2275085449219  500.0
379.42486572265625  360.0
472.1972961425781  493.0
562.9979248046875  550.0
568.0929565429688  484.0
520.7625122070312  650.0
369.11334228515625  374.0
380.6770324707031  444.0
363.78692626953125  256.0
336.3727111816406  373.0
342.15985107421875  348.0
569.3538208007812  533.0
381.3961486816406  393.0
230.9907989501953  217.0
412.871337890625  457.0
601.2247314453125  580.0
303.8143005371094  359.0
591.0651245117188  569.0
423.037109375  473.0
505.57684326171875  495.0
515.1043701171875  536.0
216.34262084960938  228.0
387.97076416015625  475.0
315.005859375  191.0
380.84661865234375  421.0
504.6461486816406  619.0
460.6608581542969  545.0
206.17018127441406  219.0
498.11981201171875  517.0
476.0387268066406  475.0
357.5606994628906  433.0
554.9165649414062  513.0
525.650146484375  523.0
506.8703308105469  532.0
391.4809265136719  403.0
521.8574829101562  491.0
202.376953125  203.0
421.710693359375  419.0
538.274169921875  545.0
543.058837890625  536.0
307.4143981933594  324.0
364.4197998046875  393.0
385.55059814453125  424.0
428.92388916015625  449.0
546.117919921875  530.0
573.076416015625  606.0
539.8900756835938  545.0
245.5403289794922  331.0
493.09588623046875  479.0
301.848388671875  321.0
488.8213195800781  502.0
355.61346435546875  415.0
192.8697967529297  213.0
221.37924194335938  302.0
485.31561279296875  500.0
513.1133422851562  541.0
552.5381469726562  589.0
MSE : 1923.9087073752116
MAPE : 8.02706945824019
R2 Score : 0.8794140684753212
time : 888.7202023250284
