536.9669799804688  533.0
604.6956787109375  552.0
526.51416015625  530.0
486.22503662109375  500.0
520.9683227539062  522.0
401.8760986328125  384.0
538.9493408203125  569.0
610.7171630859375  765.0
307.11468505859375  239.0
309.3625793457031  251.0
442.2797546386719  538.0
412.769287109375  387.0
515.3160400390625  529.0
342.7497863769531  344.0
494.3712463378906  512.0
399.69317626953125  420.0
559.8780517578125  587.0
223.30593872070312  203.0
557.405029296875  551.0
399.48028564453125  389.0
482.2445983886719  411.0
255.80184936523438  217.0
409.9864196777344  394.0
537.7477416992188  538.0
566.6070556640625  573.0
517.8954467773438  517.0
542.6066284179688  600.0
531.8523559570312  577.0
517.213134765625  503.0
568.9710083007812  562.0
295.9508056640625  195.0
534.6860961914062  554.0
565.8793334960938  566.0
566.8938598632812  560.0
275.3879699707031  278.0
581.1260986328125  653.0
555.6124877929688  552.0
349.1590881347656  304.0
438.7720642089844  363.0
244.266845703125  207.0
400.4200134277344  482.0
526.0985717773438  545.0
557.2174682617188  568.0
397.7222595214844  409.0
576.2261352539062  584.0
515.5572509765625  493.0
213.95277404785156  203.0
517.7740478515625  508.0
222.3818359375  216.0
326.962158203125  199.0
605.5850219726562  649.0
223.0042724609375  195.0
350.1567687988281  343.0
403.2884826660156  433.0
559.9898071289062  551.0
508.1117858886719  534.0
615.8965454101562  583.0
555.3906860351562  535.0
587.98779296875  624.0
586.4710083007812  604.0
473.342041015625  548.0
526.8076171875  503.0
360.55926513671875  373.0
579.5636596679688  592.0
359.3180847167969  330.0
509.0000305175781  505.0
503.7801208496094  532.0
595.8955078125  547.0
498.7996826171875  481.0
376.2412109375  401.0
327.2627258300781  249.0
381.7142333984375  388.0
526.4443969726562  549.0
496.3945007324219  474.0
374.4757385253906  359.0
404.8866271972656  378.0
310.1674499511719  253.0
557.84912109375  550.0
490.7975158691406  473.0
376.1272277832031  353.0
396.1725769042969  378.0
736.156982421875  595.0
499.2312316894531  530.0
395.0747375488281  396.0
470.1838073730469  459.0
358.07952880859375  378.0
534.63134765625  563.0
356.1992492675781  424.0
242.73721313476562  223.0
624.5700073242188  621.0
242.43582153320312  221.0
381.4748840332031  392.0
598.063232421875  669.0
371.268798828125  360.0
537.215087890625  525.0
483.6629333496094  500.0
519.1748657226562  526.0
642.8064575195312  560.0
490.5045166015625  484.0
514.5276489257812  542.0
MSE : 1825.8092940327829
MAPE : 7.671339029347825
R2 Score : 0.8918983562664029
time : 1245.5276750549674
