536.002685546875  533.0
519.6187133789062  552.0
548.3795166015625  530.0
498.2698974609375  500.0
532.134033203125  522.0
369.311279296875  384.0
575.5343017578125  569.0
580.88671875  765.0
308.03778076171875  239.0
289.39715576171875  251.0
409.42657470703125  538.0
415.7608947753906  387.0
547.68115234375  529.0
337.5506591796875  344.0
504.76617431640625  512.0
357.461181640625  420.0
526.5187377929688  587.0
227.0058135986328  203.0
484.9462585449219  551.0
363.9390869140625  389.0
440.846923828125  411.0
218.2574920654297  217.0
366.55584716796875  394.0
524.8758544921875  538.0
555.9713134765625  573.0
544.4989624023438  517.0
550.6585083007812  600.0
511.7672424316406  577.0
532.5213012695312  503.0
568.4122924804688  562.0
284.0333251953125  195.0
541.9576416015625  554.0
544.220703125  566.0
541.76220703125  560.0
280.5813903808594  278.0
581.0626220703125  653.0
546.843017578125  552.0
313.72802734375  304.0
352.7724304199219  363.0
254.9794464111328  207.0
371.31048583984375  482.0
510.44061279296875  545.0
564.9601440429688  568.0
356.3466796875  409.0
571.5940551757812  584.0
552.8696899414062  493.0
194.5150146484375  203.0
553.925537109375  508.0
228.008544921875  216.0
326.2146911621094  199.0
599.90380859375  649.0
210.72906494140625  195.0
320.70111083984375  343.0
348.67633056640625  433.0
577.409423828125  551.0
488.35107421875  534.0
595.0023193359375  583.0
551.9193725585938  535.0
606.4249267578125  624.0
568.034912109375  604.0
586.8920288085938  548.0
523.5623779296875  503.0
330.887451171875  373.0
574.850341796875  592.0
336.84014892578125  330.0
511.7233581542969  505.0
504.3213195800781  532.0
592.3516845703125  547.0
528.7075805664062  481.0
320.31964111328125  401.0
322.0142822265625  249.0
345.57952880859375  388.0
557.5978393554688  549.0
510.17333984375  474.0
314.46051025390625  359.0
346.8525085449219  378.0
301.51324462890625  253.0
554.4041137695312  550.0
492.73284912109375  473.0
369.2380065917969  353.0
321.7664794921875  378.0
607.7058715820312  595.0
514.63037109375  530.0
333.0709228515625  396.0
497.61407470703125  459.0
337.40594482421875  378.0
494.0697937011719  563.0
305.2340087890625  424.0
240.25311279296875  223.0
526.4415283203125  621.0
223.69424438476562  221.0
365.29681396484375  392.0
592.4403076171875  669.0
343.07525634765625  360.0
548.5596923828125  525.0
433.6496887207031  500.0
538.4595947265625  526.0
580.9364624023438  560.0
535.4771118164062  484.0
489.81439208984375  542.0
MSE : 2401.8842980873933
MAPE : 8.943606684726673
R2 Score : 0.8577903828566542
time : 1009.6500443160767
