423.29608154296875  407.0
420.98297119140625  411.0
511.715576171875  497.0
560.3065795898438  539.0
530.5632934570312  521.0
536.3445434570312  520.0
539.6917724609375  545.0
284.77197265625  313.0
577.3948364257812  604.0
671.3116455078125  560.0
514.5198974609375  493.0
414.51104736328125  503.0
503.4700622558594  475.0
507.94677734375  500.0
331.25341796875  348.0
404.58099365234375  419.0
277.8465881347656  241.0
208.1649932861328  213.0
313.724853515625  348.0
614.841796875  578.0
522.7919311523438  542.0
562.4287719726562  563.0
452.579833984375  492.0
545.6722412109375  531.0
512.4711303710938  444.0
400.24847412109375  358.0
322.95513916015625  425.0
411.1564636230469  433.0
241.9587860107422  205.0
544.6896362304688  584.0
590.7058715820312  584.0
554.4288940429688  615.0
302.2697448730469  330.0
379.65234375  384.0
469.3013610839844  493.0
203.41580200195312  331.0
542.4143676757812  559.0
535.9525756835938  537.0
352.0721130371094  393.0
296.734619140625  397.0
419.92352294921875  498.0
513.1431884765625  528.0
474.6996765136719  479.0
387.4509582519531  355.0
289.438720703125  281.0
390.83966064453125  401.0
489.9211120605469  484.0
258.15087890625  239.0
533.158203125  419.0
333.36920166015625  378.0
351.89617919921875  265.0
535.5293579101562  552.0
515.8267822265625  508.0
208.3629608154297  233.0
738.6610717773438  595.0
666.4223022460938  618.0
170.9149169921875  223.0
483.0351867675781  470.0
302.21136474609375  310.0
254.2792510986328  324.0
538.8078002929688  563.0
525.798828125  523.0
185.39842224121094  173.0
421.04205322265625  411.0
559.9533081054688  633.0
611.4452514648438  616.0
646.1599731445312  678.0
668.0922241210938  590.0
205.9723358154297  213.0
606.5409545898438  579.0
582.4676513671875  566.0
473.54498291015625  467.0
181.28395080566406  293.0
491.92047119140625  494.0
374.56451416015625  344.0
235.6932373046875  323.0
552.8101196289062  568.0
563.5492553710938  581.0
623.3903198242188  669.0
570.8973999023438  557.0
330.99114990234375  348.0
521.2057495117188  411.0
563.77099609375  630.0
584.3162231445312  593.0
512.06689453125  508.0
539.5420532226562  561.0
574.0143432617188  551.0
214.10919189453125  219.0
489.02508544921875  495.0
214.99295043945312  191.0
580.3133544921875  567.0
413.9073486328125  415.0
275.52545166015625  283.0
549.4671020507812  526.0
470.77044677734375  459.0
671.7207641601562  765.0
383.75048828125  353.0
227.43385314941406  253.0
359.50933837890625  308.0
395.7691650390625  366.0
MSE : 2185.012543302551
MAPE : 8.178419815092948
R2 Score : 0.8702819042821455
time : 3019.014860927942
