205.62554931640625  241.0
167.39585876464844  191.0
655.2606201171875  763.0
314.70489501953125  425.0
277.61456298828125  213.0
495.17791748046875  499.0
581.507568359375  653.0
588.6827392578125  565.0
433.0072021484375  440.0
508.8999328613281  515.0
530.0738525390625  534.0
603.6530151367188  569.0
623.8062744140625  618.0
506.3731689453125  503.0
562.0518798828125  584.0
507.3819885253906  533.0
378.77593994140625  409.0
575.5758666992188  545.0
306.8916931152344  330.0
515.85498046875  539.0
562.209228515625  538.0
651.0271606445312  550.0
498.32177734375  499.0
420.5743103027344  398.0
604.8207397460938  584.0
402.9444580078125  378.0
372.48095703125  187.0
216.67425537109375  192.0
347.2479248046875  355.0
494.2392578125  493.0
546.981201171875  555.0
376.2923889160156  384.0
264.79571533203125  243.0
493.2191162109375  512.0
538.8092651367188  556.0
600.1907958984375  593.0
614.552001953125  557.0
330.523193359375  344.0
537.2283935546875  527.0
316.9655456542969  281.0
509.4845886230469  508.0
204.1706085205078  211.0
544.0941772460938  549.0
518.0989379882812  492.0
568.3403930664062  577.0
436.03814697265625  360.0
641.1224975585938  589.0
273.05096435546875  233.0
483.85638427734375  484.0
580.989501953125  569.0
344.9712219238281  380.0
342.79022216796875  376.0
207.27976989746094  197.0
372.8243408203125  475.0
494.0789794921875  459.0
231.6521453857422  311.0
526.2552490234375  541.0
351.78009033203125  420.0
371.2398681640625  392.0
596.2791748046875  550.0
218.20626831054688  206.0
395.93157958984375  411.0
506.7394714355469  497.0
528.0673828125  557.0
269.7032470703125  251.0
186.3863983154297  325.0
395.4686279296875  362.0
601.6807861328125  626.0
280.35736083984375  293.0
572.99951171875  401.0
387.6631164550781  423.0
198.32728576660156  194.0
295.1727600097656  308.0
513.0123291015625  523.0
545.0574340820312  545.0
275.0660095214844  239.0
621.0231323242188  419.0
249.0089111328125  270.0
281.390869140625  319.0
354.98126220703125  273.0
380.2864990234375  417.0
348.5897216796875  378.0
551.4332885742188  658.0
311.19512939453125  366.0
565.4852294921875  618.0
498.3587646484375  501.0
397.7659912109375  363.0
620.1527099609375  551.0
286.8453063964844  253.0
305.2646789550781  318.0
351.6372375488281  331.0
662.65625  535.0
495.97125244140625  508.0
622.7916259765625  478.0
528.8369140625  503.0
202.97312927246094  204.0
595.8218994140625  545.0
603.9658203125  566.0
640.072509765625  449.0
655.2501220703125  547.0
MSE : 3553.265423268152
MAPE : 10.310747496325517
R2 Score : 0.7981912148203348
time : 7545.120328096906
