279.9344177246094  241.0
220.01303100585938  191.0
672.592041015625  763.0
341.492431640625  425.0
215.95936584472656  213.0
492.6316223144531  499.0
624.8516235351562  653.0
598.6276245117188  565.0
714.2926025390625  440.0
510.9157409667969  515.0
516.8137817382812  534.0
614.3176879882812  569.0
663.6884155273438  569.0
522.7083740234375  503.0
533.7003784179688  584.0
519.8532104492188  533.0
364.2761535644531  409.0
535.9629516601562  545.0
291.6362609863281  330.0
498.78973388671875  539.0
540.4617309570312  538.0
585.9564819335938  550.0
484.5921936035156  499.0
383.43145751953125  398.0
563.3590698242188  584.0
381.5971374511719  378.0
213.02528381347656  187.0
209.7073211669922  192.0
302.269287109375  355.0
499.2084655761719  493.0
587.8214721679688  549.0
400.21697998046875  384.0
227.66619873046875  243.0
480.4543151855469  512.0
545.079833984375  556.0
673.4779052734375  593.0
575.5870971679688  557.0
358.90362548828125  344.0
519.5576171875  527.0
314.35467529296875  281.0
534.8357543945312  508.0
250.31585693359375  211.0
478.35528564453125  492.0
614.2219848632812  577.0
321.40667724609375  360.0
586.7481079101562  626.0
234.30584716796875  233.0
541.8480834960938  484.0
383.3061828613281  380.0
360.83746337890625  376.0
208.283447265625  197.0
416.8651123046875  475.0
484.07647705078125  459.0
242.67141723632812  311.0
610.4668579101562  541.0
423.08026123046875  420.0
382.0876770019531  392.0
605.3035888671875  550.0
233.3998565673828  206.0
421.5400695800781  411.0
502.7877197265625  497.0
512.3773803710938  557.0
268.2838134765625  270.0
331.92822265625  325.0
374.87493896484375  362.0
278.61993408203125  293.0
462.5177001953125  401.0
427.4158630371094  423.0
224.71658325195312  194.0
339.5704650878906  308.0
516.3177490234375  523.0
529.75  545.0
249.67347717285156  239.0
462.9150390625  419.0
281.0032043457031  319.0
205.514404296875  273.0
382.1898498535156  417.0
356.7403259277344  378.0
598.7628173828125  658.0
202.3179168701172  366.0
604.3806762695312  618.0
508.1394348144531  501.0
420.0777587890625  363.0
523.056884765625  551.0
244.36212158203125  253.0
339.86773681640625  318.0
220.97108459472656  331.0
546.19384765625  535.0
510.99658203125  508.0
437.3456115722656  478.0
523.7522583007812  503.0
207.3416290283203  204.0
583.1090087890625  545.0
586.4076538085938  566.0
487.5973815917969  449.0
634.8472900390625  547.0
MSE : 2483.698907626104
MAPE : 8.253083639166599
R2 Score : 0.8559331220036451
time : 1793.3445427359547
