631.29638671875  763.0
573.93701171875  773.0
516.2833862304688  584.0
534.525634765625  584.0
417.9180603027344  423.0
508.6694641113281  533.0
278.7050476074219  300.0
534.7866821289062  531.0
516.3370361328125  458.0
277.3874816894531  269.0
543.2685546875  522.0
550.1312866210938  568.0
424.9084777832031  409.0
423.6771545410156  385.0
540.7664794921875  519.0
620.1305541992188  557.0
518.682373046875  541.0
535.9239501953125  557.0
556.024169921875  545.0
378.970703125  433.0
272.7193908691406  310.0
414.5472106933594  389.0
480.5071105957031  488.0
278.4671936035156  265.0
319.1540222167969  324.0
578.36376953125  563.0
200.01515197753906  196.0
538.44287109375  527.0
199.5386199951172  213.0
521.1657104492188  520.0
412.1600036621094  370.0
315.28558349609375  330.0
578.3264770507812  589.0
389.1110534667969  373.0
239.053466796875  220.0
263.44976806640625  253.0
574.8338012695312  581.0
372.20452880859375  359.0
420.7460021972656  393.0
628.3037719726562  535.0
262.1916198730469  266.0
501.3352966308594  470.0
279.6950378417969  191.0
464.6059875488281  503.0
493.5353698730469  618.0
246.48744201660156  233.0
527.1007690429688  498.0
529.371337890625  517.0
288.5492858886719  253.0
520.1531982421875  529.0
496.3710632324219  474.0
506.1668395996094  494.0
379.7127685546875  333.0
285.22930908203125  315.0
278.4226379394531  243.0
570.1470336914062  545.0
589.771240234375  581.0
486.32635498046875  501.0
515.9050903320312  599.0
524.8897094726562  509.0
536.2485961914062  478.0
505.8713684082031  581.0
339.8028869628906  345.0
546.658447265625  538.0
257.8892517089844  239.0
632.4585571289062  630.0
555.0042724609375  583.0
536.7567749023438  530.0
543.685302734375  604.0
513.3257446289062  530.0
438.03448486328125  419.0
198.34031677246094  130.0
415.4645080566406  420.0
634.8367919921875  653.0
203.40017700195312  197.0
207.0348358154297  190.0
197.9735565185547  192.0
248.0054473876953  203.0
389.1611633300781  392.0
314.6507263183594  308.0
242.33370971679688  211.0
567.9182739257812  565.0
511.9483947753906  449.0
521.2672729492188  525.0
548.4732666015625  551.0
386.6978454589844  368.0
306.3711242675781  324.0
520.1351928710938  500.0
254.9272003173828  217.0
570.3282470703125  685.0
428.9519348144531  374.0
412.1063232421875  401.0
514.6915893554688  539.0
631.84130859375  643.0
261.0859069824219  241.0
521.0829467773438  482.0
570.5029907226562  606.0
635.0794677734375  618.0
425.3228759765625  393.0
427.0180358886719  395.0
MSE : 1884.432376919547
MAPE : 7.406786480436347
R2 Score : 0.9101366507014665
time : 3314.066472648992
