716.2119140625  763.0
584.8981323242188  773.0
519.6434326171875  584.0
558.00830078125  584.0
394.5896911621094  423.0
524.3419189453125  533.0
246.84475708007812  300.0
555.1217041015625  531.0
492.08599853515625  458.0
263.6173095703125  269.0
544.239501953125  522.0
573.5633544921875  568.0
371.7647399902344  409.0
424.8669128417969  385.0
525.1359252929688  519.0
658.7628173828125  557.0
507.6290283203125  541.0
533.57763671875  557.0
561.3333740234375  545.0
352.72247314453125  433.0
269.0117492675781  310.0
375.77642822265625  389.0
483.5625  488.0
226.91319274902344  265.0
358.32958984375  324.0
575.5413208007812  563.0
206.45884704589844  196.0
529.6466674804688  527.0
175.0066680908203  213.0
514.29833984375  520.0
380.6499328613281  370.0
362.03546142578125  330.0
589.904541015625  589.0
393.7027587890625  373.0
221.17813110351562  220.0
245.80496215820312  253.0
564.314697265625  581.0
338.73248291015625  359.0
324.46710205078125  393.0
558.1211547851562  535.0
231.87408447265625  266.0
525.3184204101562  470.0
158.49497985839844  191.0
402.2691345214844  503.0
500.2108459472656  618.0
344.6353759765625  233.0
466.27325439453125  498.0
566.0942993164062  517.0
263.97918701171875  253.0
483.0392761230469  529.0
508.77618408203125  474.0
529.6228637695312  494.0
394.1165466308594  333.0
278.3832092285156  315.0
352.400634765625  243.0
567.8060302734375  545.0
542.2754516601562  581.0
549.6607055664062  501.0
542.7349853515625  599.0
529.1531982421875  509.0
529.0694580078125  478.0
542.062255859375  581.0
348.15362548828125  345.0
557.750732421875  538.0
239.0982666015625  239.0
581.6758422851562  630.0
609.9892578125  583.0
518.77880859375  530.0
571.6405029296875  604.0
524.519287109375  530.0
415.9089050292969  419.0
198.1675567626953  130.0
340.8522033691406  420.0
595.7257080078125  653.0
206.00721740722656  197.0
193.79339599609375  190.0
206.52896118164062  192.0
221.16366577148438  203.0
347.68463134765625  392.0
319.79595947265625  308.0
185.5615997314453  211.0
593.483154296875  565.0
453.2424011230469  449.0
498.4696960449219  525.0
558.2017211914062  551.0
419.5199890136719  368.0
345.8432922363281  324.0
475.70263671875  500.0
274.9879455566406  217.0
552.1385498046875  685.0
415.4186096191406  374.0
398.36883544921875  401.0
519.12353515625  539.0
643.7882690429688  643.0
280.8203430175781  241.0
499.10650634765625  482.0
509.9306335449219  606.0
601.3983154296875  618.0
416.5311584472656  393.0
365.2370300292969  395.0
MSE : 2264.715097213264
MAPE : 8.900861432222055
R2 Score : 0.8920020233492165
time : 2354.919273118954
