547.420166015625  533.0
535.572265625  552.0
554.4288330078125  530.0
524.2590942382812  500.0
530.7391357421875  522.0
353.8533935546875  384.0
607.6417236328125  569.0
614.4087524414062  765.0
294.6966247558594  239.0
336.9502868652344  251.0
427.1870422363281  538.0
386.3985900878906  387.0
504.30938720703125  529.0
379.1760559082031  344.0
521.1353759765625  512.0
407.29833984375  420.0
535.3968505859375  587.0
243.1034393310547  203.0
518.68408203125  551.0
375.07733154296875  389.0
382.2549743652344  411.0
120.38153076171875  217.0
364.7280578613281  394.0
548.5220336914062  538.0
573.27392578125  573.0
554.7814331054688  517.0
540.3859252929688  600.0
528.1461791992188  577.0
536.2540893554688  503.0
612.2039184570312  562.0
355.7911682128906  195.0
540.7608032226562  554.0
545.6754150390625  566.0
545.5682373046875  560.0
336.2882995605469  278.0
613.9962158203125  653.0
543.4948120117188  552.0
339.50335693359375  304.0
352.2735595703125  363.0
328.9767150878906  207.0
388.5673522949219  482.0
450.5366516113281  545.0
610.375244140625  568.0
328.8081359863281  409.0
532.7721557617188  584.0
541.9405517578125  493.0
229.3218994140625  203.0
566.3236083984375  508.0
349.387451171875  216.0
340.6468200683594  199.0
614.1206665039062  649.0
316.9120178222656  195.0
363.2113952636719  343.0
315.5682373046875  433.0
538.3558959960938  551.0
514.2468872070312  534.0
615.171142578125  583.0
541.606201171875  535.0
538.0836181640625  624.0
613.189697265625  604.0
402.12860107421875  548.0
504.504150390625  503.0
359.074951171875  373.0
580.9749755859375  592.0
353.173095703125  330.0
488.89715576171875  505.0
525.8330078125  532.0
581.0480346679688  547.0
534.8729248046875  481.0
383.4329833984375  401.0
341.2556457519531  249.0
449.437255859375  388.0
560.9302978515625  549.0
533.139892578125  474.0
362.9630432128906  359.0
346.57177734375  378.0
327.63861083984375  253.0
598.7363891601562  550.0
524.0894775390625  473.0
355.5682678222656  353.0
321.48016357421875  378.0
546.2318725585938  595.0
542.3523559570312  530.0
414.13116455078125  396.0
532.2717895507812  459.0
335.4607849121094  378.0
490.7815246582031  563.0
355.8984069824219  424.0
353.1116027832031  223.0
548.5198974609375  621.0
340.22821044921875  221.0
361.4630126953125  392.0
612.9457397460938  669.0
338.87249755859375  360.0
533.7923583984375  525.0
450.5252990722656  500.0
539.8277587890625  526.0
517.0938110351562  560.0
535.11767578125  484.0
532.3170776367188  542.0
MSE : 3649.9142620676967
MAPE : 13.101139127454495
R2 Score : 0.7838976214516231
time : 619.0811456360389
