503.6326599121094  494.0
564.9114379882812  527.0
349.2864074707031  344.0
268.12664794921875  241.0
529.6097412109375  528.0
416.1739196777344  415.0
551.4384765625  555.0
568.7675170898438  560.0
520.0769653320312  563.0
529.6226806640625  604.0
423.5124206542969  475.0
585.5006103515625  653.0
435.1648254394531  478.0
333.884033203125  324.0
395.87249755859375  409.0
313.8252258300781  315.0
617.0999145507812  573.0
234.25579833984375  254.0
507.1935729980469  488.0
531.2445068359375  650.0
597.1900634765625  573.0
605.5031127929688  616.0
516.669677734375  520.0
534.0853271484375  536.0
390.49200439453125  396.0
348.9681091308594  321.0
338.4501037597656  344.0
383.6983337402344  393.0
347.9437255859375  363.0
206.90957641601562  196.0
482.3442687988281  475.0
597.5967407226562  562.0
310.2754821777344  229.0
316.57757568359375  265.0
572.6124267578125  557.0
523.54736328125  521.0
192.0400848388672  213.0
429.002685546875  419.0
239.1973876953125  272.0
346.9267578125  335.0
567.3104858398438  550.0
491.7940673828125  472.0
519.479248046875  529.0
323.90093994140625  397.0
524.7366943359375  531.0
400.7317810058594  433.0
523.1027221679688  449.0
490.2262268066406  488.0
343.11444091796875  359.0
354.0123596191406  330.0
468.659912109375  459.0
597.1647338867188  533.0
404.6856994628906  420.0
530.887939453125  548.0
294.22698974609375  331.0
592.6021118164062  579.0
343.4249267578125  199.0
632.4908447265625  763.0
199.64163208007812  203.0
411.8962097167969  392.0
329.5118408203125  320.0
401.2610168457031  315.0
565.8941040039062  593.0
614.18408203125  603.0
550.4403686523438  520.0
412.88763427734375  419.0
392.2851867675781  385.0
381.5624694824219  416.0
402.3018798828125  393.0
499.7466735839844  512.0
553.70751953125  551.0
320.2236328125  191.0
553.3170776367188  555.0
523.0513305664062  565.0
342.7876281738281  355.0
577.0604248046875  606.0
264.04791259765625  226.0
510.3536071777344  485.0
387.2911682128906  379.0
554.051513671875  545.0
598.3328247070312  568.0
535.0064697265625  478.0
502.2798156738281  484.0
514.4588623046875  490.0
421.0337219238281  419.0
375.9234924316406  417.0
593.8275756835938  613.0
601.4743041992188  616.0
494.9833068847656  523.0
230.85826110839844  218.0
285.4743347167969  272.0
534.5164794921875  545.0
260.37908935546875  358.0
512.0165405273438  479.0
616.0593872070312  606.0
537.6990966796875  554.0
396.6938171386719  420.0
417.047119140625  423.0
349.9307861328125  343.0
259.7265319824219  273.0
MSE : 1614.9705802588119
MAPE : 7.210564847676261
R2 Score : 0.8965521623055288
time : 2344.9161821129965
