730.7406005859375  763.0
553.9469604492188  773.0
535.4830322265625  584.0
527.1312255859375  584.0
401.4043884277344  423.0
499.9430236816406  533.0
305.3576965332031  300.0
536.5127563476562  531.0
512.5130004882812  458.0
293.3710632324219  269.0
535.892822265625  522.0
554.77685546875  568.0
406.0700378417969  409.0
398.2572937011719  385.0
522.236572265625  519.0
617.691650390625  557.0
536.2786865234375  541.0
534.6893310546875  557.0
513.326171875  545.0
397.2680969238281  433.0
292.2264404296875  310.0
364.79522705078125  389.0
461.7470397949219  488.0
224.8001708984375  265.0
331.5575866699219  324.0
586.854248046875  563.0
204.9106903076172  196.0
534.2203369140625  527.0
160.46127319335938  213.0
504.5665588378906  520.0
367.3880920410156  370.0
325.7877197265625  330.0
547.1572875976562  589.0
392.8113708496094  373.0
222.419677734375  220.0
234.58526611328125  253.0
561.094970703125  581.0
352.126708984375  359.0
379.54638671875  393.0
537.478271484375  535.0
234.08917236328125  266.0
481.2577209472656  470.0
231.88302612304688  191.0
390.4662780761719  503.0
552.1429443359375  618.0
200.2985076904297  233.0
450.0997619628906  498.0
521.849365234375  517.0
252.48733520507812  253.0
540.2163696289062  529.0
486.5694885253906  474.0
477.7097473144531  494.0
298.4377136230469  333.0
302.6410217285156  315.0
269.33990478515625  243.0
569.2786865234375  545.0
536.259033203125  581.0
478.0329895019531  501.0
536.1971435546875  599.0
531.7120971679688  509.0
536.3600463867188  478.0
531.46484375  581.0
338.37017822265625  345.0
538.8319091796875  538.0
243.72332763671875  239.0
559.6669311523438  630.0
525.4649047851562  583.0
524.2335815429688  530.0
539.4959106445312  604.0
516.2969360351562  530.0
442.5724792480469  419.0
180.76344299316406  130.0
373.286376953125  420.0
603.9734497070312  653.0
202.52389526367188  197.0
200.49313354492188  190.0
206.9132537841797  192.0
227.70574951171875  203.0
397.5281066894531  392.0
296.2261657714844  308.0
223.84674072265625  211.0
557.710693359375  565.0
439.25750732421875  449.0
514.27734375  525.0
563.0035400390625  551.0
344.5158996582031  368.0
325.0550842285156  324.0
493.6714172363281  500.0
216.2290496826172  217.0
559.9124755859375  685.0
374.00946044921875  374.0
371.0560607910156  401.0
517.0452270507812  539.0
729.2005004882812  643.0
230.0987091064453  241.0
499.9534606933594  482.0
556.7158813476562  606.0
570.044189453125  618.0
389.4386901855469  393.0
404.3388671875  395.0
MSE : 1686.4114333198359
MAPE : 6.381569217126252
R2 Score : 0.9195797198405221
time : 4272.595976528944
