460.7652282714844  407.0
435.4972839355469  411.0
531.058837890625  497.0
526.7080078125  539.0
551.40673828125  521.0
535.9602661132812  520.0
542.7498779296875  545.0
307.8867492675781  313.0
526.2849731445312  604.0
551.8916015625  560.0
529.5283203125  493.0
450.0915222167969  503.0
482.9468994140625  475.0
486.2328796386719  500.0
255.61727905273438  348.0
465.7774658203125  419.0
378.9146423339844  241.0
386.3838806152344  213.0
339.1741638183594  348.0
594.0615844726562  578.0
538.7169189453125  542.0
571.5519409179688  563.0
502.5826721191406  492.0
529.2274780273438  531.0
541.8760986328125  444.0
472.6805114746094  358.0
461.5627746582031  425.0
326.2190856933594  433.0
215.9453582763672  205.0
561.9953002929688  584.0
530.9826049804688  584.0
570.5784301757812  615.0
217.21688842773438  330.0
403.9946594238281  384.0
542.3289184570312  493.0
317.3129577636719  331.0
559.242431640625  559.0
520.8877563476562  537.0
355.99395751953125  393.0
371.9823913574219  397.0
471.3379211425781  498.0
527.5482177734375  528.0
517.7837524414062  479.0
441.6248474121094  355.0
337.1022644042969  281.0
413.96575927734375  401.0
491.98797607421875  484.0
241.41615295410156  239.0
471.5015563964844  419.0
332.1457824707031  378.0
259.9856262207031  265.0
556.2846069335938  552.0
521.2561645507812  508.0
277.7732238769531  233.0
633.7227172851562  595.0
589.0476684570312  618.0
194.15455627441406  223.0
480.1440734863281  470.0
211.06797790527344  310.0
357.3610534667969  324.0
560.4620971679688  563.0
550.6200561523438  523.0
247.44273376464844  173.0
463.156982421875  411.0
598.6924438476562  633.0
570.4950561523438  616.0
608.744140625  678.0
543.3591918945312  590.0
240.60972595214844  213.0
560.5219116210938  579.0
581.6312866210938  566.0
518.9935913085938  467.0
203.04685974121094  293.0
517.6948852539062  494.0
292.66339111328125  344.0
362.89898681640625  323.0
538.9944458007812  568.0
497.48565673828125  581.0
584.2468872070312  669.0
557.05908203125  557.0
267.5272216796875  348.0
440.5212707519531  411.0
567.8983154296875  630.0
594.7738647460938  593.0
538.7052612304688  508.0
532.4573974609375  561.0
550.8272094726562  551.0
200.64186096191406  219.0
536.1622924804688  495.0
280.6802978515625  191.0
540.3447265625  567.0
453.1038513183594  415.0
260.4752502441406  283.0
548.8270263671875  526.0
515.7319946289062  459.0
570.5164184570312  765.0
428.3898010253906  353.0
366.4178771972656  253.0
330.2894592285156  308.0
382.7103271484375  366.0
MSE : 3078.352657093592
MAPE : 11.032658354218148
R2 Score : 0.817246795287213
time : 1171.7103896889603
