205.32431030273438  241.0
248.02395629882812  191.0
625.2109985351562  763.0
323.7735290527344  425.0
265.50640869140625  213.0
508.6361083984375  499.0
742.7260131835938  653.0
600.595947265625  565.0
452.5269470214844  440.0
537.8558959960938  515.0
542.6588745117188  534.0
596.6055297851562  569.0
714.9537963867188  618.0
522.2070922851562  503.0
575.5339965820312  584.0
531.4432373046875  533.0
406.6272888183594  409.0
597.2935180664062  545.0
323.9846496582031  330.0
536.1498413085938  539.0
550.1544189453125  538.0
605.3214111328125  550.0
505.0755920410156  499.0
415.9818115234375  398.0
566.5779418945312  584.0
375.589599609375  378.0
357.86328125  187.0
193.3486328125  192.0
344.0403137207031  355.0
523.8359985351562  493.0
564.479248046875  555.0
386.701416015625  384.0
324.58148193359375  243.0
509.0338134765625  512.0
575.1178588867188  556.0
647.6615600585938  593.0
601.4779052734375  557.0
336.72247314453125  344.0
566.22607421875  527.0
305.22979736328125  281.0
539.113037109375  508.0
272.1727600097656  211.0
561.3048095703125  549.0
529.9734497070312  492.0
587.0613403320312  577.0
376.37567138671875  360.0
596.5529174804688  589.0
273.1891784667969  233.0
511.00885009765625  484.0
613.7382202148438  569.0
332.5371398925781  380.0
364.2008056640625  376.0
195.62167358398438  197.0
371.1167907714844  475.0
506.718017578125  459.0
369.22186279296875  311.0
557.3048706054688  541.0
455.3389892578125  420.0
367.3188171386719  392.0
583.050048828125  550.0
266.9991149902344  206.0
575.3248901367188  411.0
530.8911743164062  497.0
572.6357421875  557.0
276.8371887207031  251.0
274.130859375  325.0
407.8841552734375  362.0
596.1064453125  626.0
303.433837890625  293.0
572.3117065429688  401.0
406.0902099609375  423.0
228.4347686767578  194.0
319.8526306152344  308.0
519.5861206054688  523.0
601.1316528320312  545.0
255.24996948242188  239.0
552.2073974609375  419.0
268.01556396484375  270.0
312.2167663574219  319.0
377.9366760253906  273.0
429.4609375  417.0
297.1443786621094  378.0
586.9116821289062  658.0
320.533447265625  366.0
546.1659545898438  618.0
499.39044189453125  501.0
392.75823974609375  363.0
539.6547241210938  551.0
314.7082824707031  253.0
329.9803466796875  318.0
351.97760009765625  331.0
585.32275390625  535.0
531.5446166992188  508.0
546.6202392578125  478.0
500.2388916015625  503.0
210.89434814453125  204.0
568.5563354492188  545.0
592.9155883789062  566.0
471.79681396484375  449.0
648.8859252929688  547.0
MSE : 2877.1452118654574
MAPE : 10.083029685098747
R2 Score : 0.8365916668679327
time : 5904.391149134957
