530.4346923828125  533.0
572.56494140625  552.0
516.443359375  530.0
498.95819091796875  500.0
510.0136413574219  522.0
374.7893371582031  384.0
570.7916870117188  569.0
570.9378662109375  765.0
297.71551513671875  239.0
267.1602783203125  251.0
512.8867797851562  538.0
408.7353820800781  387.0
509.34759521484375  529.0
298.7305603027344  344.0
502.9545593261719  512.0
426.3157653808594  420.0
572.52880859375  587.0
205.0171661376953  203.0
549.6710815429688  551.0
380.9924621582031  389.0
416.0793762207031  411.0
212.34703063964844  217.0
379.6711120605469  394.0
569.5540771484375  538.0
572.472412109375  573.0
572.1538696289062  517.0
571.4874877929688  600.0
514.9696044921875  577.0
518.2562255859375  503.0
572.31640625  562.0
295.5365905761719  195.0
499.6136779785156  554.0
572.5767822265625  566.0
540.41259765625  560.0
256.72454833984375  278.0
572.495361328125  653.0
572.2611083984375  552.0
318.5643005371094  304.0
416.6355895996094  363.0
232.0406494140625  207.0
359.6863708496094  482.0
537.3233032226562  545.0
572.4242553710938  568.0
385.3582458496094  409.0
566.8505249023438  584.0
515.272216796875  493.0
204.2436981201172  203.0
570.4642333984375  508.0
227.55751037597656  216.0
316.1163024902344  199.0
572.483154296875  649.0
224.2963104248047  195.0
328.7305603027344  343.0
393.3683776855469  433.0
566.3229370117188  551.0
523.0253295898438  534.0
571.9263916015625  583.0
572.1112670898438  535.0
571.7382202148438  624.0
572.5122680664062  604.0
480.5677795410156  548.0
511.9347839355469  503.0
339.5911560058594  373.0
526.802001953125  592.0
365.564697265625  330.0
503.1167297363281  505.0
515.9521484375  532.0
567.5673217773438  547.0
504.0558776855469  481.0
512.696533203125  401.0
310.5927429199219  249.0
572.2765502929688  388.0
571.7392578125  549.0
515.5079345703125  474.0
351.215087890625  359.0
391.2952575683594  378.0
329.9463195800781  253.0
572.4984130859375  550.0
500.7449645996094  473.0
400.34173583984375  353.0
381.3342590332031  378.0
430.6033630371094  595.0
568.73486328125  530.0
379.0009460449219  396.0
510.6025695800781  459.0
334.8184509277344  378.0
508.3116455078125  563.0
321.0417785644531  424.0
219.42657470703125  223.0
572.702392578125  621.0
211.11978149414062  221.0
363.1864929199219  392.0
572.2940673828125  669.0
387.2877197265625  360.0
543.4180297851562  525.0
515.66845703125  500.0
514.85546875  526.0
572.0054931640625  560.0
499.0922546386719  484.0
521.0916137695312  542.0
MSE : 2646.5487043599715
MAPE : 8.423178838937467
R2 Score : 0.8433044096678819
time : 1305.8131548059173
