380.7049255371094  409.0
506.6416015625  490.0
551.543212890625  527.0
567.8568725585938  401.0
517.8648681640625  523.0
554.08837890625  552.0
344.56500244140625  343.0
367.1007385253906  331.0
542.2962646484375  527.0
584.8746948242188  616.0
567.5009765625  549.0
594.2708740234375  593.0
597.7960205078125  573.0
404.60498046875  363.0
385.0798645019531  360.0
385.5447998046875  413.0
404.7872619628906  409.0
208.7047576904297  197.0
529.6864624023438  493.0
600.27392578125  500.0
198.71363830566406  228.0
569.457763671875  458.0
483.7636413574219  419.0
398.10345458984375  395.0
244.26780700683594  219.0
489.3814697265625  507.0
453.37554931640625  273.0
354.07037353515625  330.0
268.02374267578125  259.0
697.71435546875  595.0
228.53118896484375  358.0
223.4629669189453  213.0
384.98443603515625  373.0
364.12786865234375  330.0
618.9453735351562  547.0
690.2081298828125  649.0
560.65478515625  560.0
561.5773315429688  554.0
516.8052978515625  519.0
453.0511474609375  440.0
626.7461547851562  411.0
391.1329040527344  393.0
587.7723999023438  621.0
513.2130126953125  505.0
248.21035766601562  253.0
559.0119018554688  563.0
542.048583984375  565.0
574.3507080078125  513.0
506.75018310546875  539.0
500.46588134765625  481.0
715.75830078125  643.0
619.0419311523438  623.0
211.33872985839844  195.0
542.219482421875  536.0
284.6297607421875  304.0
540.009033203125  503.0
226.04525756835938  315.0
203.09133911132812  192.0
563.7293090820312  551.0
243.46157836914062  256.0
370.4221496582031  433.0
390.677978515625  475.0
560.7236938476562  562.0
405.8514709472656  384.0
571.2440185546875  533.0
346.756591796875  279.0
714.5328979492188  563.0
447.23773193359375  478.0
320.1978759765625  278.0
606.8307495117188  624.0
382.69561767578125  397.0
574.7527465820312  541.0
340.407958984375  313.0
271.6421813964844  281.0
558.9407958984375  567.0
230.97885131835938  216.0
397.01092529296875  386.0
507.76177978515625  493.0
509.77435302734375  497.0
425.5628356933594  473.0
523.276123046875  508.0
552.1669921875  549.0
569.3719482421875  577.0
385.3297424316406  363.0
597.3128051757812  577.0
537.4393310546875  492.0
401.48687744140625  418.0
421.64666748046875  403.0
382.7149658203125  344.0
507.0618591308594  474.0
615.6246337890625  773.0
299.7147521972656  302.0
413.404541015625  311.0
651.5902709960938  630.0
569.611083984375  549.0
395.77081298828125  374.0
363.1466064453125  410.0
553.999267578125  580.0
608.5794677734375  561.0
546.23876953125  528.0
MSE : 3016.892418279678
MAPE : 8.664202101204129
R2 Score : 0.8075702411825532
time : 1483.3309958750033
