545.1336059570312  603.0
544.8095092773438  517.0
534.7092895507812  548.0
545.1574096679688  531.0
544.6766357421875  580.0
546.0990600585938  565.0
326.0959777832031  379.0
544.0570678710938  606.0
542.0513916015625  604.0
224.24700927734375  216.0
326.3945617675781  425.0
544.2996215820312  668.0
543.4356079101562  508.0
326.37908935546875  387.0
326.2259521484375  366.0
473.2344970703125  419.0
540.586669921875  458.0
542.8816528320312  658.0
222.9121856689453  203.0
363.6043701171875  392.0
542.8844604492188  583.0
326.45361328125  267.0
252.22019958496094  228.0
325.33282470703125  410.0
544.8162231445312  606.0
545.1334838867188  515.0
544.2745361328125  527.0
454.058349609375  545.0
325.9827880859375  233.0
363.4681396484375  363.0
545.2033081054688  539.0
240.12852478027344  380.0
544.6505126953125  632.0
310.109130859375  251.0
252.56956481933594  223.0
507.59259033203125  430.0
530.6651000976562  449.0
543.8948364257812  765.0
544.1701049804688  474.0
541.1975708007812  554.0
229.79258728027344  253.0
542.2987670898438  501.0
228.2554473876953  347.0
223.30319213867188  209.0
541.3458862304688  549.0
326.3164367675781  272.0
233.96495056152344  190.0
538.6550903320312  484.0
545.6243286132812  568.0
257.27093505859375  272.0
545.3922119140625  560.0
324.72015380859375  301.0
222.6308135986328  330.0
226.4263153076172  203.0
545.2466430664062  536.0
544.0670776367188  503.0
541.5333862304688  550.0
330.1281433105469  318.0
491.4257507324219  415.0
337.6239013671875  319.0
402.4698181152344  397.0
362.6234436035156  406.0
545.1958618164062  563.0
543.488525390625  579.0
228.20912170410156  221.0
545.095458984375  523.0
544.145751953125  552.0
326.57257080078125  376.0
531.67919921875  457.0
541.9646606445312  503.0
544.0680541992188  505.0
255.1772918701172  348.0
544.7252807617188  669.0
326.5297546386719  315.0
296.8768310546875  333.0
325.9941101074219  393.0
544.3413696289062  577.0
326.4722595214844  360.0
544.8267211914062  517.0
326.623779296875  393.0
326.3115234375  279.0
544.5307006835938  603.0
232.0096893310547  249.0
544.1541137695312  488.0
541.9905395507812  541.0
223.21824645996094  188.0
544.5125732421875  673.0
222.9000244140625  213.0
541.6497192382812  529.0
544.8565673828125  574.0
223.2677764892578  197.0
326.30279541015625  377.0
544.6753540039062  562.0
539.5228271484375  509.0
542.6133422851562  502.0
545.5505981445312  522.0
263.86004638671875  349.0
363.7102966308594  363.0
545.7018432617188  569.0
MSE : 3501.1867701510355
MAPE : 11.060148018946919
R2 Score : 0.8162797346522542
time : 1433.9795200439403
