278.8414611816406  241.0
202.0767059326172  191.0
676.9700927734375  763.0
337.80596923828125  425.0
227.02198791503906  213.0
512.135986328125  499.0
660.2366943359375  653.0
555.0914306640625  565.0
452.35797119140625  440.0
522.011474609375  515.0
545.660888671875  534.0
568.0450439453125  569.0
727.248291015625  618.0
507.2254638671875  503.0
543.967529296875  584.0
507.25714111328125  533.0
377.9716491699219  409.0
562.9051513671875  545.0
307.818603515625  330.0
504.701171875  539.0
550.2297973632812  538.0
582.2611083984375  550.0
492.8793029785156  499.0
385.2733459472656  398.0
536.2725219726562  584.0
378.5437316894531  378.0
363.44671630859375  187.0
193.58795166015625  192.0
370.276123046875  355.0
491.08551025390625  493.0
535.9954223632812  555.0
371.17626953125  384.0
264.1641540527344  243.0
484.691162109375  512.0
548.457763671875  556.0
658.3375244140625  593.0
682.2739868164062  557.0
323.882568359375  344.0
549.1322021484375  527.0
281.568359375  281.0
517.07861328125  508.0
227.12753295898438  211.0
534.2163696289062  549.0
518.0690307617188  492.0
573.259033203125  577.0
363.1726989746094  360.0
573.1394653320312  589.0
233.3573760986328  233.0
243.98814392089844  484.0
686.043212890625  569.0
355.311767578125  380.0
308.3378601074219  376.0
204.05348205566406  197.0
369.16912841796875  475.0
483.2629699707031  459.0
366.50213623046875  311.0
522.4380493164062  541.0
438.91949462890625  420.0
369.08612060546875  392.0
579.6614990234375  550.0
230.75294494628906  206.0
420.22747802734375  411.0
505.05108642578125  497.0
530.7875366210938  557.0
244.11119079589844  251.0
363.8465576171875  325.0
381.51129150390625  362.0
568.4634399414062  626.0
272.5213317871094  293.0
535.6663208007812  401.0
407.8560791015625  423.0
200.0082550048828  194.0
275.6244812011719  308.0
521.621826171875  523.0
525.9235229492188  545.0
238.85435485839844  239.0
497.9678955078125  419.0
271.3578186035156  270.0
241.06800842285156  319.0
536.0634765625  273.0
427.9647521972656  417.0
349.47607421875  378.0
557.0109252929688  658.0
232.04603576660156  366.0
560.1719970703125  618.0
484.03411865234375  501.0
426.6895751953125  363.0
560.7543334960938  551.0
272.4615478515625  253.0
317.163818359375  318.0
364.0687255859375  331.0
534.791015625  535.0
518.4471435546875  508.0
503.86822509765625  478.0
487.09979248046875  503.0
202.6688995361328  204.0
444.669921875  545.0
579.7383422851562  566.0
480.60662841796875  449.0
663.2269897460938  547.0
MSE : 3598.7020504073894
MAPE : 9.21507695334685
R2 Score : 0.7956106278296796
time : 7451.959277520073
