696.58447265625  763.0
584.5061645507812  773.0
526.8043212890625  584.0
551.6932983398438  584.0
427.1771545410156  423.0
516.2677612304688  533.0
299.9696960449219  300.0
559.37255859375  531.0
511.99688720703125  458.0
273.7185363769531  269.0
522.1477661132812  522.0
537.2576904296875  517.0
357.0848083496094  409.0
371.5901184082031  385.0
521.6458740234375  519.0
552.724853515625  557.0
539.7747192382812  541.0
510.0513610839844  557.0
502.2842102050781  545.0
363.4259338378906  433.0
301.10858154296875  310.0
377.79376220703125  392.0
488.2923583984375  488.0
334.9596862792969  265.0
319.909912109375  324.0
488.7419738769531  563.0
218.74269104003906  196.0
513.7984008789062  527.0
199.3492889404297  213.0
497.0476379394531  520.0
357.1571350097656  370.0
337.5343322753906  330.0
569.9557495117188  589.0
369.838623046875  373.0
258.3625183105469  220.0
224.17376708984375  253.0
550.4872436523438  581.0
355.0317077636719  359.0
387.9541931152344  393.0
547.1329345703125  535.0
272.34405517578125  266.0
489.48516845703125  470.0
350.9320068359375  191.0
518.2849731445312  503.0
533.486083984375  618.0
227.1149444580078  233.0
471.6748046875  498.0
238.1054229736328  253.0
503.7194519042969  529.0
502.0144958496094  474.0
500.06719970703125  494.0
288.57916259765625  333.0
304.6950988769531  315.0
209.16110229492188  243.0
531.4650268554688  545.0
550.301513671875  581.0
498.4012756347656  501.0
515.7364501953125  599.0
521.7249755859375  509.0
512.93505859375  478.0
545.354736328125  581.0
320.7168273925781  345.0
538.5419311523438  538.0
265.40301513671875  239.0
551.3908081054688  630.0
750.5737915039062  583.0
552.4598388671875  530.0
563.2492065429688  604.0
506.2764587402344  530.0
427.4451599121094  419.0
165.59474182128906  130.0
363.7865295410156  420.0
608.3985595703125  653.0
208.4249267578125  197.0
195.81932067871094  190.0
206.19686889648438  192.0
233.65931701660156  203.0
314.53387451171875  308.0
198.7944793701172  211.0
567.9866943359375  565.0
441.0835266113281  449.0
543.479248046875  525.0
524.8441772460938  551.0
381.1005554199219  368.0
313.962158203125  324.0
495.4900207519531  500.0
204.42018127441406  217.0
621.45166015625  685.0
383.8358154296875  374.0
396.8015441894531  393.0
497.3604736328125  539.0
681.9207763671875  643.0
284.6929016113281  241.0
499.3336181640625  482.0
534.032470703125  606.0
568.19921875  618.0
394.11669921875  395.0
MSE : 1973.291313972413
MAPE : 7.255353359503375
R2 Score : 0.9078192320124036
time : 2554.328154837014
