624.3665161132812  763.0
589.1255493164062  773.0
575.8446044921875  584.0
542.1443481445312  584.0
398.5152893066406  423.0
489.2416076660156  533.0
272.2054443359375  300.0
523.1854248046875  531.0
500.84295654296875  458.0
289.62445068359375  269.0
541.1080322265625  522.0
558.5856323242188  568.0
387.0744934082031  409.0
385.1631164550781  385.0
524.9146728515625  519.0
612.2901000976562  557.0
504.306396484375  541.0
551.9207763671875  557.0
561.1630859375  545.0
363.06768798828125  433.0
275.71844482421875  310.0
369.3114929199219  389.0
492.8421630859375  488.0
306.33306884765625  265.0
318.9921875  324.0
602.5870361328125  563.0
193.4258270263672  196.0
534.5809936523438  527.0
188.2405548095703  213.0
520.9140625  520.0
370.8694763183594  370.0
364.5922546386719  330.0
594.1983642578125  589.0
380.3663024902344  373.0
224.90834045410156  220.0
249.89431762695312  253.0
595.4107666015625  581.0
341.80792236328125  359.0
410.046875  393.0
506.2776794433594  535.0
277.8154602050781  266.0
544.8169555664062  470.0
222.52200317382812  191.0
428.5765686035156  503.0
571.3527221679688  618.0
213.2122802734375  233.0
482.7581787109375  498.0
517.93701171875  517.0
299.6474914550781  253.0
491.9088439941406  529.0
491.1796569824219  474.0
511.40252685546875  494.0
359.36505126953125  333.0
282.710205078125  315.0
281.6579895019531  243.0
605.4207153320312  545.0
530.3230590820312  581.0
516.9901733398438  501.0
531.0188598632812  599.0
517.0922241210938  509.0
523.6158447265625  478.0
574.024169921875  581.0
350.41961669921875  345.0
544.7109985351562  538.0
247.66160583496094  239.0
623.1679077148438  630.0
545.162353515625  583.0
548.1148681640625  530.0
542.7094116210938  604.0
521.0690307617188  530.0
407.7499694824219  419.0
193.98406982421875  130.0
403.4681701660156  420.0
601.8052368164062  653.0
194.3045654296875  197.0
199.0694580078125  190.0
193.1363983154297  192.0
217.69639587402344  203.0
366.5061950683594  392.0
309.8729553222656  308.0
213.7338409423828  211.0
564.1547241210938  565.0
469.3761901855469  449.0
506.7548522949219  525.0
577.3583984375  551.0
368.68304443359375  368.0
304.8043518066406  324.0
520.9680786132812  500.0
201.9928436279297  217.0
557.1273803710938  685.0
399.6788024902344  374.0
381.72991943359375  401.0
525.7789306640625  539.0
627.413330078125  643.0
224.71998596191406  241.0
520.64501953125  482.0
552.64453125  606.0
611.2301025390625  618.0
383.42840576171875  393.0
394.6600341796875  395.0
MSE : 1541.4080925933388
MAPE : 6.229246641746151
R2 Score : 0.9264945266633916
time : 2654.7976045920514
