541.541015625  533.0
604.4500122070312  552.0
503.7150573730469  530.0
489.3508605957031  500.0
497.6039733886719  522.0
367.7618408203125  384.0
526.3131103515625  569.0
594.2623291015625  765.0
246.01597595214844  239.0
261.4993896484375  251.0
552.7691650390625  538.0
412.9412536621094  387.0
524.3118286132812  529.0
262.22515869140625  344.0
476.2989807128906  512.0
380.8334045410156  420.0
556.6131591796875  587.0
246.1453857421875  203.0
597.1017456054688  551.0
356.9445495605469  389.0
559.1949462890625  411.0
291.6108703613281  217.0
383.2580871582031  394.0
559.6151733398438  538.0
574.5276489257812  573.0
542.7423095703125  517.0
642.2352294921875  600.0
536.0562744140625  577.0
484.92425537109375  503.0
536.2526245117188  562.0
219.2376251220703  195.0
534.318359375  554.0
537.560302734375  566.0
562.462646484375  560.0
232.0510711669922  278.0
596.845458984375  653.0
553.86328125  552.0
299.65594482421875  304.0
435.16876220703125  363.0
236.9796905517578  207.0
423.6171875  482.0
498.73455810546875  545.0
538.2620239257812  568.0
190.2425079345703  409.0
621.7986450195312  584.0
473.6913146972656  493.0
215.3275909423828  203.0
528.9749755859375  508.0
243.7996063232422  216.0
299.0367126464844  199.0
616.3244018554688  649.0
192.5802764892578  195.0
322.7294921875  343.0
197.62962341308594  433.0
536.2900390625  551.0
534.70947265625  534.0
622.2409057617188  583.0
622.63623046875  535.0
607.9580688476562  624.0
604.8043212890625  604.0
523.782470703125  548.0
478.5020751953125  503.0
326.1067199707031  373.0
564.39697265625  592.0
334.5401306152344  330.0
484.2702941894531  505.0
489.4380798339844  532.0
651.525390625  547.0
477.3443298339844  481.0
365.4355163574219  401.0
348.9801940917969  249.0
441.09375  388.0
511.7267150878906  549.0
490.46160888671875  474.0
332.4277648925781  359.0
221.84996032714844  378.0
293.6330871582031  253.0
573.0467529296875  550.0
495.5373229980469  473.0
256.58673095703125  353.0
355.6299743652344  378.0
734.04638671875  595.0
590.7860107421875  530.0
383.5646667480469  396.0
487.1734313964844  459.0
334.02593994140625  378.0
510.3742980957031  563.0
290.4284973144531  424.0
190.4669189453125  223.0
619.6763916015625  621.0
229.595947265625  221.0
399.88018798828125  392.0
652.204345703125  669.0
422.0484313964844  360.0
541.2603149414062  525.0
507.8633117675781  500.0
517.9743041992188  526.0
652.90185546875  560.0
502.4140319824219  484.0
523.8309936523438  542.0
MSE : 3646.2079258826607
MAPE : 10.099271798460775
R2 Score : 0.7841170644324104
time : 1889.7078107990092
