342.2449951171875  241.0
186.4149627685547  191.0
596.2642211914062  763.0
347.27752685546875  425.0
238.96617126464844  213.0
518.4467163085938  499.0
747.7444458007812  653.0
565.0957641601562  565.0
442.46923828125  440.0
513.05615234375  515.0
538.594970703125  534.0
595.8035278320312  569.0
613.8761596679688  618.0
508.11517333984375  503.0
587.8089599609375  584.0
511.0313720703125  533.0
427.6443176269531  409.0
541.816162109375  545.0
315.47125244140625  330.0
513.7353515625  539.0
531.3804321289062  538.0
600.6616821289062  550.0
489.97955322265625  499.0
394.5608825683594  398.0
563.3370361328125  584.0
403.8182373046875  378.0
186.82870483398438  187.0
195.5343017578125  192.0
359.99169921875  355.0
486.95294189453125  493.0
530.782470703125  555.0
411.5613098144531  384.0
291.84722900390625  243.0
481.3936462402344  512.0
579.68701171875  556.0
634.8710327148438  593.0
576.9561157226562  557.0
341.43267822265625  344.0
532.3743896484375  527.0
325.37548828125  281.0
519.7355346679688  508.0
320.7227478027344  211.0
528.0103149414062  549.0
537.9609985351562  492.0
625.281005859375  577.0
358.23370361328125  360.0
598.5856323242188  589.0
205.4768829345703  233.0
687.9691772460938  484.0
623.9826049804688  569.0
353.5782775878906  380.0
343.1802978515625  376.0
190.3605499267578  197.0
385.1612548828125  475.0
479.31591796875  459.0
319.8089599609375  311.0
514.7415161132812  541.0
443.0511779785156  420.0
361.2508544921875  392.0
573.4596557617188  550.0
236.1283416748047  206.0
451.70025634765625  411.0
507.83685302734375  497.0
515.3396606445312  557.0
254.40570068359375  251.0
356.08892822265625  325.0
378.66864013671875  362.0
597.303955078125  626.0
240.27845764160156  293.0
536.2269897460938  401.0
382.51153564453125  423.0
215.2569122314453  194.0
269.52874755859375  308.0
514.1818237304688  523.0
557.8485717773438  545.0
221.90989685058594  239.0
480.37646484375  419.0
316.2245788574219  270.0
316.6510314941406  319.0
194.9980010986328  273.0
390.06085205078125  417.0
359.208984375  378.0
567.5194091796875  658.0
186.2966766357422  366.0
525.184326171875  618.0
486.81512451171875  501.0
437.1595458984375  363.0
505.5065612792969  551.0
245.2548828125  253.0
310.85943603515625  318.0
188.0739288330078  331.0
550.33984375  535.0
502.6103210449219  508.0
419.861328125  478.0
484.3988952636719  503.0
199.7381591796875  204.0
441.09552001953125  545.0
591.7665405273438  566.0
443.0543212890625  449.0
564.6035766601562  547.0
MSE : 2834.9263716867918
MAPE : 8.803997415582254
R2 Score : 0.8389894986742363
time : 6473.040486285929
