664.211181640625  763.0
579.1893310546875  773.0
595.042236328125  584.0
564.87548828125  584.0
428.17828369140625  423.0
567.4644165039062  533.0
358.04901123046875  300.0
570.1005249023438  531.0
503.99420166015625  458.0
301.93511962890625  269.0
562.4766235351562  522.0
559.6828002929688  517.0
318.9081726074219  409.0
404.6524353027344  385.0
523.5114135742188  519.0
587.44287109375  557.0
564.8546142578125  541.0
495.2132263183594  557.0
521.668212890625  545.0
376.6922912597656  433.0
318.53411865234375  310.0
409.26806640625  392.0
491.9806213378906  488.0
372.10888671875  265.0
326.1435241699219  324.0
480.9176025390625  563.0
207.9648895263672  196.0
532.9190673828125  527.0
186.29139709472656  213.0
508.96429443359375  520.0
387.2145690917969  370.0
322.74151611328125  330.0
551.0404052734375  589.0
359.16357421875  373.0
260.4379577636719  220.0
243.42234802246094  253.0
556.26513671875  581.0
353.859619140625  359.0
407.44970703125  393.0
552.27880859375  535.0
263.1085205078125  266.0
491.5041198730469  470.0
259.0368347167969  191.0
519.0283203125  503.0
558.0288696289062  618.0
257.200927734375  233.0
483.58502197265625  498.0
278.19232177734375  253.0
510.64715576171875  529.0
506.828857421875  474.0
490.1431884765625  494.0
250.25865173339844  333.0
319.4371337890625  315.0
258.86688232421875  243.0
576.2861938476562  545.0
579.4678344726562  581.0
495.9224548339844  501.0
539.1072998046875  599.0
543.760009765625  509.0
524.5188598632812  478.0
579.5740966796875  581.0
342.5152587890625  345.0
622.130859375  538.0
277.60064697265625  239.0
565.0504150390625  630.0
637.310302734375  583.0
528.2952880859375  530.0
587.8856811523438  604.0
520.6650390625  530.0
433.9239807128906  419.0
165.51333618164062  130.0
387.0826416015625  420.0
636.3209838867188  653.0
198.62911987304688  197.0
189.08998107910156  190.0
197.33338928222656  192.0
227.77235412597656  203.0
323.4424133300781  308.0
244.55589294433594  211.0
578.60888671875  565.0
476.3806457519531  449.0
524.9578857421875  525.0
588.9047241210938  551.0
345.4150085449219  368.0
323.0789794921875  324.0
510.0043029785156  500.0
261.9431457519531  217.0
573.9007568359375  685.0
404.5672607421875  374.0
432.4610595703125  393.0
495.6728515625  539.0
664.659912109375  643.0
310.7708740234375  241.0
524.314697265625  482.0
591.9095458984375  606.0
593.7379150390625  618.0
420.3890686035156  395.0
MSE : 1863.10653581958
MAPE : 7.739827104150169
R2 Score : 0.9129664281707975
time : 1937.4493597579421
