573.1138916015625  533.0
616.9768676757812  552.0
531.135009765625  530.0
497.4046936035156  500.0
519.4379272460938  522.0
402.86431884765625  384.0
526.9927368164062  569.0
587.6215209960938  765.0
312.08917236328125  239.0
276.2402038574219  251.0
530.085693359375  538.0
386.06988525390625  387.0
528.8148803710938  529.0
337.94061279296875  344.0
499.3243713378906  512.0
416.30145263671875  420.0
570.9909057617188  587.0
207.4119873046875  203.0
549.508544921875  551.0
369.3849792480469  389.0
468.82391357421875  411.0
167.9532470703125  217.0
397.48760986328125  394.0
568.9964599609375  538.0
598.1390380859375  573.0
516.9263305664062  517.0
570.5430297851562  600.0
527.2214965820312  577.0
522.7758178710938  503.0
570.8448486328125  562.0
296.14764404296875  195.0
542.8112182617188  554.0
563.554443359375  566.0
566.6324462890625  560.0
307.7945556640625  278.0
577.05322265625  653.0
568.6021728515625  552.0
336.5547790527344  304.0
454.6922912597656  363.0
233.8360137939453  207.0
375.91845703125  482.0
543.795166015625  545.0
566.27001953125  568.0
410.34185791015625  409.0
637.9428100585938  584.0
511.2830505371094  493.0
207.55279541015625  203.0
514.7153930664062  508.0
201.94821166992188  216.0
346.36102294921875  199.0
626.0679321289062  649.0
208.22813415527344  195.0
355.61639404296875  343.0
416.5227966308594  433.0
568.7705688476562  551.0
517.0587768554688  534.0
593.2278442382812  583.0
575.9985961914062  535.0
588.9287719726562  624.0
614.822509765625  604.0
499.2403869628906  548.0
517.18017578125  503.0
400.7330627441406  373.0
583.890625  592.0
373.23602294921875  330.0
507.1767272949219  505.0
516.2772216796875  532.0
648.7325439453125  547.0
502.09686279296875  481.0
289.9281005859375  401.0
305.5101013183594  249.0
404.64617919921875  388.0
534.2536010742188  549.0
505.02978515625  474.0
355.6295166015625  359.0
432.4268798828125  378.0
322.3158874511719  253.0
567.131103515625  550.0
496.4196472167969  473.0
384.09991455078125  353.0
390.26611328125  378.0
677.4080810546875  595.0
509.1666564941406  530.0
410.0744323730469  396.0
491.0282897949219  459.0
358.3009338378906  378.0
540.0189819335938  563.0
356.2098388671875  424.0
277.0862731933594  223.0
622.1425170898438  621.0
221.53208923339844  221.0
336.39288330078125  392.0
644.1101684570312  669.0
365.7778015136719  360.0
545.6566162109375  525.0
489.15618896484375  500.0
519.4879760742188  526.0
623.661376953125  560.0
503.39898681640625  484.0
531.8170776367188  542.0
MSE : 1951.958153446128
MAPE : 7.803785225192303
R2 Score : 0.8844293949119668
time : 1927.3795159551082
