545.8763427734375  533.0
584.632080078125  552.0
513.4115600585938  530.0
482.0845642089844  500.0
570.679443359375  522.0
406.1708984375  384.0
580.1993408203125  569.0
559.2456665039062  765.0
300.13641357421875  239.0
260.24383544921875  251.0
544.7169799804688  538.0
381.9120788574219  387.0
539.5081176757812  529.0
381.7974548339844  344.0
586.1309814453125  512.0
393.5444030761719  420.0
569.840576171875  587.0
202.39967346191406  203.0
585.841064453125  551.0
350.1612854003906  389.0
381.40625  411.0
261.5159912109375  217.0
402.4999694824219  394.0
534.507568359375  538.0
583.264892578125  573.0
585.8270874023438  517.0
584.7708129882812  600.0
510.1516418457031  577.0
519.980712890625  503.0
585.6907348632812  562.0
269.3279113769531  195.0
537.0352172851562  554.0
584.3880004882812  566.0
585.0460205078125  560.0
314.75128173828125  278.0
586.0454711914062  653.0
585.628662109375  552.0
296.2843933105469  304.0
377.8617248535156  363.0
272.3070068359375  207.0
404.6051330566406  482.0
526.2102661132812  545.0
585.9249877929688  568.0
316.4808349609375  409.0
493.02008056640625  584.0
508.54498291015625  493.0
224.59242248535156  203.0
585.7989501953125  508.0
325.95465087890625  216.0
361.6588134765625  199.0
584.3767700195312  649.0
224.7351531982422  195.0
339.20745849609375  343.0
300.7983093261719  433.0
524.9801025390625  551.0
584.5361938476562  534.0
585.318603515625  583.0
585.68359375  535.0
585.8270874023438  624.0
586.0559692382812  604.0
462.5384521484375  548.0
542.5355224609375  503.0
382.9721984863281  373.0
585.734130859375  592.0
333.02978515625  330.0
511.98394775390625  505.0
534.6224365234375  532.0
509.8810119628906  547.0
497.0417175292969  481.0
404.7750244140625  401.0
311.98077392578125  249.0
584.7183227539062  388.0
583.2971801757812  549.0
500.5090637207031  474.0
337.9342346191406  359.0
371.2340087890625  378.0
314.1667175292969  253.0
581.1851806640625  550.0
494.8634033203125  473.0
382.11669921875  353.0
314.3279724121094  378.0
431.020751953125  595.0
585.873779296875  530.0
399.9221496582031  396.0
475.0565490722656  459.0
371.55303955078125  378.0
585.8197631835938  563.0
299.01318359375  424.0
296.2242431640625  223.0
552.0320434570312  621.0
209.4726104736328  221.0
374.4051818847656  392.0
561.6180419921875  669.0
334.21038818359375  360.0
583.7857055664062  525.0
584.6299438476562  500.0
509.2787780761719  526.0
510.83599853515625  560.0
549.2811889648438  484.0
585.7911376953125  542.0
MSE : 3469.283879231028
MAPE : 10.53126815785006
R2 Score : 0.7945922987964533
time : 926.451826805016
