279.7794189453125  241.0
459.93157958984375  191.0
730.8678588867188  763.0
345.94842529296875  425.0
221.45834350585938  213.0
504.5245666503906  499.0
641.5255737304688  653.0
581.7831420898438  565.0
453.4399108886719  440.0
512.5250244140625  515.0
530.7406616210938  534.0
586.3661499023438  569.0
652.1296997070312  569.0
544.4924926757812  503.0
564.41357421875  584.0
545.39404296875  533.0
359.15997314453125  409.0
550.2847900390625  545.0
299.6761474609375  330.0
493.5098571777344  539.0
549.8533325195312  538.0
568.7777099609375  550.0
496.9953918457031  499.0
357.5999450683594  398.0
547.7569580078125  584.0
386.7848205566406  378.0
278.1738586425781  187.0
205.96746826171875  192.0
337.47381591796875  355.0
493.4661560058594  493.0
515.3651733398438  549.0
388.1285095214844  384.0
213.93411254882812  243.0
487.300048828125  512.0
537.587890625  556.0
652.9247436523438  593.0
573.7120971679688  557.0
354.6687927246094  344.0
534.1974487304688  527.0
310.15869140625  281.0
530.4083862304688  508.0
232.46095275878906  211.0
506.89129638671875  492.0
562.0777587890625  577.0
312.52545166015625  360.0
578.795654296875  626.0
224.696044921875  233.0
491.1782531738281  484.0
394.6577453613281  380.0
349.54266357421875  376.0
205.89328002929688  197.0
431.74444580078125  475.0
485.0953369140625  459.0
265.3348388671875  311.0
480.9453430175781  541.0
413.9788513183594  420.0
381.5280456542969  392.0
544.6734619140625  550.0
227.20152282714844  206.0
405.8137512207031  411.0
494.21337890625  497.0
506.6244201660156  557.0
285.7921142578125  270.0
361.3213195800781  325.0
351.8558349609375  362.0
280.1785583496094  293.0
428.0443420410156  401.0
432.5671081542969  423.0
211.00881958007812  194.0
339.5072326660156  308.0
548.5596923828125  523.0
535.70703125  545.0
249.57484436035156  239.0
450.2034606933594  419.0
302.114990234375  319.0
91.08649444580078  273.0
376.7332763671875  417.0
335.4789733886719  378.0
602.2568969726562  658.0
357.80352783203125  366.0
554.380859375  618.0
497.00701904296875  501.0
420.1670227050781  363.0
540.8651733398438  551.0
253.63546752929688  253.0
322.87982177734375  318.0
274.6347961425781  331.0
505.3729248046875  535.0
519.0494995117188  508.0
476.8654479980469  478.0
502.44036865234375  503.0
194.6432342529297  204.0
582.7583618164062  545.0
567.0125122070312  566.0
493.2931823730469  449.0
660.08837890625  547.0
MSE : 2177.6147374649013
MAPE : 8.304469352774772
R2 Score : 0.8736875247872645
time : 2150.4834659550106
