311.5878601074219  313.0
305.07220458984375  298.0
569.8096923828125  604.0
536.4923706054688  522.0
530.0028076171875  491.0
570.67333984375  603.0
498.7684020996094  493.0
317.49896240234375  363.0
568.3095703125  533.0
372.6585693359375  350.0
233.04864501953125  220.0
517.342529296875  569.0
379.3508605957031  392.0
524.892578125  537.0
391.2289123535156  411.0
569.1295776367188  584.0
568.80419921875  494.0
548.68994140625  545.0
413.70257568359375  545.0
192.6279296875  204.0
304.3821105957031  333.0
567.098876953125  589.0
505.34747314453125  486.0
275.34271240234375  358.0
367.9528503417969  370.0
244.46731567382812  254.0
547.23291015625  495.0
510.35107421875  501.0
524.8587036132812  536.0
546.5606079101562  562.0
369.2077331542969  233.0
568.36669921875  557.0
534.0882568359375  560.0
358.369140625  498.0
370.7063903808594  433.0
239.67022705078125  206.0
501.9115905761719  503.0
373.45196533203125  368.0
313.9528503417969  424.0
280.5305480957031  348.0
349.4532470703125  387.0
440.7369689941406  478.0
550.212646484375  555.0
533.1476440429688  474.0
311.40020751953125  378.0
567.8688354492188  550.0
570.965576171875  673.0
545.8543701171875  482.0
399.73944091796875  423.0
525.8401489257812  541.0
285.138916015625  335.0
545.1150512695312  530.0
358.8450622558594  384.0
316.7788391113281  209.0
563.3480224609375  523.0
378.1487731933594  409.0
219.84793090820312  217.0
514.8260498046875  472.0
224.24346923828125  221.0
505.49853515625  512.0
279.43377685546875  195.0
506.7692565917969  519.0
562.2221069335938  613.0
508.2554931640625  563.0
547.1931762695312  546.0
549.53125  533.0
503.4985656738281  488.0
360.9865417480469  398.0
567.081787109375  618.0
565.1826171875  522.0
494.8977355957031  526.0
530.321044921875  528.0
381.16021728515625  318.0
527.1115112304688  493.0
566.251953125  643.0
316.80767822265625  403.0
551.942138671875  577.0
527.0690307617188  525.0
558.0108032226562  564.0
495.88311767578125  499.0
537.8429565429688  497.0
531.9514770507812  474.0
414.160888671875  548.0
354.8602294921875  378.0
296.1827392578125  347.0
557.477783203125  584.0
349.2406311035156  523.0
254.95718383789062  211.0
276.53509521484375  324.0
182.3201141357422  171.0
570.1657104492188  685.0
564.5880126953125  545.0
374.1192932128906  300.0
567.2034301757812  528.0
556.1263427734375  562.0
377.9674987792969  331.0
571.350341796875  763.0
287.1615905761719  199.0
393.72344970703125  473.0
393.2988586425781  425.0
MSE : 3279.229308443714
MAPE : 10.249403526198366
R2 Score : 0.79634389328855
time : 434.0019410169916
