312.59661865234375  241.0
373.8880920410156  191.0
657.5660400390625  763.0
379.1846618652344  425.0
195.8153076171875  213.0
552.7796630859375  499.0
645.965087890625  653.0
547.2327880859375  565.0
552.1102294921875  440.0
530.29345703125  515.0
507.9239196777344  534.0
619.9024658203125  569.0
571.2689819335938  569.0
529.230712890625  503.0
563.2750854492188  584.0
505.6448059082031  533.0
379.5069885253906  409.0
542.6362915039062  545.0
291.718505859375  330.0
493.5246887207031  539.0
586.7119750976562  538.0
575.938720703125  550.0
493.3155212402344  499.0
380.4900817871094  398.0
548.5684814453125  584.0
349.2642517089844  378.0
318.1914978027344  187.0
193.137451171875  192.0
375.5644836425781  355.0
484.1476745605469  493.0
559.369140625  549.0
391.0180358886719  384.0
220.82542419433594  243.0
486.9051818847656  512.0
557.4291381835938  556.0
582.96435546875  593.0
569.9410400390625  557.0
334.0048828125  344.0
513.2298583984375  527.0
289.095947265625  281.0
543.635986328125  508.0
211.22479248046875  211.0
530.5792846679688  492.0
562.4525756835938  577.0
386.2649841308594  360.0
577.5407104492188  626.0
225.60736083984375  233.0
499.4285888671875  484.0
363.34002685546875  380.0
375.56622314453125  376.0
206.798583984375  197.0
397.98834228515625  475.0
490.070556640625  459.0
396.31097412109375  311.0
505.3450622558594  541.0
398.8614807128906  420.0
389.7535705566406  392.0
557.353759765625  550.0
208.9710693359375  206.0
406.8070068359375  411.0
493.8296203613281  497.0
495.4587707519531  557.0
285.8366394042969  270.0
475.8037414550781  325.0
373.06964111328125  362.0
223.9652862548828  293.0
396.75079345703125  401.0
414.17578125  423.0
190.2670440673828  194.0
311.6090087890625  308.0
506.0129089355469  523.0
531.7577514648438  545.0
294.32073974609375  239.0
416.2463684082031  419.0
230.87266540527344  319.0
279.43182373046875  273.0
392.7593994140625  417.0
315.4334716796875  378.0
563.3967895507812  658.0
325.6661682128906  366.0
540.000244140625  618.0
488.2102966308594  501.0
404.484375  363.0
548.9547729492188  551.0
242.39308166503906  253.0
342.34197998046875  318.0
267.7144775390625  331.0
561.4736938476562  535.0
494.356201171875  508.0
451.7944641113281  478.0
505.6059265136719  503.0
187.8770751953125  204.0
576.3269653320312  545.0
562.7896728515625  566.0
493.2232666015625  449.0
585.8040771484375  547.0
MSE : 2110.699039989939
MAPE : 8.548478853743202
R2 Score : 0.8775689677409841
time : 1350.9433083290933
