405.6784362792969  374.0
512.822998046875  490.0
545.144287109375  527.0
556.600341796875  401.0
522.6200561523438  523.0
562.7498779296875  552.0
320.5499267578125  343.0
262.2613220214844  331.0
526.0623779296875  565.0
589.4398193359375  616.0
568.2349243164062  549.0
609.0384521484375  593.0
548.3270263671875  573.0
403.5398254394531  363.0
366.1757507324219  360.0
390.95458984375  433.0
352.0823669433594  409.0
197.78536987304688  197.0
515.454833984375  493.0
476.4565734863281  500.0
194.87913513183594  228.0
547.66064453125  458.0
593.0621948242188  419.0
386.3053283691406  395.0
233.68350219726562  219.0
476.6982727050781  507.0
473.25164794921875  273.0
351.2959899902344  330.0
229.48912048339844  259.0
340.1797180175781  595.0
256.553466796875  358.0
195.18887329101562  213.0
354.0799255371094  373.0
322.90093994140625  330.0
581.6597900390625  547.0
594.9688720703125  649.0
556.0406494140625  560.0
538.47314453125  554.0
529.4107055664062  519.0
431.2322082519531  440.0
553.9171142578125  411.0
417.0614318847656  393.0
613.8260498046875  621.0
496.6291198730469  505.0
223.24365234375  253.0
573.9774169921875  563.0
571.0244140625  513.0
502.0042419433594  539.0
477.57440185546875  481.0
599.2608032226562  643.0
603.0164184570312  623.0
196.50601196289062  195.0
527.7260131835938  536.0
295.558349609375  304.0
522.88671875  503.0
364.4068298339844  315.0
200.18719482421875  192.0
530.8624877929688  551.0
367.5423583984375  256.0
427.77923583984375  475.0
567.2671508789062  562.0
397.5245361328125  384.0
556.5845947265625  533.0
354.832763671875  279.0
575.759521484375  563.0
428.4608154296875  478.0
303.01776123046875  278.0
634.0785522460938  624.0
333.6802978515625  397.0
559.4954223632812  541.0
299.6800842285156  313.0
296.7334899902344  281.0
545.5477294921875  567.0
209.85084533691406  216.0
393.0032653808594  386.0
486.1495666503906  493.0
507.353759765625  497.0
376.4361267089844  473.0
540.6925048828125  508.0
521.2466430664062  549.0
556.5585327148438  577.0
344.62042236328125  363.0
595.3771362304688  577.0
501.8206787109375  492.0
411.7498779296875  418.0
420.7198791503906  403.0
336.9378967285156  344.0
488.8550109863281  474.0
578.2398071289062  773.0
217.6038055419922  302.0
355.3331604003906  311.0
568.95849609375  630.0
552.51513671875  549.0
369.6935119628906  410.0
540.906494140625  580.0
544.6158447265625  561.0
532.698974609375  528.0
MSE : 3453.9063297665784
MAPE : 8.979903594516617
R2 Score : 0.78507340823063
time : 1899.598230655014
