553.0922241210938  763.0
566.2122802734375  773.0
551.1795654296875  584.0
533.5479125976562  584.0
406.30731201171875  423.0
514.4754638671875  533.0
312.45513916015625  300.0
527.6663818359375  531.0
504.5267028808594  458.0
248.28773498535156  269.0
573.008056640625  522.0
551.1983032226562  517.0
399.37115478515625  409.0
393.06219482421875  385.0
504.2918701171875  519.0
557.0048828125  557.0
515.17041015625  541.0
536.1658935546875  557.0
571.29150390625  545.0
377.716796875  433.0
344.46612548828125  310.0
402.802001953125  392.0
522.5926513671875  488.0
252.17889404296875  265.0
313.5542907714844  324.0
525.0631103515625  563.0
244.86453247070312  196.0
531.2320556640625  527.0
216.87298583984375  213.0
520.2015380859375  520.0
385.2225646972656  370.0
369.079345703125  330.0
537.003662109375  589.0
390.5440673828125  373.0
205.56597900390625  220.0
293.8876953125  253.0
542.7255859375  581.0
395.9384765625  359.0
377.73101806640625  393.0
523.5535888671875  535.0
253.35693359375  266.0
524.5703125  470.0
353.541748046875  191.0
527.12158203125  503.0
524.81103515625  618.0
189.88333129882812  233.0
477.9097595214844  498.0
274.8932189941406  253.0
535.9955444335938  529.0
524.306396484375  474.0
530.3082275390625  494.0
391.437744140625  333.0
337.4709167480469  315.0
209.02130126953125  243.0
578.407958984375  545.0
519.3719482421875  581.0
523.6129150390625  501.0
519.834716796875  599.0
506.6041564941406  509.0
519.5772094726562  478.0
521.64990234375  581.0
262.760498046875  345.0
578.6497802734375  538.0
247.8553466796875  239.0
530.2591552734375  630.0
640.1973266601562  583.0
533.2693481445312  530.0
563.906005859375  604.0
531.95556640625  530.0
418.8216552734375  419.0
42.33056640625  130.0
351.9960021972656  420.0
581.4359130859375  653.0
254.0389404296875  197.0
186.82701110839844  190.0
262.843017578125  192.0
236.01925659179688  203.0
292.46697998046875  308.0
186.4469757080078  211.0
579.4818115234375  565.0
490.477294921875  449.0
518.5773315429688  525.0
577.9627685546875  551.0
300.553466796875  368.0
321.5771179199219  324.0
518.5429077148438  500.0
230.44793701171875  217.0
562.53466796875  685.0
342.31298828125  374.0
415.90716552734375  393.0
522.2506103515625  539.0
480.13226318359375  643.0
270.39813232421875  241.0
527.059814453125  482.0
515.3030395507812  606.0
617.6913452148438  618.0
398.0887451171875  395.0
MSE : 3092.914335389869
MAPE : 9.891537630224512
R2 Score : 0.8555169139308995
time : 925.9932131159585
