385.70721435546875  331.0
365.1634826660156  392.0
527.4988403320312  669.0
590.49609375  555.0
604.4713134765625  563.0
256.18182373046875  254.0
607.4659423828125  668.0
546.7459716796875  481.0
573.4485473632812  552.0
577.7817993164062  546.0
254.7568359375  206.0
524.2044067382812  554.0
536.7132568359375  488.0
512.6150512695312  538.0
348.1460876464844  365.0
576.9119873046875  630.0
565.9883422851562  577.0
494.6941223144531  528.0
395.5300598144531  243.0
519.2367553710938  595.0
387.0603332519531  353.0
579.1641845703125  658.0
362.3440246582031  313.0
302.5485534667969  308.0
376.5387268066406  298.0
538.0223388671875  494.0
252.97972106933594  195.0
539.2105102539062  485.0
570.3015747070312  579.0
511.5088195800781  493.0
504.4568786621094  481.0
301.97039794921875  152.0
531.738037109375  590.0
309.275634765625  349.0
494.8515625  507.0
572.0272216796875  580.0
498.74761962890625  458.0
606.6041259765625  492.0
326.5191345214844  300.0
560.1454467773438  500.0
372.43572998046875  360.0
605.7992553710938  493.0
544.8681640625  550.0
528.7555541992188  484.0
499.4640197753906  650.0
364.6994323730469  374.0
604.401611328125  444.0
253.17495727539062  256.0
408.3206787109375  373.0
368.12457275390625  348.0
538.1898803710938  584.0
386.77423095703125  393.0
368.0637512207031  217.0
568.0535888671875  457.0
560.7783203125  580.0
364.28668212890625  359.0
547.8740234375  618.0
567.3462524414062  473.0
519.96875  495.0
510.61932373046875  526.0
359.3082580566406  228.0
368.1263732910156  475.0
313.6488952636719  191.0
384.1553955078125  421.0
576.60400390625  619.0
471.3927307128906  545.0
259.6488342285156  219.0
545.79296875  517.0
514.0372924804688  475.0
532.97216796875  569.0
371.2431945800781  433.0
535.9003295898438  513.0
490.2574768066406  523.0
600.0971069335938  532.0
409.075439453125  403.0
544.0584716796875  536.0
500.5720520019531  491.0
248.24551391601562  203.0
397.91802978515625  419.0
532.8976440429688  545.0
581.3314819335938  536.0
307.7830505371094  324.0
298.833740234375  393.0
405.3598937988281  424.0
563.09033203125  449.0
533.7354125976562  533.0
600.2568359375  530.0
589.754638671875  606.0
594.20068359375  545.0
543.352783203125  331.0
502.0889587402344  479.0
305.56488037109375  321.0
519.807373046875  502.0
386.5594177246094  415.0
254.7069854736328  213.0
256.5341491699219  302.0
583.31298828125  549.0
521.268798828125  500.0
603.802978515625  541.0
584.994873046875  589.0
MSE : 4242.34354458529
MAPE : 13.146810022248255
R2 Score : 0.7315530588899335
time : 717.2583797780098
