365.1029968261719  374.0
495.3807678222656  490.0
581.1365356445312  527.0
396.2170715332031  401.0
523.8306884765625  523.0
580.0374755859375  552.0
363.2784118652344  343.0
273.4058532714844  331.0
552.2383422851562  565.0
615.1417846679688  616.0
571.511962890625  549.0
653.0277709960938  593.0
564.2305297851562  573.0
386.94451904296875  363.0
344.4966125488281  360.0
395.8359375  433.0
339.9088439941406  409.0
220.21580505371094  197.0
536.8110961914062  493.0
501.3044738769531  500.0
317.8316955566406  228.0
509.9530944824219  458.0
447.4034729003906  419.0
384.7789001464844  395.0
229.13478088378906  219.0
466.5440368652344  507.0
120.2168197631836  273.0
341.2240295410156  330.0
238.30130004882812  259.0
631.3853759765625  595.0
300.3604431152344  358.0
218.53395080566406  213.0
342.3955383300781  373.0
341.4638366699219  330.0
670.1096801757812  547.0
707.0095825195312  649.0
566.4861450195312  560.0
520.7622680664062  554.0
519.5632934570312  519.0
446.8085632324219  440.0
408.6131286621094  411.0
379.7059020996094  393.0
597.6862182617188  621.0
482.4307556152344  505.0
220.74313354492188  253.0
539.43212890625  563.0
559.9381713867188  513.0
485.1673889160156  539.0
480.9420471191406  481.0
753.3298950195312  643.0
666.6223754882812  623.0
174.64022827148438  195.0
539.5938720703125  536.0
292.72027587890625  304.0
531.278076171875  503.0
308.92559814453125  315.0
210.49256896972656  192.0
566.2797241210938  551.0
326.3334655761719  256.0
419.8317565917969  475.0
590.7536010742188  562.0
371.36468505859375  384.0
579.9177856445312  533.0
340.6568298339844  279.0
530.1113891601562  563.0
505.8042907714844  478.0
289.06243896484375  278.0
603.7994384765625  624.0
400.7835388183594  397.0
645.4659423828125  541.0
336.9415283203125  313.0
296.1108703613281  281.0
589.0457153320312  567.0
211.30223083496094  216.0
405.8488464355469  386.0
497.7297058105469  493.0
517.7439575195312  497.0
488.3722839355469  473.0
547.6137084960938  508.0
513.5873413085938  549.0
571.183349609375  577.0
335.0327453613281  363.0
574.7431030273438  577.0
471.8852233886719  492.0
384.18402099609375  418.0
409.02435302734375  403.0
342.5421447753906  344.0
482.4044494628906  474.0
597.9251098632812  773.0
241.9636993408203  302.0
278.1295471191406  311.0
603.7313232421875  630.0
546.6481323242188  549.0
406.68963623046875  410.0
570.5215454101562  580.0
568.9380493164062  561.0
564.2098388671875  528.0
MSE : 1872.162221424935
MAPE : 7.224452150814945
R2 Score : 0.8835007649100236
time : 5092.50993458298
