223.3959503173828  241.0
151.8621368408203  191.0
597.4866333007812  763.0
189.01185607910156  425.0
205.98233032226562  213.0
474.00665283203125  499.0
550.2669067382812  653.0
519.5654907226562  565.0
353.3770751953125  440.0
533.8259887695312  515.0
543.23583984375  534.0
598.3353881835938  569.0
673.4324340820312  569.0
538.4950561523438  503.0
558.8073120117188  584.0
536.3343505859375  533.0
367.97259521484375  409.0
550.5010375976562  545.0
333.5940856933594  330.0
497.44378662109375  539.0
552.9315795898438  538.0
559.3107299804688  550.0
506.77471923828125  499.0
406.59515380859375  398.0
541.0372924804688  584.0
197.66592407226562  378.0
217.7031707763672  187.0
247.12391662597656  192.0
357.6741027832031  355.0
500.93585205078125  493.0
491.53302001953125  549.0
385.7613220214844  384.0
323.81488037109375  243.0
491.7828369140625  512.0
532.1734619140625  556.0
664.6220092773438  593.0
563.1577758789062  557.0
255.86993408203125  344.0
542.7335205078125  527.0
219.21075439453125  281.0
528.3358154296875  508.0
388.558349609375  211.0
508.2899475097656  492.0
535.2274169921875  577.0
591.9585571289062  360.0
562.5726928710938  626.0
303.4482727050781  233.0
487.4508361816406  484.0
225.87960815429688  380.0
245.32308959960938  376.0
232.70797729492188  197.0
369.0578918457031  475.0
488.9311828613281  459.0
264.78704833984375  311.0
462.07403564453125  541.0
365.464111328125  420.0
373.14654541015625  392.0
587.9450073242188  550.0
372.3599548339844  206.0
396.45782470703125  411.0
500.3280029296875  497.0
499.092529296875  557.0
389.32232666015625  270.0
256.93402099609375  325.0
406.0029296875  362.0
268.6076354980469  293.0
507.9561767578125  401.0
388.2705078125  423.0
226.5393829345703  194.0
330.7607421875  308.0
537.9287719726562  523.0
517.6513671875  545.0
234.11203002929688  239.0
494.6627502441406  419.0
126.74002075195312  319.0
273.593505859375  273.0
373.68365478515625  417.0
245.4589385986328  378.0
416.826416015625  658.0
151.3157958984375  366.0
492.27764892578125  618.0
508.1829528808594  501.0
382.52557373046875  363.0
547.3645629882812  551.0
298.4412841796875  253.0
333.7496643066406  318.0
275.015625  331.0
508.90960693359375  535.0
528.8456420898438  508.0
405.9739074707031  478.0
495.7209167480469  503.0
195.31881713867188  204.0
581.0125732421875  545.0
599.41015625  566.0
421.1457824707031  449.0
615.5759887695312  547.0
MSE : 6503.693070598332
MAPE : 14.822513668486458
R2 Score : 0.6227534854362953
time : 1133.7636803839123
