557.7666015625  533.0
526.239501953125  552.0
522.4052734375  530.0
478.30926513671875  500.0
496.4801940917969  522.0
367.71063232421875  384.0
520.1508178710938  569.0
588.4624633789062  765.0
304.65447998046875  239.0
289.1676940917969  251.0
486.4326477050781  538.0
379.5019836425781  387.0
508.61279296875  529.0
357.5561828613281  344.0
520.87841796875  512.0
417.9372863769531  420.0
589.6026611328125  587.0
236.00677490234375  203.0
520.991455078125  551.0
386.78131103515625  389.0
454.48504638671875  411.0
204.91604614257812  217.0
425.2397766113281  394.0
588.1199951171875  538.0
589.1694946289062  573.0
559.417724609375  517.0
563.5015869140625  600.0
521.994140625  577.0
516.9150390625  503.0
572.906982421875  562.0
340.61932373046875  195.0
529.0609741210938  554.0
589.471923828125  566.0
589.419189453125  560.0
281.30938720703125  278.0
578.5547485351562  653.0
582.9432373046875  552.0
299.032958984375  304.0
341.9114685058594  363.0
226.61550903320312  207.0
351.26092529296875  482.0
510.5408935546875  545.0
556.0036010742188  568.0
319.01611328125  409.0
586.1074829101562  584.0
518.34716796875  493.0
261.5671691894531  203.0
522.326904296875  508.0
245.25460815429688  216.0
368.6230773925781  199.0
590.94482421875  649.0
291.7861633300781  195.0
324.11053466796875  343.0
290.2535400390625  433.0
583.8757934570312  551.0
513.3438720703125  534.0
587.6197509765625  583.0
583.5541381835938  535.0
589.4049072265625  624.0
587.24169921875  604.0
591.0902099609375  548.0
528.9979248046875  503.0
387.4410400390625  373.0
583.9984130859375  592.0
327.98162841796875  330.0
504.5197448730469  505.0
506.7109375  532.0
470.2762451171875  547.0
494.9088134765625  481.0
399.9375915527344  401.0
288.9764404296875  249.0
447.9341125488281  388.0
539.99072265625  549.0
518.2245483398438  474.0
350.2401428222656  359.0
348.04486083984375  378.0
281.0012512207031  253.0
579.0198974609375  550.0
508.73748779296875  473.0
349.53814697265625  353.0
330.06195068359375  378.0
494.8472900390625  595.0
518.4228515625  530.0
373.1712646484375  396.0
518.1138916015625  459.0
341.8204345703125  378.0
494.0112609863281  563.0
348.29254150390625  424.0
305.7845458984375  223.0
589.9881591796875  621.0
231.22674560546875  221.0
393.82098388671875  392.0
590.759521484375  669.0
373.4835205078125  360.0
547.48388671875  525.0
472.33929443359375  500.0
543.2266235351562  526.0
476.9832458496094  560.0
479.1781005859375  484.0
522.3827514648438  542.0
MSE : 2615.896352159092
MAPE : 9.536620723013074
R2 Score : 0.8451192594816307
time : 447.7203121780185
