318.501708984375  241.0
242.79559326171875  191.0
578.8280029296875  763.0
472.8352966308594  425.0
287.9895324707031  213.0
530.21728515625  499.0
578.914794921875  653.0
572.3242797851562  565.0
382.7652587890625  440.0
548.5843505859375  515.0
525.459716796875  534.0
578.45361328125  569.0
577.7484130859375  569.0
495.01324462890625  503.0
578.905029296875  584.0
491.72552490234375  533.0
380.26904296875  409.0
569.8232421875  545.0
335.381591796875  330.0
516.68017578125  539.0
566.5206298828125  538.0
578.3431396484375  550.0
484.94781494140625  499.0
338.3892822265625  398.0
543.3265991210938  584.0
359.92413330078125  378.0
218.40921020507812  187.0
243.18930053710938  192.0
355.6209411621094  355.0
540.1963500976562  493.0
540.47119140625  549.0
393.328369140625  384.0
168.70352172851562  243.0
462.6981201171875  512.0
547.2269287109375  556.0
502.82354736328125  593.0
578.7247314453125  557.0
340.0133056640625  344.0
545.6259765625  527.0
348.9140930175781  281.0
578.4492797851562  508.0
258.0077819824219  211.0
444.7478942871094  492.0
574.286865234375  577.0
365.83953857421875  360.0
578.4469604492188  626.0
219.7517547607422  233.0
576.1282958984375  484.0
379.4614562988281  380.0
362.26300048828125  376.0
291.06854248046875  197.0
406.04547119140625  475.0
477.73529052734375  459.0
247.6109619140625  311.0
513.87255859375  541.0
372.62225341796875  420.0
344.4136657714844  392.0
498.0592041015625  550.0
278.53521728515625  206.0
383.39593505859375  411.0
536.837646484375  497.0
515.791015625  557.0
233.1800537109375  270.0
303.7216796875  325.0
335.88043212890625  362.0
344.04278564453125  293.0
361.9346618652344  401.0
388.34552001953125  423.0
225.63787841796875  194.0
353.4252624511719  308.0
568.1160888671875  523.0
562.559326171875  545.0
251.16915893554688  239.0
316.037841796875  419.0
1.143619179725647  319.0
87.4709701538086  273.0
365.1297302246094  417.0
368.8011169433594  378.0
417.2501525878906  658.0
253.93284606933594  366.0
568.6192626953125  618.0
479.802734375  501.0
383.12628173828125  363.0
555.5203857421875  551.0
310.0575256347656  253.0
389.65911865234375  318.0
206.16180419921875  331.0
515.8827514648438  535.0
487.944091796875  508.0
450.1387939453125  478.0
518.7817993164062  503.0
223.32595825195312  204.0
406.12091064453125  545.0
573.3365478515625  566.0
420.3549499511719  449.0
532.496826171875  547.0
MSE : 4570.127566045744
MAPE : 12.517306400565028
R2 Score : 0.7349098924738076
time : 647.6857596660266
