570.875244140625  562.0
319.47686767578125  313.0
347.94390869140625  337.0
546.9566650390625  566.0
276.4540100097656  298.0
192.2505645751953  192.0
408.5213928222656  407.0
368.7567443847656  353.0
351.1958312988281  370.0
416.08306884765625  353.0
550.1607666015625  577.0
251.04762268066406  254.0
550.5402221679688  527.0
513.80615234375  517.0
561.22216796875  587.0
511.12738037109375  508.0
347.95806884765625  324.0
580.4563598632812  630.0
536.3911743164062  539.0
541.36376953125  538.0
238.67764282226562  268.0
544.845458984375  541.0
641.50927734375  633.0
581.23876953125  555.0
227.09349060058594  223.0
356.7254638671875  314.0
563.03955078125  590.0
553.5677490234375  494.0
320.50677490234375  267.0
178.20361328125  152.0
419.5216979980469  403.0
311.7279357910156  330.0
521.6296997070312  523.0
449.02099609375  563.0
523.9564208984375  542.0
606.488037109375  545.0
483.93408203125  493.0
558.7122192382812  584.0
592.1697387695312  579.0
265.75067138671875  226.0
354.66180419921875  273.0
634.2060546875  541.0
512.970458984375  501.0
519.5660400390625  530.0
311.05084228515625  409.0
546.6941528320312  374.0
611.557861328125  623.0
200.0780487060547  218.0
510.7020263671875  509.0
466.6495056152344  401.0
526.0096435546875  457.0
536.1175537109375  533.0
267.512939453125  333.0
637.58203125  593.0
583.4921875  668.0
333.6867370605469  365.0
243.6434783935547  221.0
616.510498046875  616.0
341.69879150390625  319.0
198.82801818847656  223.0
391.9409484863281  387.0
242.56112670898438  278.0
391.1333923339844  191.0
273.2723693847656  249.0
495.7967529296875  519.0
577.6388549804688  573.0
504.8994140625  523.0
204.8264923095703  197.0
335.4527587890625  325.0
464.32904052734375  538.0
380.6571044921875  378.0
315.5872497558594  316.0
468.53302001953125  488.0
672.017333984375  593.0
568.765869140625  550.0
185.2418975830078  243.0
530.5384521484375  529.0
517.4618530273438  499.0
537.6538696289062  527.0
476.91644287109375  470.0
531.4818115234375  522.0
299.51373291015625  241.0
371.555419921875  377.0
555.1309204101562  550.0
536.603759765625  525.0
208.1742401123047  188.0
240.6327667236328  220.0
413.43572998046875  373.0
389.5793762207031  362.0
223.18960571289062  293.0
565.15234375  577.0
422.0670166015625  423.0
743.6369018554688  653.0
429.0360107421875  415.0
500.81817626953125  529.0
492.66949462890625  520.0
222.065185546875  209.0
392.4447326660156  380.0
519.2069702148438  503.0
MSE : 2065.0752968674647
MAPE : 8.315665443698183
R2 Score : 0.8891767032105042
time : 879.3846291210502
