474.02093505859375  331.0
331.41156005859375  392.0
619.032958984375  669.0
531.0243530273438  549.0
543.36279296875  563.0
240.1719512939453  254.0
601.1798706054688  668.0
526.27294921875  481.0
546.2686157226562  552.0
508.0478210449219  546.0
265.4474182128906  206.0
521.599609375  554.0
497.30718994140625  488.0
515.7875366210938  538.0
243.97012329101562  365.0
586.478759765625  630.0
561.271484375  577.0
506.9197082519531  528.0
330.0452575683594  243.0
673.2251586914062  595.0
357.1474304199219  353.0
662.69921875  658.0
14.278544425964355  313.0
337.04058837890625  308.0
261.8355712890625  298.0
492.61639404296875  485.0
235.37232971191406  195.0
568.9597778320312  579.0
511.62774658203125  493.0
488.88531494140625  481.0
399.2567138671875  152.0
643.7079467773438  590.0
277.4293518066406  349.0
477.7630615234375  507.0
592.8975830078125  580.0
503.6015625  458.0
538.9022216796875  492.0
275.0617370605469  300.0
486.5894470214844  500.0
441.7729797363281  360.0
492.0660400390625  493.0
556.8070068359375  550.0
539.4625854492188  484.0
537.222412109375  650.0
392.1532897949219  374.0
434.0078125  444.0
288.9217224121094  256.0
308.0424499511719  373.0
288.32000732421875  348.0
577.7607421875  533.0
410.1854248046875  393.0
7.850229263305664  217.0
463.3755798339844  457.0
618.2101440429688  580.0
343.0670166015625  359.0
614.193359375  569.0
449.4378356933594  473.0
511.1067810058594  495.0
499.3415832519531  536.0
132.9439697265625  228.0
493.7505187988281  475.0
525.925048828125  191.0
542.501220703125  421.0
558.8630981445312  619.0
566.968505859375  545.0
296.21343994140625  219.0
437.8741149902344  517.0
484.8849792480469  475.0
334.0885009765625  433.0
539.9940795898438  513.0
499.43157958984375  523.0
516.5782470703125  532.0
423.96783447265625  403.0
525.5421142578125  491.0
147.66920471191406  203.0
428.17889404296875  419.0
526.215576171875  545.0
554.110595703125  536.0
258.9324645996094  324.0
339.6090087890625  393.0
284.412109375  424.0
496.88702392578125  449.0
532.5636596679688  530.0
554.5150756835938  606.0
582.4237060546875  545.0
241.6818389892578  331.0
493.2265625  479.0
302.8792419433594  321.0
487.974853515625  502.0
272.6416320800781  415.0
323.8805847167969  213.0
266.48101806640625  302.0
500.9234924316406  500.0
514.576904296875  541.0
565.0955200195312  589.0
MSE : 6005.477040504885
MAPE : 15.919894571064926
R2 Score : 0.6235912648020883
time : 498.947378691053
