355.6048583984375  409.0
547.462646484375  490.0
544.6326904296875  527.0
602.8978271484375  401.0
501.5820617675781  523.0
551.1425170898438  552.0
330.8030090332031  343.0
339.55047607421875  331.0
551.36474609375  527.0
605.1176147460938  616.0
511.9615173339844  549.0
606.1200561523438  593.0
556.9437255859375  573.0
382.5692443847656  363.0
377.74078369140625  360.0
367.87994384765625  413.0
384.3765563964844  409.0
205.88421630859375  197.0
508.43487548828125  493.0
597.2572631835938  500.0
218.0015411376953  228.0
504.4940490722656  458.0
444.3591613769531  419.0
372.3965148925781  395.0
228.37184143066406  219.0
512.0985107421875  507.0
395.9083251953125  273.0
271.00592041015625  330.0
256.2774353027344  259.0
593.8489990234375  595.0
235.88870239257812  358.0
209.94927978515625  213.0
371.79693603515625  373.0
320.4559326171875  330.0
582.5236206054688  547.0
608.299560546875  649.0
557.1004028320312  560.0
568.6990966796875  554.0
542.2775268554688  519.0
404.50213623046875  440.0
607.8229370117188  411.0
337.0487365722656  393.0
596.538818359375  621.0
507.8916015625  505.0
239.68064880371094  253.0
602.7957763671875  563.0
549.9410400390625  565.0
562.0225219726562  513.0
552.4343872070312  539.0
515.6783447265625  481.0
612.7081298828125  643.0
581.893310546875  623.0
206.06394958496094  195.0
539.7528686523438  536.0
342.029541015625  304.0
512.233642578125  503.0
335.74591064453125  315.0
205.95794677734375  192.0
575.2286376953125  551.0
303.7269592285156  256.0
342.0552673339844  433.0
386.7371520996094  475.0
556.3873901367188  562.0
379.6475830078125  384.0
566.7546997070312  533.0
298.76177978515625  279.0
619.6255493164062  563.0
458.40643310546875  478.0
282.6737060546875  278.0
593.5604858398438  624.0
414.9573974609375  397.0
488.2518615722656  541.0
207.90719604492188  313.0
290.037353515625  281.0
525.1253051757812  567.0
213.14443969726562  216.0
382.24456787109375  386.0
518.2684326171875  493.0
506.36236572265625  497.0
418.95660400390625  473.0
511.98480224609375  508.0
524.1195678710938  549.0
545.072998046875  577.0
372.4229736328125  363.0
558.2742309570312  577.0
596.22021484375  492.0
371.2737731933594  418.0
407.3122253417969  403.0
396.115966796875  344.0
510.3167724609375  474.0
537.5955200195312  773.0
268.3033752441406  302.0
398.43048095703125  311.0
609.6729125976562  630.0
525.713623046875  549.0
376.20233154296875  374.0
212.2690887451172  410.0
577.2140502929688  580.0
596.5857543945312  561.0
510.06976318359375  528.0
MSE : 3285.1150104226663
MAPE : 8.583692743908149
R2 Score : 0.7904619053324808
time : 746.8501275510062
