571.2179565429688  533.0
568.78125  552.0
558.7695922851562  530.0
492.7333068847656  500.0
531.6531982421875  522.0
392.8150939941406  384.0
539.4116821289062  569.0
598.3763427734375  765.0
323.7522888183594  239.0
284.832275390625  251.0
340.8358459472656  538.0
397.831298828125  387.0
541.5606689453125  529.0
281.167236328125  344.0
512.5406494140625  512.0
394.5941467285156  420.0
581.936767578125  587.0
253.71575927734375  203.0
525.8433837890625  551.0
364.0034484863281  389.0
428.8340759277344  411.0
281.5396423339844  217.0
392.2882385253906  394.0
544.9035034179688  538.0
586.5325927734375  573.0
529.3604736328125  517.0
577.882568359375  600.0
525.7781982421875  577.0
534.2337646484375  503.0
587.937255859375  562.0
336.8775939941406  195.0
576.387451171875  554.0
580.701171875  566.0
563.6818237304688  560.0
260.8481140136719  278.0
578.084228515625  653.0
584.0361938476562  552.0
348.2000732421875  304.0
424.3464660644531  363.0
293.9094543457031  207.0
394.6856994628906  482.0
536.2761840820312  545.0
558.2163696289062  568.0
412.5211486816406  409.0
589.7520751953125  584.0
540.00634765625  493.0
226.4379119873047  203.0
524.8597412109375  508.0
224.20437622070312  216.0
359.011474609375  199.0
588.5706787109375  649.0
218.75579833984375  195.0
318.0507507324219  343.0
400.8301086425781  433.0
586.1891479492188  551.0
506.1389465332031  534.0
699.7739868164062  583.0
586.1751098632812  535.0
601.5911865234375  624.0
576.476806640625  604.0
543.7637329101562  548.0
524.1229858398438  503.0
372.05633544921875  373.0
598.1502685546875  592.0
354.0318298339844  330.0
506.8175964355469  505.0
509.3976745605469  532.0
612.8011474609375  547.0
508.6911926269531  481.0
351.9346008300781  401.0
338.3934631347656  249.0
374.8201599121094  388.0
540.0975341796875  549.0
495.3059387207031  474.0
344.43701171875  359.0
442.684326171875  378.0
343.81396484375  253.0
556.3695068359375  550.0
491.8467102050781  473.0
411.9768371582031  353.0
388.8578796386719  378.0
678.2207641601562  595.0
492.6363830566406  530.0
336.3296203613281  396.0
470.8587951660156  459.0
371.442138671875  378.0
570.21923828125  563.0
342.0804138183594  424.0
226.62506103515625  223.0
565.13720703125  621.0
242.26708984375  221.0
364.0141296386719  392.0
577.875  669.0
377.3456115722656  360.0
578.8388671875  525.0
427.7990417480469  500.0
525.1090087890625  526.0
587.8718872070312  560.0
503.9295959472656  484.0
518.2571411132812  542.0
MSE : 2760.9511004102624
MAPE : 9.790997886088912
R2 Score : 0.8365309273000807
time : 1381.440047616954
