190.3018341064453  241.0
205.74221801757812  191.0
677.6011962890625  763.0
395.54803466796875  425.0
281.57281494140625  213.0
540.1215209960938  499.0
644.040771484375  653.0
546.763671875  565.0
551.421630859375  440.0
512.0179443359375  515.0
558.478759765625  534.0
572.260498046875  569.0
661.9727172851562  618.0
525.7884521484375  503.0
609.6683349609375  584.0
524.2316284179688  533.0
364.276611328125  409.0
564.1297607421875  545.0
252.86135864257812  330.0
511.9527282714844  539.0
551.3383178710938  538.0
610.577880859375  550.0
516.4259033203125  499.0
374.5575256347656  398.0
563.0139770507812  584.0
361.5604248046875  378.0
201.2187042236328  187.0
218.59164428710938  192.0
381.29595947265625  355.0
518.1815185546875  493.0
529.6577758789062  555.0
375.97662353515625  384.0
378.4814453125  243.0
519.4031982421875  512.0
556.9190063476562  556.0
625.0689697265625  593.0
618.4840698242188  557.0
356.0553283691406  344.0
540.2697143554688  527.0
357.50054931640625  281.0
575.7046508789062  508.0
339.26220703125  211.0
526.1968383789062  549.0
522.15966796875  492.0
564.364501953125  577.0
345.95587158203125  360.0
566.4537353515625  589.0
328.3886413574219  233.0
627.261962890625  484.0
652.4346923828125  569.0
264.0428466796875  380.0
301.3731689453125  376.0
210.18983459472656  197.0
395.9368896484375  475.0
520.3792114257812  459.0
225.9603729248047  311.0
558.5814208984375  541.0
438.35430908203125  420.0
366.9185791015625  392.0
598.811767578125  550.0
308.4459228515625  206.0
557.6585083007812  411.0
511.442626953125  497.0
551.0302734375  557.0
256.4156494140625  251.0
213.66294860839844  325.0
371.0340270996094  362.0
571.0750732421875  626.0
246.5043182373047  293.0
562.2638549804688  401.0
398.34332275390625  423.0
246.64474487304688  194.0
255.4898223876953  308.0
527.67626953125  523.0
538.6790771484375  545.0
245.8705291748047  239.0
565.9254150390625  419.0
269.7195739746094  270.0
235.7211456298828  319.0
208.071533203125  273.0
408.916259765625  417.0
359.3671569824219  378.0
526.9403686523438  658.0
226.59608459472656  366.0
538.74462890625  618.0
531.1087036132812  501.0
346.090087890625  363.0
568.190673828125  551.0
252.8060760498047  253.0
244.97592163085938  318.0
213.923095703125  331.0
529.9674072265625  535.0
513.2091064453125  508.0
452.38287353515625  478.0
544.587646484375  503.0
251.26902770996094  204.0
558.01904296875  545.0
602.1166381835938  566.0
362.853271484375  449.0
639.45458984375  547.0
MSE : 3816.526004892765
MAPE : 12.455115064751649
R2 Score : 0.7832392504060104
time : 4484.414799954044
