592.637451171875  763.0
542.6432495117188  773.0
564.05859375  584.0
580.8712158203125  584.0
374.5861511230469  423.0
534.6219482421875  533.0
349.7680969238281  300.0
539.7472534179688  531.0
433.7304382324219  458.0
287.6118469238281  269.0
531.3194580078125  522.0
588.2826538085938  568.0
351.6355895996094  409.0
357.8331604003906  385.0
573.533447265625  519.0
592.9570922851562  557.0
532.5698852539062  541.0
536.97900390625  557.0
531.2130126953125  545.0
355.7765808105469  433.0
352.5804138183594  310.0
362.6253967285156  389.0
534.9346923828125  488.0
355.431884765625  265.0
355.4854431152344  324.0
535.3358154296875  563.0
240.11520385742188  196.0
531.3043212890625  527.0
242.96212768554688  213.0
529.0821533203125  520.0
356.2490539550781  370.0
358.7367858886719  330.0
538.15625  589.0
357.4395751953125  373.0
274.9534606933594  220.0
246.97186279296875  253.0
593.9788818359375  581.0
357.6705017089844  359.0
432.1663513183594  393.0
534.3340454101562  535.0
251.61709594726562  266.0
533.1826171875  470.0
247.2593536376953  191.0
436.7850341796875  503.0
579.6799926757812  618.0
337.8807678222656  233.0
410.9209899902344  498.0
590.895263671875  517.0
274.3671875  253.0
563.1703491210938  529.0
532.7083740234375  474.0
537.1343994140625  494.0
355.64984130859375  333.0
353.3307189941406  315.0
347.3570251464844  243.0
535.3082275390625  545.0
528.5048828125  581.0
567.8233032226562  501.0
530.1834106445312  599.0
538.3368530273438  509.0
530.0521240234375  478.0
529.603759765625  581.0
363.5799255371094  345.0
531.319091796875  538.0
243.76840209960938  239.0
533.0654296875  630.0
531.5892333984375  583.0
582.623046875  530.0
375.296630859375  604.0
530.1131591796875  530.0
419.2235107421875  419.0
248.96780395507812  130.0
403.3146057128906  420.0
558.60009765625  653.0
240.50994873046875  197.0
252.1361541748047  190.0
239.73416137695312  192.0
240.49009704589844  203.0
358.9549255371094  392.0
277.2572326660156  308.0
262.3906555175781  211.0
537.849853515625  565.0
512.9647216796875  449.0
540.8416137695312  525.0
532.8992309570312  551.0
359.1892395019531  368.0
354.8157653808594  324.0
529.2618408203125  500.0
327.5160827636719  217.0
590.7471923828125  685.0
378.380615234375  374.0
443.6007385253906  401.0
532.723388671875  539.0
528.7570190429688  643.0
240.487548828125  241.0
529.2647705078125  482.0
536.741943359375  606.0
593.9535522460938  618.0
368.2199401855469  393.0
495.0732116699219  395.0
MSE : 3718.066983669221
MAPE : 11.810828668855715
R2 Score : 0.8226957060592488
time : 1230.649999176967
