558.5305786132812  763.0
516.1369018554688  773.0
595.65576171875  584.0
551.1635131835938  584.0
425.3299560546875  423.0
545.1265258789062  533.0
306.94677734375  300.0
531.9617919921875  531.0
490.4666748046875  458.0
231.65740966796875  269.0
551.361328125  522.0
555.8259887695312  517.0
354.6602783203125  409.0
355.1488952636719  385.0
545.643310546875  519.0
589.6959228515625  557.0
593.137939453125  541.0
507.4127197265625  557.0
552.08935546875  545.0
359.8134460449219  433.0
316.3255615234375  310.0
362.80889892578125  392.0
512.1133422851562  488.0
255.71717834472656  265.0
336.6738586425781  324.0
596.9715576171875  563.0
203.0400390625  196.0
549.9150390625  527.0
204.30308532714844  213.0
549.3516235351562  520.0
356.0397644042969  370.0
332.73291015625  330.0
541.7904663085938  589.0
354.78369140625  373.0
195.59461975097656  220.0
206.0450439453125  253.0
542.9864501953125  581.0
359.33935546875  359.0
351.6440734863281  393.0
544.8847045898438  535.0
222.5418243408203  266.0
505.492431640625  470.0
354.8721618652344  191.0
460.85302734375  503.0
509.28497314453125  618.0
188.94464111328125  233.0
435.1825256347656  498.0
223.30728149414062  253.0
512.6083984375  529.0
540.584716796875  474.0
506.0379333496094  494.0
355.0661315917969  333.0
321.52227783203125  315.0
156.78602600097656  243.0
551.71728515625  545.0
551.1602783203125  581.0
500.8355712890625  501.0
549.6409301757812  599.0
549.9567260742188  509.0
554.2594604492188  478.0
552.22509765625  581.0
360.45916748046875  345.0
562.0716552734375  538.0
272.6258239746094  239.0
560.4297485351562  630.0
581.2501831054688  583.0
545.899658203125  530.0
509.7674255371094  604.0
521.1177978515625  530.0
438.3543395996094  419.0
202.19041442871094  130.0
354.9393005371094  420.0
552.9096069335938  653.0
210.029541015625  197.0
200.52627563476562  190.0
200.25819396972656  192.0
212.3249969482422  203.0
327.9561767578125  308.0
204.14471435546875  211.0
539.9259643554688  565.0
445.6155700683594  449.0
516.6502075195312  525.0
550.0361328125  551.0
298.92242431640625  368.0
332.0364074707031  324.0
549.8426513671875  500.0
114.8878402709961  217.0
591.2337646484375  685.0
382.94439697265625  374.0
369.10986328125  393.0
533.658203125  539.0
576.9126586914062  643.0
352.5315856933594  241.0
549.0403442382812  482.0
594.3807983398438  606.0
597.6455078125  618.0
375.6178283691406  395.0
MSE : 3146.141250444706
MAPE : 9.682383380670247
R2 Score : 0.8530304600187864
time : 872.0533276069909
