525.8519897460938  520.0
557.09130859375  619.0
486.4764709472656  492.0
536.5914306640625  523.0
550.0899658203125  503.0
381.36065673828125  389.0
487.441162109375  493.0
597.955078125  580.0
525.3864135742188  526.0
538.3878173828125  565.0
539.4906005859375  479.0
380.881103515625  349.0
336.1073303222656  335.0
334.76116943359375  344.0
613.7221069335938  566.0
262.8539733886719  233.0
252.64187622070312  206.0
467.9992980957031  444.0
506.0695495605469  482.0
365.5838928222656  362.0
395.88818359375  417.0
509.3730773925781  545.0
538.5140380859375  529.0
485.6329040527344  488.0
556.0475463867188  541.0
544.5970458984375  539.0
378.93597412109375  392.0
554.397705078125  565.0
266.8905029296875  241.0
349.5142517089844  415.0
548.2392578125  526.0
321.78369140625  304.0
534.9392700195312  538.0
310.7735595703125  281.0
617.85205078125  589.0
565.8256225585938  535.0
502.93670654296875  503.0
228.0113525390625  216.0
566.43408203125  568.0
394.87847900390625  363.0
530.9721069335938  523.0
259.44122314453125  302.0
549.9634399414062  517.0
226.77792358398438  223.0
540.4133911132812  508.0
369.4980163574219  353.0
608.4437255859375  556.0
567.971435546875  589.0
595.8468017578125  616.0
252.041259765625  219.0
523.3237915039062  563.0
529.66015625  599.0
533.4921264648438  474.0
412.40838623046875  420.0
268.9642333984375  218.0
526.9902954101562  459.0
429.6582336425781  475.0
588.3078002929688  590.0
285.3084716796875  251.0
525.835205078125  522.0
616.4076538085938  533.0
259.19488525390625  228.0
312.85211181640625  331.0
606.2337036132812  658.0
307.0216064453125  379.0
521.1450805664062  508.0
206.89369201660156  152.0
616.9412231445312  593.0
613.9322509765625  630.0
617.7290649414062  673.0
533.2457885742188  542.0
232.8626251220703  190.0
521.3065795898438  508.0
532.8489379882812  531.0
350.368896484375  378.0
511.75439453125  458.0
604.1192626953125  559.0
615.4772338867188  583.0
418.7928771972656  407.0
405.35638427734375  385.0
564.3877563476562  557.0
395.5155334472656  325.0
567.2642211914062  552.0
539.623291015625  618.0
296.0743713378906  348.0
515.6492919921875  494.0
408.5592346191406  393.0
608.9454956054688  549.0
608.5776977539062  578.0
364.0179748535156  433.0
515.2089233398438  505.0
222.49720764160156  203.0
564.0303955078125  579.0
512.8720703125  490.0
351.8968505859375  333.0
212.65357971191406  203.0
617.2420654296875  568.0
247.749755859375  243.0
588.2019653320312  564.0
MSE : 1227.1847275650655
MAPE : 7.010578509911253
R2 Score : 0.926390501255737
time : 745.2906053969637
