464.8255615234375  407.0
524.3496704101562  411.0
512.1853637695312  497.0
614.1062622070312  539.0
525.9986572265625  521.0
533.9711303710938  520.0
532.0260620117188  545.0
307.824462890625  313.0
554.8143920898438  604.0
547.8327026367188  560.0
512.0438842773438  493.0
460.7196044921875  503.0
491.81011962890625  475.0
496.7337341308594  500.0
330.3559265136719  348.0
415.68719482421875  419.0
233.5877227783203  241.0
257.4420166015625  213.0
358.1114196777344  348.0
579.1712646484375  578.0
506.5755310058594  542.0
580.1431274414062  563.0
477.2626647949219  492.0
543.63232421875  531.0
455.06915283203125  444.0
496.0576171875  358.0
350.86053466796875  425.0
411.967529296875  433.0
246.25436401367188  205.0
543.5455322265625  584.0
590.3928833007812  584.0
557.78076171875  615.0
308.34661865234375  330.0
390.18682861328125  384.0
433.50164794921875  493.0
336.4091796875  331.0
543.2258911132812  559.0
528.7791748046875  537.0
380.229248046875  393.0
333.94464111328125  397.0
484.7769775390625  498.0
515.6900634765625  528.0
488.5106201171875  479.0
368.21942138671875  355.0
299.690673828125  281.0
364.2173767089844  401.0
498.99755859375  484.0
294.714111328125  239.0
417.69940185546875  419.0
339.3876953125  378.0
248.59718322753906  265.0
532.7988891601562  552.0
515.37255859375  508.0
302.319580078125  233.0
642.00537109375  595.0
581.7993774414062  618.0
201.5212860107422  223.0
488.74615478515625  470.0
329.31951904296875  310.0
349.5704345703125  324.0
497.7587585449219  563.0
547.2904663085938  523.0
206.78245544433594  173.0
403.878662109375  411.0
564.6159057617188  633.0
598.3814086914062  616.0
569.0513916015625  678.0
564.1373291015625  590.0
241.0475311279297  213.0
628.1287231445312  579.0
557.5419311523438  566.0
462.0279846191406  467.0
207.59031677246094  293.0
475.9754638671875  494.0
250.25823974609375  344.0
295.7015380859375  323.0
537.9825439453125  568.0
554.1480102539062  581.0
593.8615112304688  669.0
580.8078002929688  557.0
264.8583679199219  348.0
462.016357421875  411.0
557.9364624023438  630.0
563.5797119140625  593.0
534.4886474609375  508.0
564.2083740234375  561.0
570.5723266601562  551.0
234.5255889892578  219.0
514.7396240234375  495.0
262.842041015625  191.0
566.8660278320312  567.0
439.6227722167969  415.0
302.8981018066406  283.0
580.8407592773438  526.0
437.84820556640625  459.0
574.1307983398438  765.0
357.80859375  353.0
311.4111022949219  253.0
254.32814025878906  308.0
384.9411926269531  366.0
MSE : 2120.215288622901
MAPE : 8.335853707498146
R2 Score : 0.8741287364253078
time : 3335.7555829549674
