686.19189453125  763.0
568.0316772460938  773.0
543.8651123046875  584.0
565.7211303710938  584.0
405.9480895996094  423.0
532.19873046875  533.0
280.1014099121094  300.0
556.1989135742188  531.0
497.4300842285156  458.0
279.77874755859375  269.0
554.5587768554688  522.0
569.0673217773438  517.0
373.30609130859375  409.0
379.36895751953125  385.0
525.355712890625  519.0
574.2034301757812  557.0
445.996337890625  541.0
517.3379516601562  557.0
491.84295654296875  545.0
387.208251953125  433.0
282.8887939453125  310.0
373.93603515625  392.0
476.37591552734375  488.0
304.38623046875  265.0
320.760498046875  324.0
451.65869140625  563.0
218.6786346435547  196.0
545.1932983398438  527.0
183.4215087890625  213.0
493.20233154296875  520.0
356.1651611328125  370.0
341.36492919921875  330.0
570.7449340820312  589.0
422.18292236328125  373.0
251.2770538330078  220.0
226.8074188232422  253.0
545.71435546875  581.0
363.7265625  359.0
390.53216552734375  393.0
553.634033203125  535.0
311.51239013671875  266.0
489.2106018066406  470.0
285.9118347167969  191.0
471.93603515625  503.0
510.0803527832031  618.0
222.84349060058594  233.0
495.5572509765625  498.0
266.5633544921875  253.0
518.1710815429688  529.0
481.668701171875  474.0
488.40802001953125  494.0
263.163818359375  333.0
298.67120361328125  315.0
171.81109619140625  243.0
562.4176025390625  545.0
571.1952514648438  581.0
500.7989501953125  501.0
473.7606201171875  599.0
514.6817626953125  509.0
490.9794921875  478.0
564.173095703125  581.0
333.33734130859375  345.0
551.8318481445312  538.0
245.8300323486328  239.0
574.7734375  630.0
656.2965698242188  583.0
548.0791625976562  530.0
568.4549560546875  604.0
522.5045166015625  530.0
430.529052734375  419.0
175.3781280517578  130.0
374.8425598144531  420.0
706.1595458984375  653.0
218.1898956298828  197.0
194.56309509277344  190.0
211.4311065673828  192.0
223.9834747314453  203.0
335.5950927734375  308.0
209.0863037109375  211.0
576.0426635742188  565.0
409.4408874511719  449.0
547.4378051757812  525.0
549.7345581054688  551.0
394.18988037109375  368.0
315.97882080078125  324.0
491.0091552734375  500.0
179.75015258789062  217.0
560.1826782226562  685.0
454.4715881347656  374.0
385.9884033203125  393.0
503.7669677734375  539.0
711.4613647460938  643.0
298.7392578125  241.0
485.0921325683594  482.0
571.7647705078125  606.0
556.7216796875  618.0
448.0235900878906  395.0
MSE : 2187.1553810585874
MAPE : 8.14550837756702
R2 Score : 0.897828738561506
time : 2002.5675932649756
