276.2638854980469  241.0
410.1658630371094  191.0
681.4819946289062  763.0
380.6007080078125  425.0
227.25672912597656  213.0
523.8723754882812  499.0
619.8499145507812  653.0
570.175537109375  565.0
440.8978576660156  440.0
499.9717102050781  515.0
538.9144897460938  534.0
601.191650390625  569.0
599.1137084960938  569.0
527.0338134765625  503.0
550.6277465820312  584.0
522.2943725585938  533.0
358.2027282714844  409.0
552.3817749023438  545.0
321.4830322265625  330.0
503.1723327636719  539.0
552.30419921875  538.0
578.8712768554688  550.0
503.7991638183594  499.0
377.9368591308594  398.0
542.6985473632812  584.0
388.8373718261719  378.0
307.5907897949219  187.0
204.0168914794922  192.0
373.4471740722656  355.0
490.41705322265625  493.0
528.1400756835938  549.0
399.6914367675781  384.0
236.49400329589844  243.0
480.1818542480469  512.0
538.1582641601562  556.0
598.3223876953125  593.0
581.7933959960938  557.0
353.2620544433594  344.0
539.2647705078125  527.0
326.7410583496094  281.0
513.6824340820312  508.0
272.29132080078125  211.0
522.443359375  492.0
537.7365112304688  577.0
324.67059326171875  360.0
586.3077392578125  626.0
246.7764434814453  233.0
492.1191711425781  484.0
444.5055847167969  380.0
361.4048767089844  376.0
200.79214477539062  197.0
439.3152160644531  475.0
474.2391052246094  459.0
252.78106689453125  311.0
513.4393920898438  541.0
420.28631591796875  420.0
393.8927307128906  392.0
506.3618469238281  550.0
253.21778869628906  206.0
417.8763732910156  411.0
502.2378845214844  497.0
498.5810852050781  557.0
269.8316955566406  270.0
348.5785827636719  325.0
373.0498962402344  362.0
326.1951599121094  293.0
478.2083435058594  401.0
432.3854675292969  423.0
237.1988983154297  194.0
341.71771240234375  308.0
519.4699096679688  523.0
525.427734375  545.0
239.1687774658203  239.0
448.630615234375  419.0
321.4847412109375  319.0
223.82431030273438  273.0
395.5516052246094  417.0
358.3575744628906  378.0
588.2621459960938  658.0
332.8724060058594  366.0
527.0569458007812  618.0
501.4022521972656  501.0
420.0450744628906  363.0
533.4166870117188  551.0
269.47808837890625  253.0
331.7884216308594  318.0
315.6800537109375  331.0
520.5415649414062  535.0
533.5260620117188  508.0
455.95318603515625  478.0
499.3929443359375  503.0
204.389404296875  204.0
466.1633605957031  545.0
580.506591796875  566.0
500.7810974121094  449.0
594.1831665039062  547.0
MSE : 1716.0797524064426
MAPE : 8.028852315441819
R2 Score : 0.9004588472608968
time : 4592.279749968089
