547.6339721679688  533.0
586.49951171875  552.0
528.0687255859375  530.0
482.4596862792969  500.0
511.77801513671875  522.0
380.68621826171875  384.0
556.5249633789062  569.0
635.0196533203125  765.0
259.4191589355469  239.0
246.59771728515625  251.0
454.9853515625  538.0
388.8131103515625  387.0
521.3582153320312  529.0
335.61187744140625  344.0
493.08526611328125  512.0
395.17047119140625  420.0
569.8619384765625  587.0
215.3274383544922  203.0
544.8778076171875  551.0
366.3211669921875  389.0
454.6097717285156  411.0
227.28091430664062  217.0
384.726806640625  394.0
570.7449340820312  538.0
600.2382202148438  573.0
534.406982421875  517.0
561.5464477539062  600.0
536.1008911132812  577.0
515.5911254882812  503.0
576.8956909179688  562.0
251.39111328125  195.0
544.077880859375  554.0
572.6669921875  566.0
588.6788330078125  560.0
234.97975158691406  278.0
593.28662109375  653.0
563.5602416992188  552.0
330.704345703125  304.0
406.29791259765625  363.0
234.78965759277344  207.0
387.47601318359375  482.0
510.302734375  545.0
571.779296875  568.0
379.3670349121094  409.0
588.8881225585938  584.0
510.5830993652344  493.0
199.98240661621094  203.0
537.6669921875  508.0
201.8225555419922  216.0
340.9207458496094  199.0
612.47802734375  649.0
192.06297302246094  195.0
321.43212890625  343.0
378.01123046875  433.0
570.0720825195312  551.0
508.25616455078125  534.0
646.3817749023438  583.0
565.1851806640625  535.0
603.9662475585938  624.0
606.0956420898438  604.0
480.1914978027344  548.0
500.63372802734375  503.0
320.9888916015625  373.0
617.8294067382812  592.0
330.8853759765625  330.0
496.75439453125  505.0
507.0144348144531  532.0
618.330078125  547.0
490.88812255859375  481.0
387.452880859375  401.0
302.0579528808594  249.0
387.1061096191406  388.0
525.3103637695312  549.0
501.3154296875  474.0
331.91937255859375  359.0
385.89434814453125  378.0
289.4141845703125  253.0
570.7793579101562  550.0
482.47552490234375  473.0
316.25433349609375  353.0
330.1287536621094  378.0
644.7689819335938  595.0
528.8048706054688  530.0
379.034423828125  396.0
481.32012939453125  459.0
329.0299072265625  378.0
499.1195068359375  563.0
260.4416809082031  424.0
205.90496826171875  223.0
613.421630859375  621.0
210.67922973632812  221.0
374.5366516113281  392.0
612.0372314453125  669.0
378.52166748046875  360.0
541.3741455078125  525.0
480.13922119140625  500.0
521.0299072265625  526.0
633.3828125  560.0
503.1693420410156  484.0
535.3984985351562  542.0
MSE : 1646.726905741184
MAPE : 6.962062090071123
R2 Score : 0.9025013806903286
time : 1386.3170548019698
