505.32000732421875  763.0
533.6834716796875  773.0
505.2603454589844  584.0
580.0409545898438  584.0
415.06951904296875  423.0
509.6426696777344  533.0
343.6355895996094  300.0
504.5198059082031  531.0
518.2531127929688  458.0
259.69061279296875  269.0
540.4073486328125  522.0
582.1921997070312  568.0
360.0552673339844  409.0
371.9714050292969  385.0
506.7025146484375  519.0
584.1764526367188  557.0
526.5167236328125  541.0
504.6778869628906  557.0
565.5497436523438  545.0
357.1798400878906  433.0
264.71307373046875  310.0
372.2434997558594  389.0
507.12567138671875  488.0
340.3018493652344  265.0
320.43316650390625  324.0
534.0180053710938  563.0
218.2346649169922  196.0
548.1119384765625  527.0
218.7930908203125  213.0
508.9009704589844  520.0
367.7626953125  370.0
339.929443359375  330.0
539.3547973632812  589.0
366.0763244628906  373.0
257.1304931640625  220.0
264.3726806640625  253.0
537.5023193359375  581.0
352.06451416015625  359.0
339.3210144042969  393.0
504.8405456542969  535.0
259.6767272949219  266.0
506.1626892089844  470.0
217.0518035888672  191.0
448.55010986328125  503.0
580.8820190429688  618.0
236.6890869140625  233.0
463.2759094238281  498.0
580.3275756835938  517.0
299.758544921875  253.0
570.843505859375  529.0
503.4829406738281  474.0
504.8972473144531  494.0
360.13482666015625  333.0
270.3318786621094  315.0
263.7768249511719  243.0
537.6686401367188  545.0
558.9735717773438  581.0
575.7623291015625  501.0
531.8352661132812  599.0
505.1645202636719  509.0
506.4626770019531  478.0
504.8833312988281  581.0
342.9760437011719  345.0
549.8020629882812  538.0
263.5020751953125  239.0
534.692626953125  630.0
506.5220642089844  583.0
521.91796875  530.0
526.2174072265625  604.0
512.4983520507812  530.0
418.3514099121094  419.0
218.9020538330078  130.0
362.3815002441406  420.0
554.8607177734375  653.0
217.7941436767578  197.0
209.8701934814453  190.0
218.55726623535156  192.0
211.43946838378906  203.0
369.093505859375  392.0
294.135498046875  308.0
241.00083923339844  211.0
580.3508911132812  565.0
465.1936340332031  449.0
513.4729614257812  525.0
526.4466552734375  551.0
357.1214904785156  368.0
310.35552978515625  324.0
511.22869873046875  500.0
219.29074096679688  217.0
573.2394409179688  685.0
384.3728942871094  374.0
374.2420959472656  401.0
507.9824523925781  539.0
514.2780151367188  643.0
210.56752014160156  241.0
513.6212158203125  482.0
570.964111328125  606.0
583.3304443359375  618.0
382.5803527832031  393.0
373.78448486328125  395.0
MSE : 2906.5232870705354
MAPE : 8.365080610109432
R2 Score : 0.8613959722888521
time : 1579.9192423550412
