507.03802490234375  493.0
344.1227722167969  315.0
271.8478088378906  228.0
648.3449096679688  633.0
230.04217529296875  195.0
232.9705810546875  228.0
538.225830078125  536.0
515.766845703125  545.0
508.4837341308594  520.0
273.5414733886719  272.0
356.85687255859375  324.0
576.5263061523438  584.0
561.3208618164062  554.0
319.1087951660156  330.0
408.15118408203125  393.0
355.6689453125  425.0
285.685302734375  278.0
617.4066772460938  773.0
406.612060546875  401.0
649.363037109375  763.0
215.2903289794922  209.0
543.4563598632812  537.0
405.587890625  388.0
327.1258544921875  324.0
233.87149047851562  203.0
543.8849487304688  535.0
363.07421875  325.0
476.9072265625  363.0
558.7491455078125  587.0
541.18359375  550.0
501.2163391113281  481.0
565.0614013671875  555.0
269.9716796875  187.0
280.0066223144531  249.0
376.1077575683594  348.0
481.5965576171875  475.0
420.65301513671875  475.0
339.53167724609375  397.0
398.9561462402344  409.0
502.2308654785156  509.0
204.68533325195312  196.0
535.5323486328125  525.0
517.361572265625  517.0
566.5515747070312  557.0
512.7113037109375  534.0
330.0743103027344  279.0
376.4219665527344  398.0
507.13336181640625  473.0
419.4646301269531  374.0
502.0881652832031  522.0
357.09527587890625  410.0
526.6909790039062  531.0
600.9205322265625  613.0
328.5163269042969  308.0
539.0639038085938  527.0
530.64599609375  517.0
641.3809814453125  618.0
406.9458312988281  392.0
501.7349548339844  507.0
372.5037536621094  373.0
625.7341918945312  374.0
281.3284606933594  293.0
398.95159912109375  363.0
373.5928955078125  421.0
278.4193115234375  241.0
521.5234375  521.0
310.7843017578125  331.0
208.69715881347656  197.0
542.196044921875  581.0
508.062744140625  508.0
476.9275207519531  459.0
339.1901550292969  415.0
218.38833618164062  366.0
547.9088134765625  538.0
649.4126586914062  765.0
333.0729675292969  344.0
245.43600463867188  302.0
405.0229187011719  378.0
353.103271484375  295.0
565.7467651367188  563.0
379.2695007324219  373.0
412.32586669921875  393.0
507.699951171875  520.0
528.7156982421875  565.0
270.2315368652344  270.0
618.57470703125  632.0
495.0957946777344  440.0
541.5633544921875  569.0
418.2145690917969  419.0
449.6274719238281  419.0
488.69775390625  472.0
592.6783447265625  573.0
394.28570556640625  360.0
572.011962890625  561.0
212.34584045410156  194.0
518.966552734375  491.0
337.08905029296875  320.0
553.3928833007812  552.0
395.8458251953125  379.0
MSE : 2252.267657371847
MAPE : 7.60321282900119
R2 Score : 0.8724384906613079
time : 2214.797555836034
