541.7452392578125  481.0
551.0390014648438  561.0
551.0296020507812  549.0
552.4838256835938  520.0
527.1878051757812  503.0
543.0091552734375  599.0
262.9725036621094  393.0
544.6488037109375  520.0
262.9725341796875  283.0
262.9731140136719  327.0
262.9725646972656  221.0
399.7150573730469  345.0
457.0052185058594  411.0
553.7365112304688  562.0
262.9728088378906  300.0
396.8622741699219  273.0
363.7302551269531  298.0
364.042724609375  363.0
305.8226318359375  330.0
552.5159301757812  603.0
262.9739685058594  319.0
548.6141967773438  526.0
262.972900390625  188.0
364.1293640136719  406.0
398.6235046386719  432.0
363.74578857421875  376.0
398.7878723144531  324.0
554.1453247070312  551.0
553.0042724609375  575.0
397.8617248535156  358.0
363.8161926269531  350.0
413.7720947265625  440.0
550.9338989257812  584.0
347.2664489746094  243.0
553.252685546875  533.0
370.4121398925781  417.0
551.9280395507812  490.0
402.4273681640625  407.0
404.6996765136719  459.0
541.6804809570312  563.0
541.822021484375  518.0
368.8111267089844  379.0
262.97369384765625  387.0
409.9910888671875  423.0
553.2671508789062  528.0
262.9726867675781  266.0
364.66534423828125  378.0
262.973388671875  207.0
415.5672912597656  444.0
378.1955261230469  315.0
363.9444885253906  374.0
375.01123046875  331.0
554.4403686523438  568.0
541.777587890625  507.0
364.3424987792969  333.0
471.7283935546875  545.0
535.26220703125  475.0
378.62774658203125  355.0
553.9098510742188  512.0
262.9725036621094  223.0
363.8507385253906  387.0
544.6658935546875  488.0
409.8926086425781  419.0
410.82366943359375  444.0
262.9726867675781  251.0
554.0912475585938  550.0
262.9731140136719  253.0
262.9727478027344  256.0
553.6292114257812  508.0
552.621337890625  563.0
544.8472900390625  482.0
363.8211975097656  331.0
524.4304809570312  493.0
524.2839965820312  544.0
553.6905517578125  513.0
262.9740295410156  330.0
549.2874755859375  521.0
553.1849365234375  621.0
397.59765625  318.0
554.4712524414062  519.0
262.97344970703125  268.0
553.8920288085938  539.0
262.973876953125  316.0
447.8394470214844  430.0
541.6210327148438  502.0
262.9724426269531  223.0
541.6988525390625  486.0
262.97320556640625  348.0
551.2211303710938  533.0
397.66876220703125  396.0
363.8172912597656  328.0
364.1971740722656  413.0
554.3863525390625  669.0
413.5983581542969  397.0
363.9311828613281  385.0
554.346435546875  545.0
540.5391235351562  503.0
262.9729309082031  272.0
510.8194274902344  590.0
554.504638671875  545.0
MSE : 2222.9240652572644
MAPE : 9.942815744506849
R2 Score : 0.8259433818831436
time : 761.311617351952
