524.5272827148438  509.0
439.5977783203125  420.0
370.007568359375  333.0
523.8521728515625  520.0
388.6496276855469  362.0
494.8431396484375  618.0
561.877197265625  565.0
595.1818237304688  678.0
282.74822998046875  253.0
567.5390014648438  577.0
409.7601318359375  396.0
415.4063720703125  421.0
510.828857421875  488.0
348.4846496582031  315.0
292.53656005859375  293.0
515.4856567382812  569.0
203.31748962402344  192.0
355.3761901855469  330.0
280.8494873046875  268.0
358.9350891113281  311.0
520.6829223632812  508.0
284.6020202636719  239.0
625.4176025390625  685.0
400.0768737792969  398.0
614.763671875  616.0
589.9942626953125  569.0
496.8455810546875  479.0
533.6613159179688  531.0
318.14239501953125  315.0
551.5638427734375  519.0
540.316650390625  563.0
238.9912872314453  203.0
593.886962890625  618.0
458.56329345703125  449.0
541.513916015625  580.0
536.4718017578125  529.0
401.3731384277344  187.0
379.41571044921875  373.0
265.07696533203125  233.0
247.5665740966797  251.0
252.7447967529297  283.0
549.6201171875  584.0
358.7288818359375  348.0
320.5234680175781  333.0
351.6126708984375  378.0
583.12548828125  590.0
362.12994384765625  379.0
204.3691864013672  196.0
531.1806640625  533.0
529.4962768554688  519.0
335.6014404296875  425.0
304.19189453125  281.0
513.57470703125  554.0
590.3153686523438  773.0
545.5521850585938  550.0
602.3287353515625  566.0
527.9917602539062  458.0
385.35809326171875  416.0
394.14166259765625  393.0
176.30288696289062  203.0
566.8109130859375  579.0
512.9580078125  549.0
354.5093994140625  327.0
361.01123046875  318.0
526.699462890625  419.0
571.5699462890625  593.0
332.91851806640625  279.0
256.2297668457031  304.0
371.0116271972656  373.0
497.21636962890625  484.0
324.44549560546875  300.0
378.52691650390625  392.0
570.6778564453125  503.0
638.5509643554688  595.0
370.85198974609375  384.0
275.7001647949219  243.0
236.02317810058594  225.0
549.45947265625  541.0
352.9361877441406  344.0
675.2536010742188  763.0
492.326171875  486.0
567.1583251953125  554.0
508.47540283203125  529.0
527.5602416992188  561.0
240.13441467285156  348.0
447.59600830078125  273.0
558.4834594726562  584.0
555.5620727539062  508.0
511.92437744140625  520.0
326.0153503417969  365.0
596.5782470703125  563.0
414.32464599609375  423.0
357.2726745605469  349.0
555.4156494140625  538.0
561.4847412109375  493.0
514.078857421875  523.0
547.0841674804688  493.0
553.7866821289062  559.0
609.5634155273438  551.0
515.8607788085938  473.0
MSE : 2482.7591420216927
MAPE : 8.594617550027872
R2 Score : 0.8632002786102267
time : 2326.9049252640107
