339.03729248046875  333.0
537.8018188476562  565.0
207.70614624023438  223.0
478.6175231933594  360.0
531.2113037109375  520.0
290.49908447265625  366.0
530.5350952148438  493.0
597.7872924804688  668.0
484.58160400390625  500.0
397.3519592285156  345.0
364.78790283203125  363.0
331.3311462402344  293.0
349.5960693359375  327.0
348.25531005859375  268.0
537.948486328125  512.0
346.91259765625  331.0
485.24853515625  522.0
190.51803588867188  223.0
619.8046264648438  613.0
581.5355224609375  569.0
554.8102416992188  563.0
251.96426391601562  220.0
564.0069580078125  685.0
596.5990600585938  678.0
558.84228515625  525.0
479.38067626953125  449.0
574.7993774414062  562.0
564.9561767578125  551.0
543.6984252929688  531.0
485.13555908203125  499.0
392.82061767578125  420.0
520.5270385742188  512.0
253.53512573242188  253.0
542.819580078125  557.0
402.786865234375  444.0
593.5933837890625  589.0
557.0333862304688  517.0
259.8448791503906  209.0
291.99591064453125  293.0
595.0490112304688  522.0
380.501220703125  333.0
501.9299011230469  494.0
199.78858947753906  206.0
485.63238525390625  502.0
243.34291076660156  225.0
385.20867919921875  377.0
298.06329345703125  330.0
389.23480224609375  409.0
299.5235595703125  298.0
521.4183349609375  531.0
564.1591796875  589.0
496.4091491699219  493.0
555.0488891601562  603.0
544.3544311523438  566.0
539.3888549804688  536.0
611.1569213867188  619.0
568.3350219726562  616.0
591.2139282226562  579.0
587.1235961914062  545.0
574.6251831054688  573.0
583.154296875  550.0
481.984130859375  483.0
532.6289672851562  503.0
487.31634521484375  520.0
485.98687744140625  482.0
574.7822875976562  590.0
244.05633544921875  233.0
304.60675048828125  425.0
561.5192260742188  563.0
420.7342529296875  353.0
581.5799560546875  626.0
597.0164794921875  563.0
484.26605224609375  486.0
442.86065673828125  498.0
531.380859375  593.0
559.1926879882812  523.0
204.16455078125  211.0
534.7128295898438  564.0
563.3997802734375  494.0
262.9097900390625  366.0
541.0310668945312  508.0
316.1425476074219  384.0
288.8726806640625  213.0
411.7855224609375  411.0
382.05596923828125  384.0
210.49520874023438  197.0
358.0552673339844  475.0
568.8265380859375  534.0
518.8136596679688  508.0
520.3685302734375  549.0
595.4701538085938  633.0
496.5064697265625  318.0
384.90216064453125  385.0
509.06085205078125  562.0
491.40093994140625  538.0
533.0873413085938  401.0
412.0387878417969  440.0
307.15277099609375  376.0
229.59730529785156  323.0
375.9961853027344  397.0
MSE : 2397.523986494688
MAPE : 8.574642547756387
R2 Score : 0.8493620364491539
time : 9770.084249695006
