437.56243896484375  407.0
428.31756591796875  411.0
515.196044921875  497.0
545.5925903320312  539.0
517.181396484375  521.0
523.3746948242188  520.0
539.150390625  545.0
371.4508361816406  313.0
583.555908203125  604.0
635.9173583984375  560.0
513.3529663085938  493.0
441.6719970703125  503.0
488.891357421875  475.0
499.0379943847656  500.0
377.4097900390625  348.0
433.2660827636719  419.0
340.77642822265625  241.0
225.99232482910156  213.0
383.2214660644531  348.0
622.8087158203125  578.0
531.3736572265625  542.0
565.5964965820312  563.0
473.03704833984375  492.0
546.1498413085938  531.0
505.32330322265625  444.0
393.42950439453125  358.0
369.5025634765625  425.0
397.64068603515625  433.0
245.2772216796875  205.0
569.087646484375  584.0
572.7213745117188  584.0
577.0074462890625  615.0
345.98114013671875  330.0
402.2696228027344  384.0
538.89892578125  493.0
227.0522918701172  331.0
565.7457275390625  559.0
548.82666015625  537.0
407.3152160644531  393.0
425.8645324707031  397.0
431.0902404785156  498.0
543.1602172851562  528.0
485.8717041015625  479.0
362.93682861328125  355.0
316.7817077636719  281.0
428.4654235839844  401.0
490.0813903808594  484.0
295.0006103515625  239.0
530.86279296875  419.0
353.3535461425781  378.0
327.3205261230469  265.0
562.95751953125  552.0
537.1783447265625  508.0
259.4087219238281  233.0
552.6099853515625  595.0
602.0466918945312  618.0
206.724365234375  223.0
491.94189453125  470.0
322.3711853027344  310.0
355.8809509277344  324.0
551.51611328125  563.0
523.1903686523438  523.0
186.05523681640625  173.0
421.2298278808594  411.0
667.8053588867188  633.0
594.6077270507812  616.0
601.917236328125  678.0
636.739501953125  590.0
224.95884704589844  213.0
583.8545532226562  579.0
587.8821411132812  566.0
478.7781066894531  467.0
247.8197784423828  293.0
499.0236511230469  494.0
363.4346008300781  344.0
259.1882629394531  323.0
565.8020629882812  568.0
557.1392822265625  581.0
657.0406494140625  669.0
563.00341796875  557.0
291.160888671875  348.0
567.0736083984375  411.0
573.4190063476562  630.0
578.7578125  593.0
525.3131103515625  508.0
561.970947265625  561.0
554.5482788085938  551.0
234.37789916992188  219.0
507.9739074707031  495.0
230.0896453857422  191.0
567.5859375  567.0
441.9075012207031  415.0
303.5311584472656  283.0
536.4561157226562  526.0
468.8769226074219  459.0
685.6649780273438  765.0
430.0719909667969  353.0
265.9408264160156  253.0
336.1373596191406  308.0
408.5960998535156  366.0
MSE : 1586.3995456236344
MAPE : 7.542707738962677
R2 Score : 0.9058198870588939
time : 1809.047608215944
