535.3092041015625  533.0
571.9356689453125  552.0
500.3395080566406  530.0
494.6922302246094  500.0
497.101806640625  522.0
418.79595947265625  384.0
500.0052795410156  569.0
552.716064453125  765.0
344.9454650878906  239.0
322.0765075683594  251.0
387.9288024902344  538.0
385.0003356933594  387.0
504.9925231933594  529.0
326.2701721191406  344.0
499.0799865722656  512.0
380.94830322265625  420.0
553.0377197265625  587.0
200.42617797851562  203.0
537.7325439453125  551.0
387.9383544921875  389.0
387.8770751953125  411.0
271.1477966308594  217.0
421.2043151855469  394.0
624.3775634765625  538.0
574.0115966796875  573.0
539.7474365234375  517.0
527.5357666015625  600.0
568.7496337890625  577.0
496.1293029785156  503.0
563.287109375  562.0
424.6534118652344  195.0
539.0233154296875  554.0
546.7342529296875  566.0
543.5093383789062  560.0
186.2638702392578  278.0
545.752685546875  653.0
537.2521362304688  552.0
328.6019592285156  304.0
374.4758605957031  363.0
221.26937866210938  207.0
392.7014465332031  482.0
444.94146728515625  545.0
540.0157470703125  568.0
365.1795349121094  409.0
532.7825927734375  584.0
491.0067138671875  493.0
253.5725860595703  203.0
504.6535949707031  508.0
194.59255981445312  216.0
432.4839172363281  199.0
620.1831665039062  649.0
364.9657287597656  195.0
281.7994689941406  343.0
313.9413757324219  433.0
494.3053283691406  551.0
503.92529296875  534.0
507.9492492675781  583.0
531.069580078125  535.0
593.166259765625  624.0
593.2733764648438  604.0
583.190673828125  548.0
492.7126159667969  503.0
425.93115234375  373.0
615.3486328125  592.0
318.201904296875  330.0
493.904296875  505.0
499.1638488769531  532.0
567.5850830078125  547.0
489.7325439453125  481.0
383.6486511230469  401.0
211.6251220703125  249.0
417.82440185546875  388.0
503.5385437011719  549.0
501.7107238769531  474.0
310.641357421875  359.0
367.3767395019531  378.0
296.4785461425781  253.0
575.001220703125  550.0
494.3686218261719  473.0
389.7511901855469  353.0
368.7679748535156  378.0
615.044189453125  595.0
541.2294311523438  530.0
283.1498718261719  396.0
514.338623046875  459.0
380.9268493652344  378.0
530.9598388671875  563.0
400.5619201660156  424.0
291.3267517089844  223.0
611.809814453125  621.0
300.6608581542969  221.0
208.30926513671875  392.0
617.6671142578125  669.0
335.4153747558594  360.0
527.449462890625  525.0
496.85546875  500.0
512.0098876953125  526.0
535.8350830078125  560.0
492.2663879394531  484.0
536.1141357421875  542.0
MSE : 4129.577776648901
MAPE : 11.937802906995053
R2 Score : 0.7554979334148004
time : 979.5308805770474
