552.665771484375  603.0
530.2395629882812  517.0
421.51715087890625  548.0
516.115478515625  531.0
485.61669921875  580.0
518.0120849609375  565.0
258.3669128417969  379.0
560.7078857421875  606.0
629.7994995117188  604.0
199.23936462402344  216.0
317.33599853515625  425.0
578.5098266601562  668.0
523.4580688476562  508.0
315.5567626953125  387.0
369.60418701171875  366.0
444.3234558105469  419.0
481.617919921875  458.0
576.7588500976562  658.0
204.2727508544922  203.0
371.38323974609375  392.0
595.31494140625  583.0
331.6778564453125  267.0
297.7550048828125  228.0
345.5858459472656  410.0
604.289306640625  606.0
505.61077880859375  515.0
497.5728759765625  527.0
420.0958251953125  545.0
288.0933532714844  233.0
375.9727783203125  363.0
520.7205810546875  539.0
335.9310302734375  380.0
625.1294555664062  632.0
289.24908447265625  251.0
240.2306671142578  223.0
337.34722900390625  430.0
470.5205078125  449.0
578.6075439453125  765.0
478.9775085449219  474.0
537.6871337890625  554.0
303.24432373046875  253.0
478.39349365234375  501.0
319.37823486328125  347.0
191.03550720214844  209.0
495.68914794921875  549.0
282.4072265625  272.0
182.9072265625  190.0
492.1300354003906  484.0
561.9857177734375  568.0
192.96290588378906  272.0
541.1260375976562  560.0
332.1219177246094  301.0
293.1055908203125  330.0
176.2699737548828  203.0
509.5419006347656  536.0
478.1031494140625  503.0
631.33984375  550.0
353.6423645019531  318.0
468.3311462402344  415.0
290.00848388671875  319.0
339.12457275390625  397.0
403.2508239746094  406.0
640.9803466796875  563.0
572.2791137695312  579.0
191.1943359375  221.0
518.5322265625  523.0
603.7386474609375  552.0
344.519287109375  376.0
487.29791259765625  457.0
520.4898071289062  503.0
490.4303283691406  505.0
339.24139404296875  348.0
615.9280395507812  669.0
398.1728515625  315.0
303.94158935546875  333.0
374.1363525390625  393.0
538.3848876953125  577.0
379.93194580078125  360.0
532.0052490234375  517.0
403.7442626953125  393.0
338.9221496582031  279.0
545.1007690429688  603.0
303.951416015625  249.0
519.6810302734375  488.0
552.6490478515625  541.0
190.81396484375  188.0
624.3435668945312  673.0
149.96868896484375  213.0
515.2378540039062  529.0
607.3272094726562  574.0
152.0282440185547  197.0
415.67095947265625  377.0
575.1627807617188  562.0
526.8939819335938  509.0
472.2176513671875  502.0
552.1591796875  522.0
323.9771728515625  349.0
409.3934326171875  363.0
622.6614990234375  569.0
MSE : 2533.0009241904004
MAPE : 9.55146396895696
R2 Score : 0.8670840396502839
time : 3078.116252314998
