512.9095458984375  533.0
623.601318359375  552.0
504.3507080078125  530.0
478.2724609375  500.0
501.5799255371094  522.0
330.0354309082031  384.0
577.3992309570312  569.0
557.2188110351562  765.0
227.02420043945312  239.0
266.51068115234375  251.0
504.369140625  538.0
488.34503173828125  387.0
547.0081176757812  529.0
408.5549621582031  344.0
477.97808837890625  512.0
622.0593872070312  420.0
572.9130249023438  587.0
302.1470642089844  203.0
560.7094116210938  551.0
350.6744079589844  389.0
351.7016906738281  411.0
107.90969848632812  217.0
378.8193054199219  394.0
552.3042602539062  538.0
559.6360473632812  573.0
598.431884765625  517.0
551.3426513671875  600.0
539.332275390625  577.0
502.0190124511719  503.0
493.90386962890625  562.0
341.5527648925781  195.0
512.0050659179688  554.0
598.8486328125  566.0
587.3408203125  560.0
311.0790710449219  278.0
637.1343383789062  653.0
553.822021484375  552.0
328.44268798828125  304.0
304.5237731933594  363.0
250.67953491210938  207.0
396.3525695800781  482.0
572.2260131835938  545.0
636.3587036132812  568.0
297.47418212890625  409.0
601.7058715820312  584.0
480.6654968261719  493.0
242.2452850341797  203.0
573.4115600585938  508.0
311.2835998535156  216.0
355.281005859375  199.0
527.9859008789062  649.0
326.03961181640625  195.0
317.5949401855469  343.0
276.3568420410156  433.0
549.646728515625  551.0
506.3753662109375  534.0
643.0440063476562  583.0
556.3690795898438  535.0
611.7482299804688  624.0
535.6480102539062  604.0
596.2844848632812  548.0
518.117919921875  503.0
362.4150085449219  373.0
559.4443969726562  592.0
259.9586486816406  330.0
479.249267578125  505.0
493.99615478515625  532.0
595.9262084960938  547.0
479.1628723144531  481.0
480.5846862792969  401.0
279.318603515625  249.0
640.73388671875  388.0
585.4000854492188  549.0
500.0859680175781  474.0
317.67669677734375  359.0
321.8626403808594  378.0
303.1195983886719  253.0
612.0836181640625  550.0
481.545654296875  473.0
316.1289978027344  353.0
298.0613098144531  378.0
469.3493347167969  595.0
620.408935546875  530.0
529.9961547851562  396.0
486.5256042480469  459.0
349.2456359863281  378.0
526.205810546875  563.0
316.8822937011719  424.0
322.01715087890625  223.0
602.9490356445312  621.0
276.4642333984375  221.0
363.0394287109375  392.0
446.6492919921875  669.0
330.3683776855469  360.0
547.1322631835938  525.0
477.7720642089844  500.0
515.6820068359375  526.0
551.3984985351562  560.0
543.4251708984375  484.0
547.7837524414062  542.0
MSE : 5488.826835896673
MAPE : 14.376710051056909
R2 Score : 0.6750201649927324
time : 760.1061626439914
