513.2232666015625  520.0
558.6557006835938  619.0
467.099365234375  492.0
530.7523193359375  523.0
542.8707275390625  503.0
346.22467041015625  389.0
441.1982421875  493.0
600.02685546875  580.0
534.615234375  526.0
523.9384765625  565.0
502.99267578125  479.0
344.6197509765625  349.0
305.5645446777344  335.0
319.4423522949219  344.0
603.4410400390625  566.0
218.39723205566406  233.0
222.3489532470703  206.0
477.43389892578125  444.0
474.80291748046875  482.0
341.2313537597656  362.0
364.36492919921875  417.0
513.4208984375  545.0
542.657958984375  529.0
475.5009460449219  488.0
538.0682983398438  541.0
556.60400390625  539.0
371.7823181152344  392.0
549.2281494140625  565.0
225.2954864501953  241.0
298.8118591308594  415.0
523.9517822265625  526.0
295.5599365234375  304.0
474.7211608886719  538.0
296.6214599609375  281.0
612.2705688476562  589.0
544.470703125  535.0
499.5029296875  503.0
215.72557067871094  216.0
563.73193359375  568.0
369.2165222167969  363.0
516.9046630859375  523.0
236.55673217773438  302.0
532.63037109375  517.0
215.15786743164062  223.0
531.3282470703125  508.0
344.9210205078125  353.0
565.8533935546875  556.0
554.9200439453125  589.0
588.9834594726562  616.0
244.17527770996094  219.0
509.2864990234375  563.0
538.9326171875  599.0
499.9949951171875  474.0
391.02008056640625  420.0
260.36663818359375  218.0
481.74755859375  459.0
476.8291931152344  475.0
554.9051513671875  590.0
253.7434844970703  251.0
516.1853637695312  522.0
583.4669189453125  533.0
218.2270050048828  228.0
254.9326629638672  331.0
584.8907470703125  658.0
301.27227783203125  379.0
524.8228759765625  508.0
185.3522186279297  152.0
611.88134765625  593.0
576.348388671875  630.0
653.9317626953125  673.0
512.3601684570312  542.0
204.26145935058594  190.0
506.8652648925781  508.0
526.5618286132812  531.0
358.94805908203125  378.0
503.31695556640625  458.0
556.0140380859375  559.0
616.51513671875  583.0
401.8183898925781  407.0
374.2735595703125  385.0
553.9502563476562  557.0
353.43701171875  325.0
555.128173828125  552.0
533.6828002929688  618.0
270.787841796875  348.0
512.1669311523438  494.0
399.722412109375  393.0
560.3800048828125  549.0
600.9882202148438  578.0
365.4927978515625  433.0
502.28448486328125  505.0
199.26332092285156  203.0
573.0732421875  579.0
506.0841979980469  490.0
341.7731018066406  333.0
189.0047149658203  203.0
621.9620361328125  568.0
218.75062561035156  243.0
563.8169555664062  564.0
MSE : 1158.2949264739298
MAPE : 6.029883895585103
R2 Score : 0.9305226776208814
time : 520.9678556571016
