271.13421630859375  333.0
579.8054809570312  565.0
199.6044921875  223.0
374.5645446777344  360.0
559.8468627929688  520.0
364.7248229980469  366.0
569.6383666992188  493.0
619.06884765625  668.0
625.873779296875  500.0
379.37353515625  345.0
380.2903137207031  363.0
281.37158203125  293.0
326.78533935546875  327.0
277.2989807128906  268.0
631.481689453125  512.0
277.58880615234375  331.0
527.2259521484375  522.0
202.40069580078125  223.0
600.9566650390625  613.0
590.1729736328125  569.0
571.9473266601562  563.0
223.76123046875  220.0
603.25390625  685.0
624.4592895507812  678.0
543.4961547851562  525.0
462.53692626953125  449.0
533.2937622070312  562.0
585.7228393554688  551.0
562.6229858398438  531.0
495.2130126953125  499.0
410.33734130859375  420.0
486.64276123046875  512.0
233.05274963378906  253.0
562.4136352539062  557.0
393.0362854003906  444.0
595.591552734375  589.0
522.1566772460938  517.0
201.99583435058594  209.0
303.02154541015625  293.0
548.4330444335938  522.0
345.14190673828125  333.0
505.007568359375  494.0
215.57009887695312  206.0
613.0787353515625  502.0
217.119873046875  225.0
323.31005859375  377.0
316.68353271484375  330.0
354.90301513671875  409.0
275.00140380859375  298.0
533.5242919921875  531.0
708.2822875976562  589.0
548.2677001953125  493.0
590.7149658203125  603.0
663.5944213867188  566.0
568.63134765625  536.0
625.8785400390625  619.0
623.2899169921875  616.0
585.7554321289062  579.0
574.7933959960938  545.0
576.6937255859375  573.0
552.1696166992188  550.0
504.8985900878906  483.0
584.1759643554688  503.0
547.80712890625  520.0
504.2178039550781  482.0
579.813232421875  590.0
277.2152099609375  233.0
315.1795654296875  425.0
613.3629150390625  563.0
481.7756042480469  353.0
584.3331298828125  626.0
619.6659545898438  563.0
502.2410583496094  486.0
573.9302368164062  498.0
563.9888305664062  593.0
548.5904541015625  523.0
232.72483825683594  211.0
581.6336059570312  564.0
559.472412109375  494.0
272.57177734375  366.0
538.0577392578125  508.0
370.70001220703125  384.0
193.23565673828125  213.0
470.2565612792969  411.0
371.9925537109375  384.0
193.98797607421875  197.0
326.55584716796875  475.0
562.6600952148438  534.0
524.4180297851562  508.0
570.1568603515625  549.0
561.3038330078125  633.0
377.71453857421875  318.0
375.22900390625  385.0
614.2337036132812  562.0
518.9752197265625  538.0
562.4200439453125  401.0
396.00225830078125  440.0
272.0411376953125  376.0
273.1531982421875  323.0
390.39801025390625  397.0
MSE : 2664.0848410497956
MAPE : 8.431983547918543
R2 Score : 0.8326138476849354
time : 1937.2277102119988
