463.069091796875  407.0
327.5179443359375  411.0
528.6926879882812  497.0
528.6644897460938  539.0
528.6896362304688  521.0
528.5873413085938  520.0
528.6541137695312  545.0
309.8554382324219  313.0
528.6831665039062  604.0
528.2344360351562  560.0
528.6836547851562  493.0
310.3199462890625  503.0
528.6934204101562  475.0
528.6934814453125  500.0
314.41253662109375  348.0
310.3184814453125  419.0
307.8414306640625  241.0
306.6126403808594  213.0
311.128662109375  348.0
528.2138061523438  578.0
528.6591186523438  542.0
528.6760864257812  563.0
528.6659545898438  492.0
528.6863403320312  531.0
469.68719482421875  444.0
496.6690979003906  358.0
355.902587890625  425.0
321.239013671875  433.0
310.489501953125  205.0
528.6575927734375  584.0
528.6812744140625  584.0
528.6697387695312  615.0
307.765625  330.0
314.8177185058594  384.0
528.6729736328125  493.0
343.470947265625  331.0
528.6458129882812  559.0
528.6852416992188  537.0
316.69110107421875  393.0
310.67559814453125  397.0
316.0242614746094  498.0
528.6810302734375  528.0
528.6932983398438  479.0
342.19122314453125  355.0
309.03045654296875  281.0
528.6747436523438  401.0
528.6934204101562  484.0
309.56585693359375  239.0
528.6572875976562  419.0
313.04449462890625  378.0
312.58367919921875  265.0
528.6719970703125  552.0
528.6862182617188  508.0
318.4500732421875  233.0
325.94775390625  595.0
528.6583251953125  618.0
313.01043701171875  223.0
528.69189453125  470.0
308.4425354003906  310.0
311.21734619140625  324.0
528.6533203125  563.0
528.6751098632812  523.0
314.0813903808594  173.0
311.56817626953125  411.0
528.5827026367188  633.0
528.6194458007812  616.0
528.429931640625  678.0
417.5730285644531  590.0
309.52618408203125  213.0
528.6681518554688  579.0
528.69091796875  566.0
528.6932983398438  467.0
313.60858154296875  293.0
528.68994140625  494.0
311.7947692871094  344.0
314.3659973144531  323.0
528.684326171875  568.0
528.5379638671875  581.0
528.6401977539062  669.0
528.6737670898438  557.0
310.37054443359375  348.0
337.3826599121094  411.0
528.6607055664062  630.0
527.844970703125  593.0
528.6829833984375  508.0
528.6642456054688  561.0
528.6171875  551.0
309.62396240234375  219.0
528.6918334960938  495.0
316.026123046875  191.0
528.6832885742188  567.0
311.67486572265625  415.0
310.59747314453125  283.0
528.6749877929688  526.0
528.6925659179688  459.0
528.6735229492188  765.0
312.5902404785156  353.0
317.1141662597656  253.0
313.56085205078125  308.0
311.1103820800781  366.0
MSE : 6315.906620621626
MAPE : 15.443270767650512
R2 Score : 0.6250422533865594
time : 705.919493264053
