622.2382202148438  763.0
575.47216796875  773.0
553.8950805664062  584.0
554.607177734375  584.0
422.9910888671875  423.0
533.4681396484375  533.0
318.25048828125  300.0
539.72119140625  531.0
474.0513916015625  458.0
285.8079528808594  269.0
559.9774169921875  522.0
561.01513671875  517.0
283.0218811035156  409.0
377.52801513671875  385.0
522.659912109375  519.0
587.2225341796875  557.0
538.3360595703125  541.0
487.4971008300781  557.0
493.0852966308594  545.0
379.1492919921875  433.0
283.6900939941406  310.0
393.18695068359375  392.0
506.43621826171875  488.0
303.07080078125  265.0
320.04779052734375  324.0
461.2369384765625  563.0
212.39639282226562  196.0
538.8983154296875  527.0
198.75584411621094  213.0
515.845947265625  520.0
375.1874084472656  370.0
329.913818359375  330.0
574.45703125  589.0
350.69757080078125  373.0
242.8349151611328  220.0
222.6554718017578  253.0
551.7882080078125  581.0
364.5521545410156  359.0
473.7122497558594  393.0
559.750244140625  535.0
313.4552001953125  266.0
476.28900146484375  470.0
398.8328857421875  191.0
491.7511901855469  503.0
557.4903564453125  618.0
234.02455139160156  233.0
482.5982360839844  498.0
263.46661376953125  253.0
528.65576171875  529.0
485.83160400390625  474.0
487.6490478515625  494.0
255.60548400878906  333.0
292.21954345703125  315.0
204.10662841796875  243.0
558.74072265625  545.0
557.4276123046875  581.0
503.99517822265625  501.0
513.80126953125  599.0
516.9979248046875  509.0
525.7754516601562  478.0
543.3037109375  581.0
328.55731201171875  345.0
573.9075927734375  538.0
255.3972625732422  239.0
576.4906005859375  630.0
644.4120483398438  583.0
554.753173828125  530.0
550.8114013671875  604.0
530.9471435546875  530.0
431.7380676269531  419.0
187.4144744873047  130.0
384.949951171875  420.0
656.888427734375  653.0
214.52296447753906  197.0
196.638427734375  190.0
215.21807861328125  192.0
220.7895965576172  203.0
336.72235107421875  308.0
219.8188018798828  211.0
576.4810791015625  565.0
402.4010009765625  449.0
519.0029296875  525.0
563.419921875  551.0
410.77813720703125  368.0
310.262451171875  324.0
517.1270751953125  500.0
201.37596130371094  217.0
582.7459106445312  685.0
379.6121826171875  374.0
395.4937744140625  393.0
519.0457153320312  539.0
641.6812133789062  643.0
320.96978759765625  241.0
514.9273681640625  482.0
578.099853515625  606.0
647.8641967773438  618.0
389.24249267578125  395.0
MSE : 2364.305267688989
MAPE : 8.197962606857278
R2 Score : 0.8895533194772185
time : 3973.318720115931
