420.78973388671875  407.0
400.61102294921875  411.0
504.80889892578125  497.0
531.7507934570312  539.0
525.4965209960938  521.0
526.94775390625  520.0
546.4503173828125  545.0
309.5392150878906  313.0
608.654052734375  604.0
667.9288330078125  560.0
520.259033203125  493.0
479.70458984375  503.0
503.9679870605469  475.0
498.27777099609375  500.0
280.62725830078125  348.0
406.5030517578125  419.0
276.99993896484375  241.0
218.0306396484375  213.0
311.74127197265625  348.0
618.986328125  578.0
534.099365234375  542.0
593.4315795898438  563.0
486.4087219238281  492.0
551.9733276367188  531.0
459.4675598144531  444.0
397.46087646484375  358.0
219.16769409179688  425.0
365.9291687011719  433.0
222.24472045898438  205.0
544.448974609375  584.0
570.6822509765625  584.0
549.9849853515625  615.0
394.78369140625  330.0
382.82000732421875  384.0
586.89111328125  493.0
234.77102661132812  331.0
546.5537109375  559.0
531.3714599609375  537.0
392.2440185546875  393.0
443.61102294921875  397.0
453.33837890625  498.0
527.0892333984375  528.0
478.136962890625  479.0
344.44598388671875  355.0
294.33782958984375  281.0
236.63723754882812  401.0
489.1236572265625  484.0
265.84613037109375  239.0
499.7109375  419.0
350.0699462890625  378.0
254.53469848632812  265.0
527.8177490234375  552.0
508.6553955078125  508.0
179.2401885986328  233.0
660.123046875  595.0
586.2147827148438  618.0
196.8632354736328  223.0
487.79217529296875  470.0
322.9197998046875  310.0
303.593017578125  324.0
499.2825927734375  563.0
511.455322265625  523.0
226.06597900390625  173.0
397.44464111328125  411.0
577.2089233398438  633.0
609.0802612304688  616.0
586.8137817382812  678.0
648.3629760742188  590.0
217.17715454101562  213.0
592.7208251953125  579.0
558.7239379882812  566.0
482.8302001953125  467.0
228.066650390625  293.0
490.00848388671875  494.0
367.9021301269531  344.0
290.88677978515625  323.0
551.4449462890625  568.0
560.569580078125  581.0
635.3792114257812  669.0
601.6443481445312  557.0
316.44549560546875  348.0
534.994384765625  411.0
566.0684814453125  630.0
598.6325073242188  593.0
531.574951171875  508.0
538.9483032226562  561.0
635.5348510742188  551.0
225.8180389404297  219.0
498.4991455078125  495.0
372.8203125  191.0
558.854736328125  567.0
399.05108642578125  415.0
275.96978759765625  283.0
555.670166015625  526.0
470.3883056640625  459.0
646.2257690429688  765.0
344.3887939453125  353.0
277.14593505859375  253.0
337.88848876953125  308.0
377.51702880859375  366.0
MSE : 2632.847961721185
MAPE : 8.570634674543962
R2 Score : 0.8436951655239002
time : 8847.067954615923
