587.4082641601562  763.0
541.6152954101562  773.0
527.5306396484375  584.0
576.7144775390625  584.0
432.7101135253906  423.0
525.6359252929688  533.0
332.0002136230469  300.0
523.7172241210938  531.0
493.72491455078125  458.0
268.44091796875  269.0
549.8633422851562  522.0
572.29248046875  517.0
385.2216796875  409.0
386.60760498046875  385.0
497.1084289550781  519.0
590.79638671875  557.0
562.44482421875  541.0
518.4221801757812  557.0
532.2730712890625  545.0
337.535400390625  433.0
280.4031982421875  310.0
362.0218505859375  392.0
502.95709228515625  488.0
308.1637268066406  265.0
290.02655029296875  324.0
474.2874755859375  563.0
223.23809814453125  196.0
532.502685546875  527.0
190.4175262451172  213.0
507.2791748046875  520.0
337.16168212890625  370.0
354.7760009765625  330.0
532.4696044921875  589.0
392.4510498046875  373.0
212.40953063964844  220.0
216.86923217773438  253.0
586.7850952148438  581.0
326.4966125488281  359.0
383.7730712890625  393.0
507.91827392578125  535.0
265.3215026855469  266.0
521.8016967773438  470.0
340.107177734375  191.0
505.9456787109375  503.0
559.7403564453125  618.0
201.92526245117188  233.0
498.9928283691406  498.0
252.4561309814453  253.0
533.442626953125  529.0
509.6114807128906  474.0
510.935546875  494.0
330.34539794921875  333.0
280.7799377441406  315.0
206.6760711669922  243.0
549.5933227539062  545.0
589.5015869140625  581.0
512.0984497070312  501.0
540.8338623046875  599.0
502.25897216796875  509.0
501.2164306640625  478.0
505.0264587402344  581.0
333.7456359863281  345.0
564.0519409179688  538.0
276.18597412109375  239.0
535.486083984375  630.0
594.5054321289062  583.0
518.3299560546875  530.0
581.548583984375  604.0
536.1432495117188  530.0
436.7650146484375  419.0
178.28602600097656  130.0
351.99737548828125  420.0
589.67919921875  653.0
205.8079071044922  197.0
190.4027557373047  190.0
187.4789276123047  192.0
214.90769958496094  203.0
335.8565979003906  308.0
253.07583618164062  211.0
551.456298828125  565.0
501.7590637207031  449.0
522.4879150390625  525.0
554.7626953125  551.0
423.17694091796875  368.0
284.97747802734375  324.0
500.8755798339844  500.0
210.38677978515625  217.0
545.8529052734375  685.0
390.9188232421875  374.0
395.4338684082031  393.0
516.74267578125  539.0
571.6847534179688  643.0
335.2748718261719  241.0
501.5599060058594  482.0
531.3580322265625  606.0
590.6002197265625  618.0
393.57476806640625  395.0
MSE : 2556.415176010722
MAPE : 8.257458201164985
R2 Score : 0.8805790546224898
time : 586.8330709689762
