423.4825744628906  407.0
455.7262878417969  411.0
517.5941772460938  497.0
546.372802734375  539.0
538.9328002929688  521.0
537.5015258789062  520.0
531.4122924804688  545.0
338.61968994140625  313.0
558.2188110351562  604.0
550.5094604492188  560.0
509.7644348144531  493.0
342.1472473144531  503.0
487.9121398925781  475.0
500.198974609375  500.0
345.8668518066406  348.0
438.851806640625  419.0
322.40924072265625  241.0
217.1671142578125  213.0
348.07708740234375  348.0
591.075927734375  578.0
526.5496826171875  542.0
523.2543334960938  563.0
481.6356506347656  492.0
538.1873168945312  531.0
493.95538330078125  444.0
400.73577880859375  358.0
348.1701354980469  425.0
386.25811767578125  433.0
239.3128662109375  205.0
562.7440795898438  584.0
581.3423461914062  584.0
566.9313354492188  615.0
333.12255859375  330.0
383.98175048828125  384.0
489.4635314941406  493.0
224.4999542236328  331.0
564.6727905273438  559.0
551.4009399414062  537.0
325.39544677734375  393.0
303.4437255859375  397.0
366.8470153808594  498.0
540.5429077148438  528.0
524.2198486328125  479.0
338.44110107421875  355.0
294.40374755859375  281.0
383.9122009277344  401.0
513.462158203125  484.0
258.9236755371094  239.0
413.53839111328125  419.0
290.4794921875  378.0
281.3892822265625  265.0
555.0147705078125  552.0
536.5478515625  508.0
267.56488037109375  233.0
738.1939086914062  595.0
699.5885620117188  618.0
200.11102294921875  223.0
505.1435241699219  470.0
302.0708923339844  310.0
338.81842041015625  324.0
561.0287475585938  563.0
525.2808227539062  523.0
192.9080047607422  173.0
430.78985595703125  411.0
612.9837646484375  633.0
612.0924682617188  616.0
663.663818359375  678.0
561.4954833984375  590.0
217.40823364257812  213.0
602.1885986328125  579.0
578.3131103515625  566.0
492.7109680175781  467.0
262.6915588378906  293.0
507.3498229980469  494.0
307.3263244628906  344.0
250.229248046875  323.0
563.135009765625  568.0
585.3822631835938  581.0
668.8729248046875  669.0
558.3090209960938  557.0
266.0465087890625  348.0
498.2699279785156  411.0
575.2200927734375  630.0
594.3475341796875  593.0
525.149658203125  508.0
559.8030395507812  561.0
529.3209838867188  551.0
236.34735107421875  219.0
536.5718383789062  495.0
307.1201171875  191.0
579.5176391601562  567.0
432.3977966308594  415.0
277.5107116699219  283.0
540.4845581054688  526.0
492.29327392578125  459.0
734.426513671875  765.0
432.6784362792969  353.0
244.24269104003906  253.0
299.9537048339844  308.0
359.7039489746094  366.0
MSE : 1980.6485104037984
MAPE : 7.619184383585876
R2 Score : 0.8824144264784615
time : 3312.0391508920584
