651.981201171875  552.0
450.0577697753906  401.0
384.76220703125  403.0
390.7253112792969  325.0
589.0916137695312  672.0
471.2005615234375  507.0
349.8548278808594  321.0
496.5538024902344  502.0
252.28582763671875  221.0
222.67672729492188  269.0
540.37158203125  528.0
529.8531494140625  534.0
416.3752136230469  419.0
267.821044921875  348.0
597.2238159179688  569.0
513.8060302734375  478.0
273.408447265625  226.0
366.3853454589844  304.0
553.8391723632812  630.0
426.23321533203125  419.0
695.883544921875  763.0
541.4611206054688  559.0
565.896240234375  530.0
505.9473571777344  531.0
604.3394165039062  616.0
238.06307983398438  390.0
551.4977416992188  587.0
397.5034484863281  393.0
379.1662902832031  409.0
382.68194580078125  417.0
552.7113037109375  573.0
479.7185363769531  481.0
191.7248992919922  228.0
631.9804077148438  595.0
256.7068176269531  270.0
565.2471313476562  613.0
505.933349609375  495.0
517.0950927734375  500.0
197.43997192382812  319.0
603.7984619140625  546.0
325.4604187011719  330.0
286.1199645996094  333.0
616.857666015625  606.0
206.47877502441406  218.0
411.1776428222656  430.0
546.0143432617188  522.0
483.3406982421875  493.0
565.425048828125  575.0
632.4031982421875  653.0
190.47634887695312  206.0
404.14544677734375  393.0
454.2564697265625  444.0
579.5667724609375  561.0
404.09002685546875  418.0
342.6637268066406  320.0
364.0282287597656  279.0
212.79563903808594  266.0
362.9590148925781  343.0
335.80084228515625  324.0
375.580322265625  386.0
535.5394897460938  493.0
333.1669921875  298.0
188.39646911621094  331.0
237.86253356933594  358.0
561.6514282226562  619.0
194.3894805908203  197.0
543.9452514648438  537.0
495.79150390625  482.0
194.957763671875  243.0
412.1206359863281  363.0
538.2134399414062  556.0
519.3292236328125  484.0
382.16802978515625  433.0
532.608642578125  551.0
481.0550231933594  474.0
505.1841735839844  557.0
85.08651733398438  273.0
517.8155517578125  559.0
568.5052490234375  600.0
266.9437561035156  259.0
393.333984375  385.0
478.2612609863281  500.0
307.7941589355469  278.0
555.8513793945312  545.0
317.5271301269531  315.0
220.56866455078125  225.0
458.0855407714844  548.0
613.708984375  569.0
545.055908203125  581.0
528.8890380859375  551.0
690.5401611328125  643.0
528.231689453125  533.0
355.2236022949219  315.0
305.6695861816406  310.0
478.21246337890625  512.0
335.46685791015625  363.0
147.4776611328125  152.0
554.315185546875  533.0
552.2047119140625  549.0
444.3338623046875  363.0
MSE : 2412.045730717792
MAPE : 9.068426729583937
R2 Score : 0.8615954250054344
time : 2427.7031869810307
