314.70147705078125  409.0
517.1809692382812  490.0
535.9660034179688  527.0
549.6703491210938  401.0
501.7062072753906  523.0
539.6083374023438  552.0
321.4930725097656  343.0
394.8675842285156  331.0
535.2833862304688  527.0
597.3743286132812  616.0
533.173583984375  549.0
617.9730224609375  593.0
580.6863403320312  573.0
411.9627990722656  363.0
338.9364013671875  360.0
391.66082763671875  413.0
372.28192138671875  409.0
196.8455047607422  197.0
515.1141967773438  493.0
612.59814453125  500.0
232.90872192382812  228.0
642.2937622070312  458.0
529.6599731445312  419.0
395.52337646484375  395.0
225.4524688720703  219.0
492.30810546875  507.0
335.7514343261719  273.0
327.6798400878906  330.0
236.9365692138672  259.0
647.6580200195312  595.0
304.0413818359375  358.0
206.95799255371094  213.0
370.4434509277344  373.0
310.1333312988281  330.0
670.5520629882812  547.0
609.473388671875  649.0
556.1356811523438  560.0
580.3952026367188  554.0
531.687255859375  519.0
431.9953308105469  440.0
487.6559753417969  411.0
389.6507873535156  393.0
606.0636596679688  621.0
502.3316650390625  505.0
238.40313720703125  253.0
512.0276489257812  563.0
537.4178466796875  565.0
530.3533935546875  513.0
526.2448120117188  539.0
499.6089782714844  481.0
677.8045043945312  643.0
677.4193725585938  623.0
208.69808959960938  195.0
546.6591186523438  536.0
332.743408203125  304.0
523.2796020507812  503.0
343.4033508300781  315.0
194.6407470703125  192.0
602.1810302734375  551.0
392.44500732421875  256.0
292.0994567871094  433.0
425.128173828125  475.0
556.6229858398438  562.0
410.8941955566406  384.0
529.89306640625  533.0
319.09429931640625  279.0
658.5380249023438  563.0
496.1539611816406  478.0
331.4603271484375  278.0
634.0159301757812  624.0
343.50555419921875  397.0
519.2608032226562  541.0
334.1356506347656  313.0
349.3904724121094  281.0
532.0576171875  567.0
212.59397888183594  216.0
409.2379455566406  386.0
507.1441955566406  493.0
514.2483520507812  497.0
410.4989318847656  473.0
503.1136169433594  508.0
515.5469360351562  549.0
559.6852416992188  577.0
339.5611877441406  363.0
563.0894775390625  577.0
536.6278076171875  492.0
397.8791198730469  418.0
429.39202880859375  403.0
342.58367919921875  344.0
501.6554260253906  474.0
573.2887573242188  773.0
231.16343688964844  302.0
412.6758728027344  311.0
675.1360473632812  630.0
521.0307006835938  549.0
397.6682434082031  374.0
339.765380859375  410.0
599.3805541992188  580.0
592.4880981445312  561.0
515.4649047851562  528.0
MSE : 2920.7569760045085
MAPE : 8.771825078137397
R2 Score : 0.8137021535632301
time : 1926.9552989939693
