741.2047729492188  763.0
548.3573608398438  773.0
527.4058837890625  584.0
502.7925109863281  584.0
398.429443359375  423.0
497.5806884765625  533.0
286.2107238769531  300.0
531.7000122070312  531.0
489.6626892089844  458.0
363.0520324707031  269.0
493.0099792480469  522.0
572.5409545898438  568.0
423.8119812011719  409.0
406.25921630859375  385.0
518.8570556640625  519.0
573.90966796875  557.0
500.6293640136719  541.0
540.748779296875  557.0
550.3182983398438  545.0
377.20904541015625  433.0
311.56390380859375  310.0
361.1083984375  389.0
481.2639465332031  488.0
275.8647155761719  265.0
322.9744873046875  324.0
550.7257080078125  563.0
182.44488525390625  196.0
545.7618408203125  527.0
172.96498107910156  213.0
592.8294677734375  520.0
412.93841552734375  370.0
317.4325866699219  330.0
551.0071411132812  589.0
378.7580261230469  373.0
213.18475341796875  220.0
237.0708465576172  253.0
566.8973999023438  581.0
377.1213073730469  359.0
408.6286926269531  393.0
501.0785217285156  535.0
222.26596069335938  266.0
628.2449340820312  470.0
244.92916870117188  191.0
418.6069641113281  503.0
523.5112915039062  618.0
309.54986572265625  233.0
520.3829956054688  498.0
515.6474609375  517.0
269.3519592285156  253.0
489.3597106933594  529.0
483.43646240234375  474.0
463.1906433105469  494.0
357.2982482910156  333.0
314.4703674316406  315.0
302.4421081542969  243.0
558.43505859375  545.0
531.159912109375  581.0
499.3024597167969  501.0
613.99462890625  599.0
522.4998779296875  509.0
522.15380859375  478.0
539.5947875976562  581.0
325.0813293457031  345.0
545.677734375  538.0
222.12896728515625  239.0
621.4893798828125  630.0
632.1190795898438  583.0
520.49853515625  530.0
552.272216796875  604.0
517.7483520507812  530.0
416.2001037597656  419.0
189.2337646484375  130.0
398.4305114746094  420.0
544.075439453125  653.0
180.5654296875  197.0
191.52090454101562  190.0
184.0615234375  192.0
220.27249145507812  203.0
274.0155944824219  392.0
305.4767761230469  308.0
200.92909240722656  211.0
547.077392578125  565.0
465.7103576660156  449.0
522.410888671875  525.0
572.6197509765625  551.0
401.3919677734375  368.0
320.1377868652344  324.0
594.2254638671875  500.0
273.6842956542969  217.0
484.7961120605469  685.0
404.0309143066406  374.0
359.5504455566406  401.0
530.7108764648438  539.0
705.1793212890625  643.0
196.8446044921875  241.0
592.4427490234375  482.0
520.1142578125  606.0
647.449462890625  618.0
396.7945251464844  393.0
389.1379699707031  395.0
MSE : 2797.630583780238
MAPE : 8.521281876240463
R2 Score : 0.8665887630473265
time : 3785.6019062859705
