549.3291015625  603.0
549.2689819335938  517.0
549.4638061523438  548.0
549.4411010742188  531.0
549.3856811523438  580.0
549.4517211914062  565.0
278.8756103515625  379.0
549.4996948242188  606.0
547.7606811523438  604.0
276.4803466796875  216.0
327.9308166503906  425.0
549.5259399414062  668.0
549.142822265625  508.0
316.6470947265625  387.0
308.429443359375  366.0
549.3629760742188  419.0
549.2217407226562  458.0
548.9940185546875  658.0
260.3433837890625  203.0
326.8643798828125  392.0
549.3456420898438  583.0
295.8436279296875  267.0
263.7797546386719  228.0
282.4888000488281  410.0
549.3573608398438  574.0
549.3903198242188  536.0
549.5036010742188  527.0
549.4747924804688  545.0
286.87945556640625  233.0
308.38836669921875  363.0
549.4407348632812  488.0
289.926025390625  380.0
333.6926574707031  632.0
275.58099365234375  251.0
268.83697509765625  223.0
549.4324340820312  430.0
549.4834594726562  449.0
549.5068969726562  765.0
549.3984985351562  474.0
549.3417358398438  554.0
276.2572021484375  253.0
549.3430786132812  502.0
290.79766845703125  330.0
265.2501220703125  209.0
549.2316284179688  549.0
251.4520721435547  243.0
258.5274658203125  190.0
548.3401489257812  484.0
549.4342651367188  568.0
281.1998291015625  272.0
549.4091186523438  560.0
279.232421875  301.0
257.06787109375  203.0
549.451904296875  503.0
549.5000610351562  550.0
319.63970947265625  318.0
549.3917236328125  415.0
258.69769287109375  319.0
296.40338134765625  397.0
338.2400207519531  406.0
549.4869995117188  563.0
549.1007690429688  579.0
262.15716552734375  221.0
549.4889526367188  552.0
302.49468994140625  376.0
549.1657104492188  457.0
549.1522216796875  503.0
549.4494018554688  505.0
280.6011962890625  348.0
549.4873657226562  669.0
296.607421875  315.0
267.88616943359375  333.0
273.9005126953125  393.0
549.2451782226562  577.0
318.63232421875  360.0
549.3497924804688  517.0
319.68017578125  393.0
304.5767517089844  279.0
549.44921875  603.0
290.3669128417969  249.0
548.2943725585938  541.0
262.28070068359375  188.0
549.5332641601562  673.0
258.5982360839844  213.0
549.2391967773438  529.0
259.2645263671875  197.0
270.67803955078125  377.0
549.35546875  562.0
258.3211975097656  272.0
549.3811645507812  509.0
549.4891357421875  522.0
275.7795104980469  349.0
549.3700561523438  363.0
549.469482421875  569.0
MSE : 5569.276951077813
MAPE : 14.540722611211569
R2 Score : 0.718475528052926
time : 784.0774963410804
