528.2442626953125  763.0
524.7859497070312  773.0
571.2738647460938  584.0
546.0046997070312  584.0
434.1516418457031  423.0
541.9810791015625  533.0
355.2054138183594  300.0
538.322509765625  531.0
573.0487060546875  458.0
252.87757873535156  269.0
573.5707397460938  522.0
527.2611694335938  568.0
420.6494445800781  409.0
403.3925476074219  385.0
510.2221984863281  519.0
524.9777221679688  557.0
570.3805541992188  541.0
526.494873046875  557.0
572.2413330078125  545.0
433.8352966308594  433.0
340.2386779785156  310.0
428.76507568359375  389.0
545.2718505859375  488.0
262.0647277832031  265.0
327.2167053222656  324.0
573.570556640625  563.0
312.2332458496094  196.0
573.5713500976562  527.0
269.1585998535156  213.0
538.3346557617188  520.0
425.5162658691406  370.0
302.9368591308594  330.0
526.22119140625  589.0
420.1714172363281  373.0
348.1358947753906  220.0
315.0206604003906  253.0
569.2642822265625  581.0
413.8367919921875  359.0
344.8924560546875  393.0
534.91259765625  535.0
253.12216186523438  266.0
543.6940307617188  470.0
331.2076416015625  191.0
475.4369201660156  503.0
555.5484619140625  618.0
340.7308654785156  233.0
575.2560424804688  498.0
526.424560546875  517.0
335.7832336425781  253.0
501.7158508300781  529.0
523.2080078125  474.0
555.7667236328125  494.0
383.8617248535156  333.0
345.1134033203125  315.0
348.66888427734375  243.0
573.5711059570312  545.0
540.9351196289062  581.0
554.6514892578125  501.0
536.4180297851562  599.0
545.416259765625  509.0
528.7549438476562  478.0
546.765625  581.0
404.2016906738281  345.0
573.5648803710938  538.0
348.19464111328125  239.0
570.0543823242188  630.0
551.1885375976562  583.0
509.9321594238281  530.0
489.6128234863281  604.0
527.3425903320312  530.0
446.7377014160156  419.0
321.2951354980469  130.0
431.9489440917969  420.0
498.6787414550781  653.0
260.29888916015625  197.0
253.3398895263672  190.0
345.9623107910156  192.0
252.89434814453125  203.0
391.93798828125  392.0
336.1243591308594  308.0
253.02943420410156  211.0
529.0560913085938  565.0
527.7933349609375  449.0
531.8263549804688  525.0
571.3945922851562  551.0
427.81256103515625  368.0
345.4432678222656  324.0
534.6166381835938  500.0
303.2559509277344  217.0
575.1885375976562  685.0
417.71588134765625  374.0
423.3360290527344  401.0
552.1080932617188  539.0
545.8805541992188  643.0
344.5625915527344  241.0
534.4865112304688  482.0
574.4568481445312  606.0
554.5885009765625  618.0
406.07330322265625  393.0
432.4966735839844  395.0
MSE : 4923.717982452054
MAPE : 15.45299309450431
R2 Score : 0.7652015565409438
time : 705.5129207139835
