618.6552124023438  552.0
509.2326965332031  401.0
333.2634582519531  403.0
246.4146728515625  325.0
544.5989990234375  672.0
478.133056640625  507.0
325.8716735839844  321.0
504.5812683105469  502.0
208.1968994140625  221.0
204.59332275390625  269.0
520.6069946289062  528.0
541.6655883789062  534.0
427.16973876953125  419.0
220.21127319335938  348.0
625.2077026367188  569.0
533.1471557617188  478.0
195.85841369628906  226.0
226.96905517578125  304.0
622.578857421875  630.0
437.01055908203125  419.0
755.7610473632812  763.0
543.1369018554688  559.0
600.3556518554688  530.0
517.616455078125  531.0
556.51025390625  616.0
186.7762451171875  390.0
560.171875  587.0
403.1688537597656  393.0
375.6674499511719  409.0
378.7273254394531  417.0
563.56591796875  573.0
494.8877258300781  481.0
209.1405792236328  228.0
657.8829956054688  595.0
288.92803955078125  270.0
615.557861328125  613.0
502.2174377441406  495.0
515.822509765625  500.0
330.9444580078125  319.0
596.5256958007812  546.0
291.0379333496094  330.0
335.68975830078125  333.0
611.4168701171875  606.0
194.68507385253906  218.0
433.69964599609375  430.0
518.9744262695312  522.0
495.317138671875  493.0
571.3419799804688  575.0
652.9879150390625  653.0
195.3779296875  206.0
397.7178649902344  393.0
438.1892395019531  444.0
567.242919921875  561.0
390.239013671875  418.0
290.8774108886719  320.0
327.3993225097656  279.0
197.9153594970703  266.0
298.6368713378906  343.0
326.59954833984375  324.0
392.9524230957031  386.0
520.0161743164062  493.0
360.23370361328125  298.0
262.76531982421875  331.0
199.31202697753906  358.0
644.9229736328125  619.0
193.77687072753906  197.0
539.711669921875  537.0
515.3098754882812  482.0
271.70330810546875  243.0
343.48284912109375  363.0
561.7562866210938  556.0
517.926513671875  484.0
381.9374694824219  433.0
559.1385498046875  551.0
480.4644470214844  474.0
538.75830078125  557.0
166.33290100097656  273.0
557.88671875  559.0
653.1793212890625  600.0
285.97906494140625  259.0
392.1734313964844  385.0
495.79266357421875  500.0
277.369384765625  278.0
564.819091796875  545.0
312.9535827636719  315.0
201.82412719726562  225.0
516.426025390625  548.0
587.4432983398438  569.0
563.296630859375  581.0
512.355712890625  551.0
622.6235961914062  643.0
511.7022705078125  533.0
306.5762634277344  315.0
311.73236083984375  310.0
492.8492126464844  512.0
378.7379455566406  363.0
149.36642456054688  152.0
524.6715698242188  533.0
491.02191162109375  549.0
398.4376220703125  363.0
MSE : 2201.389777846036
MAPE : 7.929644748585782
R2 Score : 0.8736829850611944
time : 8945.79389226099
