654.7357788085938  763.0
560.086181640625  773.0
578.857421875  584.0
563.518310546875  584.0
414.55548095703125  423.0
561.6456298828125  533.0
300.6012268066406  300.0
532.3984985351562  531.0
512.4534301757812  458.0
288.7231750488281  269.0
558.308837890625  522.0
562.3511352539062  517.0
399.3158264160156  409.0
398.8721618652344  385.0
501.4668273925781  519.0
582.703369140625  557.0
580.653564453125  541.0
518.6009521484375  557.0
509.13555908203125  545.0
359.12091064453125  433.0
297.1399841308594  310.0
384.7046813964844  392.0
492.4809265136719  488.0
315.6445007324219  265.0
313.12445068359375  324.0
501.26922607421875  563.0
205.35777282714844  196.0
552.5111083984375  527.0
200.0752716064453  213.0
516.1725463867188  520.0
377.7456970214844  370.0
327.1643981933594  330.0
556.1544799804688  589.0
401.59259033203125  373.0
246.11270141601562  220.0
225.2837371826172  253.0
557.5261840820312  581.0
347.9073791503906  359.0
414.84588623046875  393.0
526.7239990234375  535.0
282.5409851074219  266.0
502.4266357421875  470.0
293.34234619140625  191.0
474.49554443359375  503.0
526.1265258789062  618.0
275.63360595703125  233.0
496.07049560546875  498.0
283.10540771484375  253.0
529.06884765625  529.0
505.4201354980469  474.0
496.9346618652344  494.0
371.3570251464844  333.0
299.8657531738281  315.0
271.5159606933594  243.0
570.36962890625  545.0
571.8895874023438  581.0
507.35919189453125  501.0
540.9037475585938  599.0
533.340576171875  509.0
518.9161987304688  478.0
541.5894775390625  581.0
358.3682861328125  345.0
570.1235961914062  538.0
285.2911071777344  239.0
568.6492309570312  630.0
655.0093994140625  583.0
527.9813232421875  530.0
550.4270629882812  604.0
529.2918701171875  530.0
418.766845703125  419.0
193.84706115722656  130.0
333.435302734375  420.0
652.7400512695312  653.0
210.40687561035156  197.0
204.2617950439453  190.0
204.28945922851562  192.0
214.55328369140625  203.0
336.6593933105469  308.0
213.4261016845703  211.0
575.6331176757812  565.0
427.2203369140625  449.0
537.9505004882812  525.0
559.5702514648438  551.0
326.78326416015625  368.0
307.700927734375  324.0
507.0807189941406  500.0
254.66468811035156  217.0
561.2926025390625  685.0
450.5924072265625  374.0
398.920166015625  393.0
511.52294921875  539.0
655.1206665039062  643.0
311.074462890625  241.0
510.7275695800781  482.0
587.4418334960938  606.0
565.7953491210938  618.0
413.8013000488281  395.0
MSE : 1932.747214313702
MAPE : 7.759339621626549
R2 Score : 0.9097132180738847
time : 1264.8933690949343
