478.7768249511719  481.0
706.0899047851562  561.0
526.435302734375  549.0
515.47802734375  520.0
507.63226318359375  503.0
468.4822082519531  599.0
411.6029357910156  393.0
480.651611328125  520.0
260.1366882324219  283.0
342.0404968261719  327.0
211.9311065673828  221.0
378.2242126464844  345.0
491.9389343261719  411.0
587.5652465820312  562.0
261.36053466796875  300.0
325.8833923339844  273.0
360.08636474609375  298.0
383.3724365234375  363.0
303.5638427734375  330.0
561.4577026367188  603.0
360.0557556152344  319.0
531.74267578125  526.0
192.10311889648438  188.0
401.7334289550781  406.0
416.47808837890625  432.0
367.7464904785156  376.0
378.41546630859375  324.0
563.0797729492188  551.0
588.4373779296875  575.0
260.8731689453125  358.0
343.7626953125  350.0
396.01300048828125  440.0
737.7583618164062  584.0
339.03265380859375  243.0
521.2661743164062  533.0
339.462158203125  417.0
502.9244384765625  490.0
389.0824279785156  407.0
438.7117919921875  459.0
501.1788635253906  563.0
472.0055847167969  518.0
403.5794677734375  379.0
340.224365234375  387.0
394.73736572265625  423.0
480.5793151855469  528.0
230.4177703857422  266.0
400.5289611816406  378.0
215.5119171142578  207.0
502.17681884765625  444.0
257.5617370605469  315.0
389.89642333984375  374.0
319.21685791015625  331.0
591.2680053710938  568.0
504.8196716308594  507.0
343.99615478515625  333.0
492.27447509765625  545.0
489.01885986328125  475.0
402.203125  355.0
565.8564453125  512.0
227.52586364746094  223.0
383.1676330566406  387.0
500.88311767578125  488.0
415.41033935546875  419.0
399.76824951171875  444.0
238.34446716308594  251.0
559.9652099609375  550.0
266.4851989746094  253.0
329.5945129394531  256.0
488.6344909667969  508.0
583.8403930664062  563.0
477.364990234375  482.0
259.2013244628906  331.0
456.1201171875  493.0
556.4008178710938  544.0
563.9380493164062  513.0
354.3275451660156  330.0
492.2806091308594  521.0
569.9404907226562  621.0
260.78240966796875  318.0
545.3496704101562  519.0
270.3605041503906  268.0
512.0421142578125  539.0
312.6343078613281  316.0
356.90997314453125  430.0
524.058837890625  502.0
231.25161743164062  223.0
499.09417724609375  486.0
371.972900390625  348.0
706.6528930664062  533.0
361.00946044921875  396.0
394.42156982421875  328.0
404.4412841796875  413.0
622.2846069335938  669.0
378.830078125  397.0
382.3929138183594  385.0
562.6029663085938  545.0
476.1390686035156  503.0
237.0425567626953  272.0
563.482666015625  590.0
557.353515625  545.0
MSE : 2217.956848259871
MAPE : 8.30074709668228
R2 Score : 0.8263323186918865
time : 1676.882526693982
