214.88719177246094  241.0
159.0389404296875  191.0
692.9578857421875  763.0
334.4295654296875  425.0
248.83645629882812  213.0
537.4390258789062  499.0
643.0048828125  653.0
566.0917358398438  565.0
435.9284362792969  440.0
520.6926879882812  515.0
524.726318359375  534.0
580.5872802734375  569.0
644.5289306640625  618.0
503.31573486328125  503.0
545.1516723632812  584.0
505.0809631347656  533.0
405.8876953125  409.0
599.7369384765625  545.0
318.16351318359375  330.0
531.0767211914062  539.0
548.7723388671875  538.0
594.1951904296875  550.0
499.4166564941406  499.0
352.06512451171875  398.0
524.9474487304688  584.0
369.99432373046875  378.0
259.1195983886719  187.0
210.89549255371094  192.0
320.5886535644531  355.0
478.2230529785156  493.0
507.635009765625  555.0
370.0694580078125  384.0
268.72723388671875  243.0
484.0598449707031  512.0
523.7733154296875  556.0
578.36376953125  593.0
585.0961303710938  557.0
351.68121337890625  344.0
518.4627685546875  527.0
259.8836669921875  281.0
518.8887329101562  508.0
201.89967346191406  211.0
505.84271240234375  549.0
524.9611206054688  492.0
634.8010864257812  577.0
393.5572204589844  360.0
583.4515380859375  589.0
265.62847900390625  233.0
520.374755859375  484.0
623.0264282226562  569.0
323.49224853515625  380.0
319.49652099609375  376.0
212.8346405029297  197.0
400.627197265625  475.0
471.7150573730469  459.0
373.62005615234375  311.0
543.2504272460938  541.0
353.79925537109375  420.0
345.8284912109375  392.0
528.7542114257812  550.0
214.17576599121094  206.0
411.7890625  411.0
526.7398071289062  497.0
646.4395141601562  557.0
252.6231231689453  251.0
356.35235595703125  325.0
359.10589599609375  362.0
581.3671875  626.0
273.8287658691406  293.0
407.12420654296875  401.0
413.24163818359375  423.0
208.97279357910156  194.0
304.7056579589844  308.0
511.8631286621094  523.0
523.6099243164062  545.0
249.8130340576172  239.0
415.69659423828125  419.0
259.2917785644531  270.0
299.90045166015625  319.0
360.0353698730469  273.0
383.63555908203125  417.0
341.013671875  378.0
567.7166137695312  658.0
359.1351318359375  366.0
549.3576049804688  618.0
519.1774291992188  501.0
417.96148681640625  363.0
543.3895874023438  551.0
251.1377410888672  253.0
303.8682556152344  318.0
325.99078369140625  331.0
573.1380004882812  535.0
520.1981201171875  508.0
427.9461669921875  478.0
503.7451171875  503.0
194.12342834472656  204.0
402.91485595703125  545.0
571.7979125976562  566.0
521.5527954101562  449.0
658.849609375  547.0
MSE : 1641.8167723952838
MAPE : 7.27541822381322
R2 Score : 0.9067525194839107
time : 2808.618631922058
