509.5644226074219  494.0
581.2312622070312  527.0
258.9523620605469  344.0
273.1982421875  241.0
581.3522338867188  528.0
379.2079162597656  415.0
580.90087890625  555.0
579.8983764648438  560.0
556.1983032226562  563.0
581.1737670898438  604.0
423.9735412597656  475.0
581.41455078125  653.0
580.7694702148438  478.0
253.05776977539062  324.0
395.6893615722656  409.0
257.4213562011719  315.0
580.2821655273438  573.0
251.5144805908203  254.0
581.281005859375  488.0
581.5455932617188  650.0
580.7257690429688  573.0
581.3101196289062  616.0
581.2953491210938  520.0
581.5198364257812  536.0
439.6100769042969  396.0
301.5770568847656  321.0
320.9174499511719  344.0
378.1265563964844  393.0
492.7889099121094  363.0
244.41343688964844  196.0
507.5380554199219  475.0
580.5109252929688  562.0
243.53659057617188  229.0
280.4281311035156  265.0
580.5841064453125  557.0
512.7827758789062  521.0
291.3233337402344  213.0
409.8103942871094  419.0
263.49713134765625  272.0
257.1964416503906  335.0
580.2175903320312  550.0
508.17291259765625  472.0
509.6965637207031  529.0
361.3755187988281  397.0
581.2842407226562  531.0
369.6787414550781  433.0
579.6299438476562  449.0
508.8904724121094  488.0
396.9093322753906  359.0
355.279541015625  330.0
527.4817504882812  459.0
581.4880981445312  533.0
580.0205078125  420.0
581.54736328125  548.0
263.64788818359375  331.0
581.3665161132812  579.0
296.1162109375  199.0
581.5125122070312  763.0
248.31430053710938  203.0
292.0288391113281  392.0
382.6640319824219  320.0
299.6371154785156  315.0
581.5272216796875  593.0
578.18994140625  603.0
581.1775512695312  520.0
581.3257446289062  419.0
354.0698547363281  385.0
298.7308654785156  416.0
364.61944580078125  393.0
511.4835510253906  512.0
581.3677368164062  551.0
243.1603546142578  191.0
581.5380859375  555.0
510.079345703125  565.0
430.310302734375  355.0
581.4210205078125  606.0
331.8174743652344  226.0
509.8519287109375  485.0
365.2355651855469  379.0
559.4783325195312  545.0
580.7096557617188  568.0
580.9313354492188  478.0
509.1309509277344  484.0
581.4074096679688  490.0
493.46026611328125  419.0
396.1645812988281  417.0
581.4321899414062  613.0
581.3986206054688  616.0
351.21173095703125  523.0
327.7461853027344  218.0
293.3802185058594  272.0
580.8141479492188  545.0
287.53741455078125  358.0
509.4464111328125  479.0
581.4376831054688  606.0
548.76171875  554.0
478.88250732421875  420.0
549.2203979492188  423.0
298.5242614746094  343.0
283.9874267578125  273.0
MSE : 3999.205990580076
MAPE : 12.476311607946627
R2 Score : 0.7438286385662924
time : 648.2750135549577
