553.3724975585938  763.0
553.4312133789062  773.0
553.2667236328125  584.0
553.394775390625  584.0
393.76678466796875  423.0
553.4564208984375  533.0
307.4494323730469  300.0
553.3922729492188  531.0
550.435302734375  458.0
266.56121826171875  269.0
553.2979736328125  522.0
553.4161376953125  568.0
352.992431640625  409.0
371.56201171875  385.0
553.1382446289062  519.0
553.408935546875  557.0
553.386474609375  541.0
553.4207763671875  557.0
553.30224609375  545.0
363.19482421875  433.0
291.39117431640625  310.0
367.0156555175781  389.0
553.4193725585938  488.0
300.2023010253906  265.0
284.9145812988281  324.0
553.275634765625  563.0
266.1565246582031  196.0
553.2728271484375  527.0
267.30755615234375  213.0
553.4358520507812  520.0
365.02789306640625  370.0
348.92095947265625  330.0
553.4408569335938  589.0
366.31689453125  373.0
276.79730224609375  220.0
267.1895751953125  253.0
553.2783813476562  581.0
365.8800964355469  359.0
288.08197021484375  393.0
553.4218139648438  535.0
266.633544921875  266.0
553.4159545898438  470.0
266.03680419921875  191.0
412.8670349121094  503.0
553.3422241210938  618.0
336.0311584472656  233.0
532.509765625  498.0
553.4156494140625  517.0
284.8585510253906  253.0
553.2947998046875  529.0
553.4551391601562  474.0
553.3804321289062  494.0
351.9256896972656  333.0
288.88751220703125  315.0
335.2443542480469  243.0
553.2483520507812  545.0
553.4650268554688  581.0
553.372314453125  501.0
553.4620971679688  599.0
553.3958740234375  509.0
553.4295043945312  478.0
553.4075927734375  581.0
380.49444580078125  345.0
553.1987915039062  538.0
266.197509765625  239.0
553.375244140625  630.0
553.3931274414062  583.0
553.2166137695312  530.0
552.9908447265625  604.0
553.4542846679688  530.0
403.2628173828125  419.0
266.0563659667969  130.0
367.95562744140625  420.0
553.0646362304688  653.0
266.26385498046875  197.0
266.32635498046875  190.0
266.1055603027344  192.0
266.4476318359375  203.0
363.6730041503906  392.0
281.5348205566406  308.0
272.21435546875  211.0
553.4407958984375  565.0
440.9021911621094  449.0
553.4114990234375  525.0
553.288818359375  551.0
387.19696044921875  368.0
285.66412353515625  324.0
553.4366455078125  500.0
363.60443115234375  217.0
551.84423828125  685.0
374.1212158203125  374.0
367.9551696777344  401.0
553.4498291015625  539.0
553.41259765625  643.0
273.4271545410156  241.0
553.4354248046875  482.0
552.3174438476562  606.0
553.251708984375  618.0
375.3095703125  393.0
366.8590393066406  395.0
MSE : 3613.315693106232
MAPE : 12.55418471013045
R2 Score : 0.8276910043403799
time : 1122.579248890048
