694.8065795898438  763.0
561.3185424804688  773.0
532.0319213867188  584.0
553.495361328125  584.0
431.6104431152344  423.0
508.9432067871094  533.0
306.18206787109375  300.0
530.0459594726562  531.0
505.9022521972656  458.0
326.3687744140625  269.0
505.33087158203125  522.0
553.87744140625  517.0
391.04071044921875  409.0
384.2825012207031  385.0
502.3443603515625  519.0
563.69873046875  557.0
522.990478515625  541.0
482.81793212890625  557.0
554.0830688476562  545.0
390.57281494140625  433.0
319.49560546875  310.0
383.3591613769531  392.0
475.79644775390625  488.0
312.1038818359375  265.0
317.06011962890625  324.0
478.3626403808594  563.0
201.86216735839844  196.0
504.8848876953125  527.0
198.29762268066406  213.0
476.0140380859375  520.0
368.2691955566406  370.0
329.63726806640625  330.0
552.9739990234375  589.0
390.4696044921875  373.0
239.47616577148438  220.0
199.36380004882812  253.0
546.4691772460938  581.0
368.88421630859375  359.0
381.83184814453125  393.0
527.4164428710938  535.0
328.28765869140625  266.0
479.870361328125  470.0
346.08343505859375  191.0
453.74127197265625  503.0
551.3522338867188  618.0
246.0162353515625  233.0
467.98748779296875  498.0
196.76876831054688  253.0
512.1734008789062  529.0
472.657958984375  474.0
477.9845275878906  494.0
323.4490966796875  333.0
317.908203125  315.0
244.46694946289062  243.0
538.578369140625  545.0
575.714599609375  581.0
485.1847229003906  501.0
513.48291015625  599.0
505.39910888671875  509.0
498.1387634277344  478.0
553.7086791992188  581.0
325.12823486328125  345.0
553.4454956054688  538.0
257.3302917480469  239.0
554.69970703125  630.0
674.589599609375  583.0
523.3970336914062  530.0
566.2589111328125  604.0
502.9557800292969  530.0
426.3343811035156  419.0
198.2316436767578  130.0
327.7260437011719  420.0
675.8079223632812  653.0
197.6890869140625  197.0
203.38082885742188  190.0
199.17173767089844  192.0
216.70095825195312  203.0
348.4854736328125  308.0
225.57839965820312  211.0
570.0606689453125  565.0
455.7628479003906  449.0
539.0197143554688  525.0
534.1510009765625  551.0
377.5123291015625  368.0
315.08905029296875  324.0
481.53045654296875  500.0
242.4149932861328  217.0
628.1735229492188  685.0
411.3828430175781  374.0
392.9725646972656  393.0
480.9682922363281  539.0
657.7950439453125  643.0
276.6475524902344  241.0
472.4552917480469  482.0
534.65771484375  606.0
633.2006225585938  618.0
404.27508544921875  395.0
MSE : 1923.8643447362372
MAPE : 7.497397527325522
R2 Score : 0.9101281744129647
time : 1396.05746949499
