654.9824829101562  763.0
584.3995971679688  773.0
518.475341796875  584.0
564.6969604492188  584.0
422.98175048828125  423.0
513.3860473632812  533.0
346.1143493652344  300.0
535.255859375  531.0
486.353515625  458.0
228.3660888671875  269.0
532.3156127929688  522.0
571.9945678710938  517.0
372.197998046875  409.0
363.0824279785156  385.0
457.9516906738281  519.0
581.05908203125  557.0
524.6198120117188  541.0
531.63623046875  557.0
481.4440612792969  545.0
361.7678527832031  433.0
200.2290802001953  310.0
360.02880859375  392.0
484.2456359863281  488.0
300.4965515136719  265.0
211.11566162109375  324.0
445.0230407714844  563.0
184.85169982910156  196.0
522.4132080078125  527.0
191.55982971191406  213.0
495.3105773925781  520.0
364.2601623535156  370.0
205.34120178222656  330.0
549.17333984375  589.0
323.0803527832031  373.0
199.1213836669922  220.0
222.2796630859375  253.0
524.282470703125  581.0
349.6858215332031  359.0
328.6070251464844  393.0
541.3333740234375  535.0
225.89930725097656  266.0
487.1988830566406  470.0
296.5428161621094  191.0
482.4661560058594  503.0
516.3851928710938  618.0
215.6200714111328  233.0
438.3213806152344  498.0
265.3594665527344  253.0
519.9332275390625  529.0
471.9401550292969  474.0
484.8163146972656  494.0
359.5873107910156  333.0
203.10769653320312  315.0
202.3523406982422  243.0
559.806884765625  545.0
534.1234741210938  581.0
509.0533752441406  501.0
521.6473999023438  599.0
497.48663330078125  509.0
476.2069091796875  478.0
520.546142578125  581.0
386.4693603515625  345.0
549.7252807617188  538.0
248.7924346923828  239.0
530.7360229492188  630.0
658.9606323242188  583.0
536.2579956054688  530.0
582.8500366210938  604.0
511.7250061035156  530.0
418.77764892578125  419.0
174.63290405273438  130.0
364.7027282714844  420.0
591.5848388671875  653.0
188.12037658691406  197.0
185.10121154785156  190.0
198.49710083007812  192.0
190.5677947998047  203.0
306.46697998046875  308.0
199.5224151611328  211.0
534.8595581054688  565.0
448.4295959472656  449.0
529.864013671875  525.0
540.1400756835938  551.0
394.7929992675781  368.0
208.81996154785156  324.0
503.1783142089844  500.0
192.82125854492188  217.0
603.5783081054688  685.0
400.5035400390625  374.0
405.55963134765625  393.0
516.4894409179688  539.0
580.764892578125  643.0
341.9078063964844  241.0
482.6994934082031  482.0
526.2256469726562  606.0
658.092529296875  618.0
400.9084777832031  395.0
MSE : 2838.9664866259063
MAPE : 9.665278526511765
R2 Score : 0.867379890047049
time : 1023.6778977459762
