202.11546325683594  225.0
524.165771484375  569.0
546.0784912109375  545.0
496.42431640625  481.0
166.57261657714844  206.0
585.7742309570312  678.0
712.1001586914062  653.0
537.3003540039062  490.0
147.6571502685547  213.0
296.038818359375  320.0
538.1785888671875  539.0
266.3789978027344  251.0
297.2538146972656  302.0
345.7211608886719  378.0
565.840087890625  568.0
558.30615234375  520.0
564.7070922851562  560.0
539.803955078125  580.0
315.1764221191406  315.0
345.3137512207031  420.0
423.0765686035156  444.0
410.3577575683594  410.0
547.0071411132812  773.0
478.8157043457031  482.0
337.5293273925781  410.0
225.2350616455078  223.0
597.5217895507812  508.0
634.5035400390625  668.0
238.309814453125  241.0
508.0012512207031  481.0
613.190185546875  550.0
578.8663330078125  580.0
374.8385925292969  359.0
592.5194091796875  587.0
352.87603759765625  256.0
219.89468383789062  207.0
220.39634704589844  217.0
526.5900268554688  600.0
153.28265380859375  152.0
401.60693359375  407.0
595.0079345703125  618.0
572.2813110351562  619.0
336.2082214355469  388.0
218.11878967285156  233.0
539.0782470703125  488.0
287.2029113769531  270.0
504.21759033203125  548.0
421.1298522949219  353.0
568.2538452148438  650.0
388.8358459472656  413.0
410.9127502441406  415.0
381.9776306152344  409.0
577.0668334960938  494.0
497.59783935546875  562.0
601.8236694335938  584.0
567.970947265625  603.0
510.0906677246094  542.0
573.2531127929688  579.0
541.61767578125  649.0
376.0795593261719  363.0
545.6004638671875  508.0
527.3067626953125  512.0
396.717041015625  409.0
525.50146484375  521.0
480.0050048828125  520.0
362.9417419433594  349.0
569.0142211914062  590.0
353.3622741699219  191.0
337.0268859863281  378.0
322.7503967285156  324.0
575.8052978515625  580.0
568.9179077148438  530.0
334.08551025390625  397.0
283.9720458984375  301.0
197.8935546875  204.0
567.5781860351562  472.0
240.43544006347656  272.0
213.47515869140625  304.0
569.5899658203125  658.0
571.6387329101562  590.0
320.2083435058594  267.0
596.2391357421875  569.0
172.34127807617188  173.0
366.1203918457031  380.0
365.3135986328125  379.0
485.47357177734375  606.0
299.0570983886719  315.0
370.1501770019531  425.0
535.447509765625  531.0
516.0090942382812  526.0
545.474853515625  564.0
519.9080810546875  503.0
291.0460205078125  259.0
455.20672607421875  457.0
577.54296875  574.0
420.30230712890625  417.0
363.4308776855469  327.0
498.9437255859375  508.0
409.6297302246094  416.0
571.2579345703125  592.0
MSE : 2575.6058823170583
MAPE : 8.341553470833459
R2 Score : 0.871781612708979
time : 1371.197797211993
