292.1570739746094  241.0
229.28382873535156  191.0
643.13134765625  763.0
347.62713623046875  425.0
203.5863800048828  213.0
517.7565307617188  499.0
590.3844604492188  653.0
564.3829345703125  565.0
512.7955322265625  440.0
510.7991638183594  515.0
513.700927734375  534.0
643.2102661132812  569.0
639.1099243164062  569.0
526.2533569335938  503.0
561.8886108398438  584.0
512.6432495117188  533.0
349.9549865722656  409.0
537.5601196289062  545.0
241.19212341308594  330.0
494.9790954589844  539.0
623.038330078125  538.0
635.7714233398438  550.0
488.0949401855469  499.0
364.4786071777344  398.0
556.943359375  584.0
368.8816833496094  378.0
218.17958068847656  187.0
198.52684020996094  192.0
332.3202819824219  355.0
489.6360168457031  493.0
566.8946533203125  549.0
393.52099609375  384.0
216.20042419433594  243.0
486.4454345703125  512.0
567.846923828125  556.0
639.9801635742188  593.0
629.0182495117188  557.0
277.1468200683594  344.0
518.038330078125  527.0
290.3027648925781  281.0
527.3307495117188  508.0
231.95396423339844  211.0
493.10711669921875  492.0
560.6575317382812  577.0
346.4678649902344  360.0
626.8416137695312  626.0
219.16275024414062  233.0
497.6893310546875  484.0
369.3408508300781  380.0
352.1532287597656  376.0
210.0938720703125  197.0
415.8976745605469  475.0
488.88739013671875  459.0
241.88780212402344  311.0
568.9550170898438  541.0
398.0684509277344  420.0
365.71209716796875  392.0
613.7534790039062  550.0
220.87319946289062  206.0
415.2395324707031  411.0
498.9523620605469  497.0
499.3153991699219  557.0
280.0477294921875  270.0
313.84381103515625  325.0
349.5685119628906  362.0
221.1794891357422  293.0
481.1594543457031  401.0
412.42913818359375  423.0
208.07928466796875  194.0
307.5818786621094  308.0
513.4234008789062  523.0
551.4434204101562  545.0
256.26263427734375  239.0
467.8919372558594  419.0
270.0448913574219  319.0
7.7410688400268555  273.0
363.3424377441406  417.0
316.4417419433594  378.0
584.03515625  658.0
226.2689666748047  366.0
550.05712890625  618.0
500.5729064941406  501.0
396.6395568847656  363.0
566.2251586914062  551.0
230.46815490722656  253.0
327.0617370605469  318.0
213.11965942382812  331.0
561.2597045898438  535.0
505.0184020996094  508.0
469.8039855957031  478.0
488.0514221191406  503.0
198.45396423339844  204.0
473.9083251953125  545.0
574.3832397460938  566.0
515.6677856445312  449.0
637.7879028320312  547.0
MSE : 2832.9584090917265
MAPE : 9.265759729705058
R2 Score : 0.8356743354686831
time : 1256.2248879940016
