590.5671997070312  763.0
511.46246337890625  773.0
516.3424072265625  584.0
513.0421142578125  584.0
424.4986267089844  423.0
509.76458740234375  533.0
339.4247131347656  300.0
579.1914672851562  531.0
579.1212158203125  458.0
285.6784362792969  269.0
579.3251953125  522.0
579.3079833984375  568.0
355.47161865234375  409.0
381.41375732421875  385.0
582.8370971679688  519.0
579.2145385742188  557.0
579.2240600585938  541.0
514.916259765625  557.0
579.2620849609375  545.0
380.6285705566406  433.0
357.2939453125  310.0
381.24249267578125  389.0
510.4365234375  488.0
339.33209228515625  265.0
339.97015380859375  324.0
579.5396118164062  563.0
233.9888458251953  196.0
579.1047973632812  527.0
304.88409423828125  213.0
558.737548828125  520.0
380.8065185546875  370.0
340.96661376953125  330.0
511.34515380859375  589.0
380.94091796875  373.0
234.20521545410156  220.0
234.2149200439453  253.0
612.585205078125  581.0
380.4732360839844  359.0
294.8492126464844  393.0
552.0789794921875  535.0
278.13641357421875  266.0
573.7010498046875  470.0
234.11895751953125  191.0
512.5820922851562  503.0
577.0332641601562  618.0
339.9498291015625  233.0
541.7474365234375  498.0
579.8324584960938  517.0
274.25274658203125  253.0
510.8285827636719  529.0
509.81072998046875  474.0
513.7044677734375  494.0
380.138671875  333.0
348.93402099609375  315.0
339.86175537109375  243.0
579.165283203125  545.0
579.5769653320312  581.0
510.0291748046875  501.0
577.5631713867188  599.0
579.7452392578125  509.0
547.651123046875  478.0
579.5512084960938  581.0
381.7335510253906  345.0
598.70751953125  538.0
233.98202514648438  239.0
587.76318359375  630.0
509.11431884765625  583.0
592.1287841796875  530.0
514.776611328125  604.0
539.017578125  530.0
465.4382629394531  419.0
234.0597686767578  130.0
346.0291442871094  420.0
608.4251098632812  653.0
234.1314697265625  197.0
262.6530456542969  190.0
233.96861267089844  192.0
276.14141845703125  203.0
381.0875244140625  392.0
288.42852783203125  308.0
288.9858703613281  211.0
613.2775268554688  565.0
506.4230041503906  449.0
580.331298828125  525.0
575.073974609375  551.0
397.07421875  368.0
340.2729187011719  324.0
558.8029174804688  500.0
341.736083984375  217.0
515.2754516601562  685.0
381.177001953125  374.0
382.2058410644531  401.0
579.16796875  539.0
582.7932739257812  643.0
306.12139892578125  241.0
558.7861938476562  482.0
548.5825805664062  606.0
585.8873291015625  618.0
395.6127014160156  393.0
380.8499450683594  395.0
MSE : 3884.750402520534
MAPE : 12.587540002688621
R2 Score : 0.8147470364895851
time : 1098.6102007819572
