615.9561767578125  552.0
472.0261535644531  401.0
361.5505676269531  403.0
316.4530334472656  325.0
652.97607421875  672.0
465.5821228027344  507.0
330.79052734375  321.0
497.9272766113281  502.0
243.11573791503906  221.0
214.89013671875  269.0
526.255859375  528.0
562.477783203125  534.0
416.630859375  419.0
246.6554718017578  348.0
607.9224243164062  569.0
515.102294921875  478.0
315.9722900390625  226.0
319.6273193359375  304.0
550.5938720703125  630.0
451.2038879394531  419.0
755.4171142578125  763.0
518.8430786132812  559.0
593.6924438476562  530.0
522.2766723632812  531.0
604.456787109375  616.0
179.30140686035156  390.0
553.6754150390625  587.0
473.0430603027344  393.0
366.5361022949219  409.0
348.1575012207031  417.0
592.1233520507812  573.0
471.2102355957031  481.0
201.4741973876953  228.0
633.1085205078125  595.0
282.4270935058594  270.0
582.2714233398438  613.0
500.89453125  495.0
515.6404418945312  500.0
267.3852844238281  319.0
571.1690063476562  546.0
314.8863220214844  330.0
304.4274597167969  333.0
605.157958984375  606.0
257.20611572265625  218.0
419.1213684082031  430.0
539.8683471679688  522.0
473.3189392089844  493.0
587.5519409179688  575.0
613.420654296875  653.0
214.8164825439453  206.0
402.3493957519531  393.0
414.8836975097656  444.0
556.2122802734375  561.0
386.6715393066406  418.0
294.01141357421875  320.0
351.8175048828125  279.0
197.56324768066406  266.0
310.1614685058594  343.0
316.3652648925781  324.0
343.7599182128906  386.0
565.9690551757812  493.0
349.5411071777344  298.0
199.3004913330078  331.0
272.1724548339844  358.0
590.19287109375  619.0
179.66990661621094  197.0
530.7667236328125  537.0
486.20501708984375  482.0
210.63462829589844  243.0
401.7904968261719  363.0
514.2116088867188  556.0
520.3289794921875  484.0
354.2802734375  433.0
533.1295776367188  551.0
480.9420471191406  474.0
502.87286376953125  557.0
217.50489807128906  273.0
506.9780578613281  559.0
650.194580078125  600.0
300.9347229003906  259.0
381.4212646484375  385.0
470.35052490234375  500.0
270.7668762207031  278.0
549.4700317382812  545.0
306.805908203125  315.0
205.07423400878906  225.0
484.71734619140625  548.0
572.5856323242188  569.0
569.2816162109375  581.0
544.538330078125  551.0
761.7029418945312  643.0
524.231201171875  533.0
418.64154052734375  315.0
298.9025573730469  310.0
484.74871826171875  512.0
341.3246154785156  363.0
164.33009338378906  152.0
585.0371704101562  533.0
493.9122619628906  549.0
477.9125671386719  363.0
MSE : 2486.348401308432
MAPE : 9.46780524189052
R2 Score : 0.8573318949184661
time : 4405.977892264025
