376.6587829589844  374.0
501.0020446777344  490.0
565.4263916015625  527.0
503.9248962402344  401.0
530.2230224609375  523.0
546.267333984375  552.0
310.91558837890625  343.0
328.39019775390625  331.0
527.4012451171875  565.0
595.4228515625  616.0
560.783447265625  549.0
577.98828125  593.0
538.2509765625  573.0
385.9971618652344  363.0
379.21405029296875  360.0
390.9649963378906  433.0
348.1065673828125  409.0
213.72471618652344  197.0
524.4561767578125  493.0
476.46820068359375  500.0
247.56153869628906  228.0
580.3462524414062  458.0
425.96148681640625  419.0
386.2922668457031  395.0
212.69943237304688  219.0
464.8290710449219  507.0
74.4509506225586  273.0
335.9383239746094  330.0
253.8275604248047  259.0
463.7755126953125  595.0
291.23846435546875  358.0
214.5797882080078  213.0
364.99212646484375  373.0
357.34100341796875  330.0
604.1336669921875  547.0
601.9846801757812  649.0
573.766845703125  560.0
524.2403564453125  554.0
534.529052734375  519.0
504.7333068847656  440.0
596.4692993164062  411.0
376.0461730957031  393.0
650.7108764648438  621.0
490.4159851074219  505.0
229.95620727539062  253.0
566.3283081054688  563.0
559.0487060546875  513.0
505.126220703125  539.0
464.9263916015625  481.0
678.3516235351562  643.0
585.9284057617188  623.0
202.9661407470703  195.0
533.0943603515625  536.0
324.76483154296875  304.0
524.814697265625  503.0
328.13055419921875  315.0
215.2665252685547  192.0
530.8529052734375  551.0
309.40838623046875  256.0
382.50531005859375  475.0
604.3555297851562  562.0
379.91790771484375  384.0
577.2713623046875  533.0
366.31494140625  279.0
547.8401489257812  563.0
525.8191528320312  478.0
321.8243713378906  278.0
612.21630859375  624.0
357.6353454589844  397.0
507.2347717285156  541.0
375.81390380859375  313.0
318.71636962890625  281.0
604.6173095703125  567.0
197.2454376220703  216.0
393.78045654296875  386.0
466.07855224609375  493.0
510.22772216796875  497.0
427.12762451171875  473.0
570.4420166015625  508.0
543.8588256835938  549.0
556.5291137695312  577.0
348.60089111328125  363.0
496.13140869140625  577.0
564.3865966796875  492.0
380.7689208984375  418.0
409.5460205078125  403.0
343.557373046875  344.0
476.876953125  474.0
561.9542846679688  773.0
217.6368408203125  302.0
346.0346984863281  311.0
551.0374755859375  630.0
544.4698486328125  549.0
363.8719482421875  410.0
555.2334594726562  580.0
562.3836059570312  561.0
535.3179321289062  528.0
MSE : 2883.712562525715
MAPE : 8.670904508631716
R2 Score : 0.8205549156429918
time : 2518.571768658003
