245.5950469970703  241.0
260.1771545410156  191.0
616.3292236328125  763.0
367.13812255859375  425.0
206.42457580566406  213.0
572.6661987304688  499.0
626.6954956054688  653.0
535.8831176757812  565.0
436.1011047363281  440.0
515.87890625  515.0
530.4686889648438  534.0
575.2659301757812  569.0
583.8556518554688  618.0
516.8027954101562  503.0
555.29931640625  584.0
521.5543212890625  533.0
363.8749084472656  409.0
574.0517578125  545.0
319.478271484375  330.0
520.9301147460938  539.0
541.1815185546875  538.0
594.177978515625  550.0
478.00726318359375  499.0
376.2176818847656  398.0
572.0472412109375  584.0
407.27276611328125  378.0
364.9347839355469  187.0
185.66598510742188  192.0
345.79150390625  355.0
481.364990234375  493.0
490.4367980957031  555.0
375.1796569824219  384.0
278.2444152832031  243.0
475.4283447265625  512.0
525.0247802734375  556.0
546.8421630859375  593.0
568.1490478515625  557.0
311.5253601074219  344.0
538.9619140625  527.0
309.5056457519531  281.0
504.4540100097656  508.0
257.5777587890625  211.0
489.58184814453125  549.0
517.8848876953125  492.0
569.3777465820312  577.0
400.2181701660156  360.0
567.2324829101562  589.0
210.17262268066406  233.0
591.1310424804688  484.0
548.8865356445312  569.0
347.3299560546875  380.0
316.1584167480469  376.0
191.77566528320312  197.0
365.7795104980469  475.0
477.5663757324219  459.0
410.1002197265625  311.0
630.6201171875  541.0
394.3647155761719  420.0
376.8565979003906  392.0
563.2520751953125  550.0
262.41864013671875  206.0
462.06103515625  411.0
503.1993408203125  497.0
492.5350036621094  557.0
266.2846984863281  251.0
462.6979064941406  325.0
378.6952209472656  362.0
576.3328857421875  626.0
283.5506896972656  293.0
483.2848205566406  401.0
368.6683349609375  423.0
255.84388732910156  194.0
300.39984130859375  308.0
494.1086730957031  523.0
568.2847900390625  545.0
266.3011474609375  239.0
459.4914245605469  419.0
265.60772705078125  270.0
261.4969482421875  319.0
492.2725830078125  273.0
406.9369812011719  417.0
334.32879638671875  378.0
521.6865234375  658.0
241.4077606201172  366.0
481.3644104003906  618.0
485.1070861816406  501.0
485.9801940917969  363.0
547.1891479492188  551.0
296.2630310058594  253.0
325.3139343261719  318.0
374.0332946777344  331.0
511.8065490722656  535.0
502.4126892089844  508.0
464.4664611816406  478.0
469.8094787597656  503.0
190.70982360839844  204.0
576.1663208007812  545.0
549.3739013671875  566.0
454.7400207519531  449.0
585.8467407226562  547.0
MSE : 3265.779230543268
MAPE : 10.636790990297264
R2 Score : 0.8145190801494535
time : 3291.729590349016
