567.8890991210938  763.0
566.1513061523438  773.0
566.7628784179688  584.0
586.9006958007812  584.0
457.13543701171875  423.0
520.911376953125  533.0
488.2333984375  300.0
554.9727783203125  531.0
457.04815673828125  458.0
286.4620666503906  269.0
566.9734497070312  522.0
594.5870361328125  517.0
426.08551025390625  409.0
420.7762451171875  385.0
543.2063598632812  519.0
585.2703247070312  557.0
493.35186767578125  541.0
533.1166381835938  557.0
516.1384887695312  545.0
369.42425537109375  433.0
4.905663967132568  310.0
350.2396240234375  392.0
510.05059814453125  488.0
171.78587341308594  265.0
73.8374252319336  324.0
504.6027526855469  563.0
316.4248046875  196.0
549.6612548828125  527.0
229.08985900878906  213.0
511.9386901855469  520.0
391.682373046875  370.0
3.831620216369629  330.0
571.2724609375  589.0
420.3948974609375  373.0
137.0343017578125  220.0
325.7286071777344  253.0
562.4071655273438  581.0
289.8839111328125  359.0
347.25433349609375  393.0
564.1005249023438  535.0
321.312744140625  266.0
522.9497680664062  470.0
249.36624145507812  191.0
325.81280517578125  503.0
510.6634826660156  618.0
70.89434051513672  233.0
473.7958984375  498.0
341.3230895996094  253.0
519.9503784179688  529.0
515.0332641601562  474.0
528.3687133789062  494.0
389.5876770019531  333.0
10.597478866577148  315.0
4.801212787628174  243.0
567.7028198242188  545.0
510.6143798828125  581.0
515.0377807617188  501.0
495.006103515625  599.0
561.6346435546875  509.0
564.512939453125  478.0
558.7642822265625  581.0
357.3210754394531  345.0
575.9386596679688  538.0
242.2638397216797  239.0
571.0650634765625  630.0
508.224609375  583.0
565.5521240234375  530.0
588.6478271484375  604.0
556.2252197265625  530.0
419.7734680175781  419.0
176.68162536621094  130.0
369.76788330078125  420.0
595.2662353515625  653.0
191.55520629882812  197.0
238.61854553222656  190.0
274.4927673339844  192.0
237.51597595214844  203.0
400.43536376953125  308.0
259.9820556640625  211.0
575.1276245117188  565.0
575.350830078125  449.0
561.8504638671875  525.0
568.3640747070312  551.0
309.19146728515625  368.0
45.38996124267578  324.0
510.06884765625  500.0
3.2228708267211914  217.0
547.186279296875  685.0
526.4730834960938  374.0
339.9096374511719  393.0
518.4391479492188  539.0
564.9002685546875  643.0
278.1866455078125  241.0
511.5166015625  482.0
570.2655029296875  606.0
582.5433959960938  618.0
429.68280029296875  395.0
MSE : 9964.126390654925
MAPE : 19.60372642337897
R2 Score : 0.5345335903967348
time : 833.1849614660023
