325.8514709472656  241.0
358.99365234375  191.0
694.9307861328125  763.0
337.5415954589844  425.0
197.37754821777344  213.0
517.9522705078125  499.0
576.8521118164062  653.0
529.3773803710938  565.0
549.9215087890625  440.0
541.2329711914062  515.0
535.2228393554688  534.0
566.8552856445312  569.0
551.9144897460938  569.0
537.6137084960938  503.0
536.6470947265625  584.0
542.4671020507812  533.0
369.8547668457031  409.0
545.3724365234375  545.0
289.1750183105469  330.0
520.2260131835938  539.0
597.0267333984375  538.0
562.1222534179688  550.0
524.5637817382812  499.0
377.8562927246094  398.0
537.5520629882812  584.0
382.14141845703125  378.0
388.9187927246094  187.0
216.4561004638672  192.0
380.7277526855469  355.0
523.9252319335938  493.0
524.5130004882812  549.0
370.3189697265625  384.0
262.60150146484375  243.0
516.389404296875  512.0
538.20166015625  556.0
531.8347778320312  593.0
551.1295776367188  557.0
372.7801513671875  344.0
533.7764892578125  527.0
255.4864959716797  281.0
527.37255859375  508.0
376.8915100097656  211.0
536.4172973632812  492.0
558.360107421875  577.0
462.91400146484375  360.0
561.9343872070312  626.0
300.2903747558594  233.0
513.4423828125  484.0
367.8343505859375  380.0
327.1427917480469  376.0
202.31983947753906  197.0
378.7828674316406  475.0
549.3882446289062  459.0
332.352783203125  311.0
514.7564697265625  541.0
401.4339904785156  420.0
391.00689697265625  392.0
551.1410522460938  550.0
328.0783386230469  206.0
386.4351806640625  411.0
519.6840209960938  497.0
530.968505859375  557.0
338.8053283691406  270.0
383.0727233886719  325.0
376.36676025390625  362.0
260.7069396972656  293.0
536.1991577148438  401.0
393.1189270019531  423.0
381.3506164550781  194.0
298.3730773925781  308.0
539.6808471679688  523.0
542.2386474609375  545.0
263.8940124511719  239.0
530.59814453125  419.0
152.4058074951172  319.0
367.4363708496094  273.0
381.38275146484375  417.0
280.0876159667969  378.0
527.6826171875  658.0
210.12132263183594  366.0
524.7890014648438  618.0
514.8973999023438  501.0
394.9982604980469  363.0
592.9916381835938  551.0
263.3378601074219  253.0
323.1943054199219  318.0
371.9970397949219  331.0
527.3019409179688  535.0
521.6558227539062  508.0
374.4490661621094  478.0
535.5056762695312  503.0
240.92601013183594  204.0
537.1553955078125  545.0
550.0012817382812  566.0
532.259765625  449.0
379.7689208984375  547.0
MSE : 4673.4322512565295
MAPE : 14.295303973262712
R2 Score : 0.7289177074166668
time : 668.4065547139617
