541.322021484375  763.0
541.967529296875  773.0
541.9277954101562  584.0
541.9608764648438  584.0
406.5441589355469  423.0
541.9622192382812  533.0
364.53057861328125  300.0
541.8560791015625  531.0
541.3580932617188  458.0
289.66522216796875  269.0
541.9815063476562  522.0
541.9755249023438  517.0
341.17242431640625  409.0
330.5826721191406  385.0
526.6248168945312  519.0
541.9710083007812  557.0
541.9465942382812  541.0
541.9852294921875  557.0
539.650146484375  545.0
372.4521484375  433.0
155.96241760253906  310.0
402.4294738769531  392.0
541.9877319335938  488.0
310.1773681640625  265.0
263.34051513671875  324.0
541.9579467773438  563.0
238.5322265625  196.0
541.9719848632812  527.0
269.5716857910156  213.0
541.9802856445312  520.0
364.81011962890625  370.0
209.73861694335938  330.0
541.9354248046875  589.0
327.61346435546875  373.0
266.81365966796875  220.0
297.32489013671875  253.0
541.968017578125  581.0
384.1915283203125  359.0
303.89300537109375  393.0
541.8497924804688  535.0
297.2340087890625  266.0
541.9916381835938  470.0
267.6959228515625  191.0
451.6478576660156  503.0
541.9825439453125  618.0
240.01576232910156  233.0
338.63665771484375  498.0
290.0498352050781  253.0
541.9806518554688  529.0
541.9898071289062  474.0
541.98779296875  494.0
380.2248229980469  333.0
196.2534637451172  315.0
97.71864318847656  243.0
541.976806640625  545.0
541.955078125  581.0
541.9866333007812  501.0
541.9791870117188  599.0
541.5509643554688  509.0
541.8975830078125  478.0
538.3748779296875  581.0
347.6330871582031  345.0
541.9747924804688  538.0
265.7895202636719  239.0
541.8955688476562  630.0
541.9054565429688  583.0
541.8543090820312  530.0
541.978759765625  604.0
541.98974609375  530.0
426.15740966796875  419.0
265.2581787109375  130.0
413.6551208496094  420.0
541.9694213867188  653.0
283.69964599609375  197.0
280.2231750488281  190.0
269.9342041015625  192.0
274.00177001953125  203.0
237.0160369873047  308.0
303.256103515625  211.0
541.9585571289062  565.0
538.9818725585938  449.0
541.9544067382812  525.0
541.985107421875  551.0
392.2430114746094  368.0
248.0621795654297  324.0
541.973388671875  500.0
14.392552375793457  217.0
466.1145935058594  685.0
318.7672119140625  374.0
405.5450439453125  393.0
541.9843139648438  539.0
483.50384521484375  643.0
284.97076416015625  241.0
541.9835205078125  482.0
541.5834350585938  606.0
538.0255126953125  618.0
362.2906799316406  395.0
MSE : 5618.712851705925
MAPE : 15.642293563860699
R2 Score : 0.7375262019831343
time : 669.6184879560024
