547.3894653320312  763.0
546.3931884765625  773.0
551.4378051757812  584.0
548.076904296875  584.0
545.5078735351562  423.0
549.9379272460938  533.0
360.8918151855469  300.0
545.8134765625  531.0
545.4520874023438  458.0
307.8685302734375  269.0
549.9256591796875  522.0
549.8345947265625  517.0
387.4391174316406  409.0
392.7405700683594  385.0
545.5796508789062  519.0
549.7413940429688  557.0
549.8443603515625  541.0
547.4650268554688  557.0
548.7857666015625  545.0
331.6011962890625  433.0
100.1497573852539  310.0
363.46435546875  392.0
548.6743774414062  488.0
289.24871826171875  265.0
267.69366455078125  324.0
550.4625244140625  563.0
251.11810302734375  196.0
550.0032348632812  527.0
323.9884033203125  213.0
551.4998168945312  520.0
356.8151550292969  370.0
50.3980827331543  330.0
546.197509765625  589.0
431.4040832519531  373.0
208.4925079345703  220.0
289.60064697265625  253.0
547.1436767578125  581.0
329.572021484375  359.0
357.6693115234375  393.0
545.8906860351562  535.0
334.6817321777344  266.0
549.97998046875  470.0
336.0485534667969  191.0
545.2599487304688  503.0
546.56298828125  618.0
205.69845581054688  233.0
542.9058227539062  498.0
309.0713806152344  253.0
549.3203735351562  529.0
548.9096069335938  474.0
547.2056884765625  494.0
379.3533630371094  333.0
147.03836059570312  315.0
49.33191680908203  243.0
551.130126953125  545.0
546.9243774414062  581.0
548.3645629882812  501.0
547.65966796875  599.0
546.3803100585938  509.0
546.5372924804688  478.0
546.1492919921875  581.0
390.4342041015625  345.0
549.1826171875  538.0
255.60540771484375  239.0
547.8689575195312  630.0
547.1068725585938  583.0
545.9443969726562  530.0
548.4071655273438  604.0
550.275634765625  530.0
545.0599365234375  419.0
305.1971435546875  130.0
355.6873779296875  420.0
551.2923583984375  653.0
310.1054992675781  197.0
315.42327880859375  190.0
292.86767578125  192.0
308.66778564453125  203.0
284.3361511230469  308.0
280.56866455078125  211.0
546.950439453125  565.0
546.7498779296875  449.0
546.5169067382812  525.0
549.51220703125  551.0
352.05316162109375  368.0
235.5166473388672  324.0
551.1138305664062  500.0
1.0981029272079468  217.0
546.728271484375  685.0
388.9199523925781  374.0
408.69317626953125  393.0
549.0872192382812  539.0
546.1442260742188  643.0
279.6215515136719  241.0
550.1134643554688  482.0
547.5140380859375  606.0
548.946533203125  618.0
397.94287109375  395.0
MSE : 6975.730573676685
MAPE : 18.29651073398447
R2 Score : 0.674134175221397
time : 866.1872744230786
