228.44554138183594  268.0
583.4135131835938  603.0
514.9371948242188  499.0
290.11749267578125  333.0
490.357666015625  474.0
543.3958129882812  491.0
322.6265563964844  330.0
455.09002685546875  581.0
569.276611328125  685.0
366.925048828125  256.0
401.15106201171875  392.0
347.60211181640625  350.0
548.59130859375  561.0
373.094970703125  413.0
443.4790344238281  419.0
608.7903442382812  589.0
312.2294921875  304.0
548.5137939453125  559.0
274.84271240234375  302.0
413.5977783203125  440.0
312.8221130371094  278.0
362.2774353027344  343.0
510.2403564453125  531.0
299.51220703125  319.0
471.3796691894531  519.0
494.1343688964844  482.0
339.5740966796875  345.0
627.3541259765625  583.0
381.31842041015625  330.0
490.72576904296875  545.0
430.9915771484375  411.0
361.0870056152344  265.0
360.21807861328125  410.0
510.9847106933594  478.0
599.5887451171875  561.0
396.4326477050781  393.0
516.4749755859375  523.0
305.2083435058594  313.0
212.8386688232422  206.0
496.50677490234375  483.0
305.175048828125  328.0
513.1019287109375  486.0
510.70147705078125  526.0
532.4169311523438  563.0
341.8101806640625  359.0
525.7473754882812  517.0
509.122314453125  473.0
612.6815185546875  618.0
366.30572509765625  366.0
475.091796875  474.0
277.4684143066406  229.0
284.5699157714844  298.0
549.7260131835938  584.0
495.1805725097656  492.0
219.1909942626953  199.0
496.1325988769531  457.0
481.5797119140625  481.0
623.6055297851562  569.0
217.1754913330078  152.0
605.072021484375  584.0
603.3343505859375  668.0
201.14332580566406  195.0
542.6649780273438  563.0
447.14984130859375  539.0
328.0328063964844  279.0
497.58709716796875  470.0
351.82696533203125  344.0
235.6042938232422  233.0
388.78271484375  393.0
367.28887939453125  314.0
305.65167236328125  281.0
368.56695556640625  363.0
254.09352111816406  225.0
344.0817565917969  191.0
532.8687133789062  522.0
351.9664306640625  355.0
334.5896911621094  380.0
560.031982421875  584.0
554.9146118164062  560.0
620.0003051757812  569.0
547.381591796875  536.0
257.900390625  223.0
567.4114990234375  545.0
334.42822265625  373.0
526.8908081054688  531.0
628.4517822265625  669.0
532.641357421875  542.0
222.05418395996094  130.0
399.30523681640625  331.0
547.9147338867188  556.0
533.5664672851562  522.0
436.4749755859375  433.0
520.7096557617188  536.0
546.4667358398438  550.0
377.19390869140625  360.0
542.7771606445312  621.0
290.59539794921875  253.0
320.6923522949219  424.0
534.1289672851562  590.0
352.83172607421875  327.0
MSE : 1884.1609034240246
MAPE : 8.963703900777784
R2 Score : 0.8918824082530137
time : 1175.4616014399799
