610.9183959960938  763.0
529.3319702148438  773.0
541.7103881835938  584.0
541.2371215820312  584.0
425.8899841308594  423.0
518.013671875  533.0
240.3651580810547  300.0
542.0296630859375  531.0
610.517333984375  458.0
236.4488067626953  269.0
554.6434936523438  522.0
547.2200927734375  568.0
362.23321533203125  409.0
369.80657958984375  385.0
520.6290893554688  519.0
606.5220947265625  557.0
521.396728515625  541.0
543.765625  557.0
538.621337890625  545.0
362.84344482421875  433.0
239.57276916503906  310.0
368.9868469238281  389.0
511.7627258300781  488.0
351.6943664550781  265.0
316.8978576660156  324.0
563.2293701171875  563.0
200.39898681640625  196.0
547.3873291015625  527.0
200.03746032714844  213.0
529.53173828125  520.0
367.10986328125  370.0
366.9864196777344  330.0
533.9982299804688  589.0
367.7763977050781  373.0
224.70065307617188  220.0
231.53257751464844  253.0
552.9663696289062  581.0
364.41632080078125  359.0
348.7763366699219  393.0
514.579833984375  535.0
232.67369079589844  266.0
511.5760192871094  470.0
201.5895538330078  191.0
474.9290771484375  503.0
508.8846740722656  618.0
351.25311279296875  233.0
481.6448669433594  498.0
543.1993408203125  517.0
317.6247863769531  253.0
511.8466796875  529.0
514.961181640625  474.0
512.9718627929688  494.0
360.0897521972656  333.0
248.24790954589844  315.0
352.4039001464844  243.0
555.7462768554688  545.0
514.311279296875  581.0
509.2808532714844  501.0
513.4799194335938  599.0
513.4224853515625  509.0
541.1469116210938  478.0
513.20947265625  581.0
371.08599853515625  345.0
562.120361328125  538.0
228.8420867919922  239.0
582.3457641601562  630.0
514.2288818359375  583.0
531.616455078125  530.0
575.1349487304688  604.0
514.5701904296875  530.0
436.4750061035156  419.0
184.48353576660156  130.0
366.3817443847656  420.0
519.544677734375  653.0
202.10670471191406  197.0
202.50706481933594  190.0
186.18946838378906  192.0
201.2864227294922  203.0
367.0775451660156  392.0
262.6431884765625  308.0
216.8880157470703  211.0
545.794189453125  565.0
464.6643371582031  449.0
513.958740234375  525.0
538.477294921875  551.0
371.6772766113281  368.0
295.6216735839844  324.0
528.1376342773438  500.0
369.1408996582031  217.0
598.6886596679688  685.0
368.731201171875  374.0
369.96234130859375  401.0
518.1602783203125  539.0
610.978271484375  643.0
205.7313995361328  241.0
527.5779418945312  482.0
610.7803955078125  606.0
578.563720703125  618.0
370.9864501953125  393.0
366.4430236816406  395.0
MSE : 3014.09201738609
MAPE : 9.425106026237257
R2 Score : 0.8562663181264947
time : 1510.798756539938
