534.7384643554688  533.0
613.70458984375  552.0
508.14300537109375  530.0
489.5188903808594  500.0
528.392822265625  522.0
381.4453125  384.0
524.1932983398438  569.0
615.0242309570312  765.0
304.73162841796875  239.0
314.2254638671875  251.0
477.168701171875  538.0
389.281982421875  387.0
509.2768859863281  529.0
326.25457763671875  344.0
484.1397705078125  512.0
383.57373046875  420.0
566.4207153320312  587.0
189.92645263671875  203.0
550.9004516601562  551.0
368.4140625  389.0
448.36529541015625  411.0
250.22958374023438  217.0
379.9614562988281  394.0
547.5570068359375  538.0
611.90185546875  573.0
527.7346801757812  517.0
532.8064575195312  600.0
581.4020385742188  577.0
503.52911376953125  503.0
573.0874633789062  562.0
252.28610229492188  195.0
544.0714111328125  554.0
563.9729614257812  566.0
562.3350830078125  560.0
256.29840087890625  278.0
601.0580444335938  653.0
553.751220703125  552.0
331.2596435546875  304.0
426.98419189453125  363.0
258.299072265625  207.0
316.9241943359375  482.0
529.5061645507812  545.0
567.46044921875  568.0
380.40814208984375  409.0
635.0202026367188  584.0
492.5136413574219  493.0
207.25949096679688  203.0
521.7879028320312  508.0
213.16754150390625  216.0
278.328125  199.0
616.0326538085938  649.0
193.2025909423828  195.0
282.2124328613281  343.0
390.3294372558594  433.0
572.8181762695312  551.0
524.1231689453125  534.0
604.16943359375  583.0
547.50537109375  535.0
610.73046875  624.0
616.0692749023438  604.0
509.84332275390625  548.0
493.11962890625  503.0
309.7747802734375  373.0
594.6465454101562  592.0
335.31658935546875  330.0
488.70025634765625  505.0
515.1751708984375  532.0
608.515625  547.0
476.3535461425781  481.0
284.1598815917969  401.0
299.9881896972656  249.0
387.3203125  388.0
543.568359375  549.0
481.489013671875  474.0
311.5203857421875  359.0
386.1329345703125  378.0
262.70880126953125  253.0
580.3997802734375  550.0
485.3999938964844  473.0
384.0345764160156  353.0
375.3876953125  378.0
471.3878479003906  595.0
587.5984497070312  530.0
371.0699462890625  396.0
463.4578552246094  459.0
324.67236328125  378.0
569.7409057617188  563.0
326.4825439453125  424.0
233.12599182128906  223.0
614.7584228515625  621.0
251.6715545654297  221.0
318.22442626953125  392.0
623.5968627929688  669.0
372.4288635253906  360.0
513.3798828125  525.0
525.5285034179688  500.0
523.4375610351562  526.0
669.7559204101562  560.0
500.71856689453125  484.0
522.3375854492188  542.0
MSE : 1980.518819655606
MAPE : 7.463961547143286
R2 Score : 0.8827383886423297
time : 3073.308079172042
