394.78863525390625  407.0
439.5808410644531  411.0
521.9338989257812  497.0
524.6111450195312  539.0
547.5924072265625  521.0
549.2705688476562  520.0
491.9925842285156  545.0
368.4670715332031  313.0
556.257080078125  604.0
585.9072875976562  560.0
492.54071044921875  493.0
362.7163391113281  503.0
473.4897766113281  475.0
496.8826904296875  500.0
338.8440856933594  348.0
412.6357421875  419.0
227.1532745361328  241.0
227.8927764892578  213.0
377.24114990234375  348.0
628.7967529296875  578.0
477.7705993652344  542.0
503.9577941894531  563.0
455.2631530761719  492.0
533.1915893554688  531.0
503.2487487792969  444.0
406.18597412109375  358.0
395.9277648925781  425.0
391.5425109863281  433.0
237.11285400390625  205.0
575.9329833984375  584.0
572.5466918945312  584.0
561.0162353515625  615.0
346.6495056152344  330.0
394.7869567871094  384.0
587.614013671875  493.0
254.95750427246094  331.0
575.25537109375  559.0
570.9525146484375  537.0
422.9229736328125  393.0
372.4834289550781  397.0
384.7597961425781  498.0
564.2510375976562  528.0
561.1884155273438  479.0
361.22918701171875  355.0
332.6731872558594  281.0
344.43121337890625  401.0
535.8953857421875  484.0
297.189697265625  239.0
449.1544494628906  419.0
409.4544677734375  378.0
320.2838439941406  265.0
574.9921875  552.0
540.4373168945312  508.0
319.7614440917969  233.0
617.2628173828125  595.0
619.8465576171875  618.0
208.44227600097656  223.0
503.6448669433594  470.0
326.7621765136719  310.0
333.2637634277344  324.0
457.8858642578125  563.0
579.4733276367188  523.0
215.89170837402344  173.0
412.26776123046875  411.0
576.3297119140625  633.0
582.662109375  616.0
622.6837158203125  678.0
587.9662475585938  590.0
209.63844299316406  213.0
552.6930541992188  579.0
611.7731323242188  566.0
512.2010498046875  467.0
312.1771240234375  293.0
533.9332275390625  494.0
357.0611877441406  344.0
302.90887451171875  323.0
561.9892578125  568.0
566.5565185546875  581.0
558.7344360351562  669.0
558.89794921875  557.0
265.60614013671875  348.0
535.85009765625  411.0
603.0582885742188  630.0
618.200927734375  593.0
561.244140625  508.0
566.5309448242188  561.0
503.2248840332031  551.0
261.4501037597656  219.0
564.3843994140625  495.0
356.9351501464844  191.0
573.5281982421875  567.0
395.9708251953125  415.0
298.2746276855469  283.0
574.1253051757812  526.0
527.783447265625  459.0
616.5306396484375  765.0
424.7547302246094  353.0
353.62298583984375  253.0
359.68035888671875  308.0
382.6034851074219  366.0
MSE : 2787.9543939045025
MAPE : 10.172835995396209
R2 Score : 0.8344869295903894
time : 1132.4131802440388
