589.2173461914062  763.0
518.2119750976562  773.0
554.3878173828125  584.0
522.5282592773438  584.0
419.3138122558594  423.0
514.4873046875  533.0
293.7405700683594  300.0
525.0519409179688  531.0
530.3283081054688  458.0
259.6978454589844  269.0
528.4468383789062  522.0
524.6965942382812  568.0
394.2802429199219  409.0
404.8615417480469  385.0
537.201904296875  519.0
591.1950073242188  557.0
515.9857788085938  541.0
520.8656616210938  557.0
517.2080688476562  545.0
338.5610046386719  433.0
240.9486541748047  310.0
380.31329345703125  389.0
512.9996948242188  488.0
279.43804931640625  265.0
313.99737548828125  324.0
530.3638305664062  563.0
223.29766845703125  196.0
524.763671875  527.0
239.28201293945312  213.0
519.5283203125  520.0
385.0509338378906  370.0
385.1722412109375  330.0
518.199951171875  589.0
392.6915588378906  373.0
241.48036193847656  220.0
269.2278747558594  253.0
555.591796875  581.0
358.2557373046875  359.0
396.8772277832031  393.0
514.3169555664062  535.0
263.38836669921875  266.0
514.4131469726562  470.0
217.91844177246094  191.0
435.6198425292969  503.0
534.1998901367188  618.0
276.6329345703125  233.0
504.8114318847656  498.0
519.1395874023438  517.0
300.355224609375  253.0
513.5532836914062  529.0
513.7162475585938  474.0
521.0738525390625  494.0
361.0315246582031  333.0
243.29833984375  315.0
316.61962890625  243.0
525.6820678710938  545.0
517.2462768554688  581.0
512.1563720703125  501.0
515.0421142578125  599.0
535.8446655273438  509.0
536.1255493164062  478.0
530.3743286132812  581.0
392.7515563964844  345.0
548.3037109375  538.0
248.4860076904297  239.0
626.4808959960938  630.0
515.0077514648438  583.0
548.592529296875  530.0
518.6939086914062  604.0
512.9945678710938  530.0
419.5004577636719  419.0
221.42945861816406  130.0
385.0945129394531  420.0
577.3323364257812  653.0
221.13082885742188  197.0
218.00869750976562  190.0
225.84622192382812  192.0
219.42141723632812  203.0
342.8148498535156  392.0
306.4324645996094  308.0
231.67787170410156  211.0
559.003173828125  565.0
473.1639404296875  449.0
518.8173217773438  525.0
524.71826171875  551.0
415.1855163574219  368.0
299.67987060546875  324.0
519.6055297851562  500.0
277.9200134277344  217.0
529.0776977539062  685.0
394.1981506347656  374.0
383.01239013671875  401.0
524.9453735351562  539.0
595.2901000976562  643.0
230.7849578857422  241.0
519.6036987304688  482.0
536.2622680664062  606.0
591.082275390625  618.0
387.745849609375  393.0
384.6587829589844  395.0
MSE : 2695.523124250609
MAPE : 8.81678986313855
R2 Score : 0.8714579843651518
time : 947.1537931349594
