278.3155212402344  241.0
371.4465637207031  191.0
605.7848510742188  763.0
343.2545471191406  425.0
197.3867950439453  213.0
516.2127075195312  499.0
592.7081298828125  653.0
567.9937744140625  565.0
443.2705383300781  440.0
542.21044921875  515.0
516.0601196289062  534.0
576.9407958984375  569.0
555.7957763671875  569.0
540.60498046875  503.0
568.6253051757812  584.0
534.6917724609375  533.0
381.6300964355469  409.0
566.287109375  545.0
297.51312255859375  330.0
505.01312255859375  539.0
591.939697265625  538.0
582.95849609375  550.0
498.96246337890625  499.0
367.8493347167969  398.0
534.7108154296875  584.0
369.57122802734375  378.0
335.0162048339844  187.0
186.93121337890625  192.0
342.0569152832031  355.0
505.77496337890625  493.0
524.107666015625  549.0
375.4230651855469  384.0
209.59913635253906  243.0
491.2411193847656  512.0
540.3819580078125  556.0
578.9429321289062  593.0
566.4473266601562  557.0
329.5206604003906  344.0
524.54345703125  527.0
302.466064453125  281.0
539.0048828125  508.0
259.6045227050781  211.0
494.2054748535156  492.0
606.7373046875  577.0
385.5011291503906  360.0
579.8302612304688  626.0
204.22189331054688  233.0
504.5574035644531  484.0
370.7774353027344  380.0
354.9985046386719  376.0
187.04737854003906  197.0
421.807861328125  475.0
509.5077209472656  459.0
332.8200988769531  311.0
505.65484619140625  541.0
390.6321716308594  420.0
376.7833557128906  392.0
559.429931640625  550.0
216.99929809570312  206.0
418.51519775390625  411.0
511.6164245605469  497.0
522.2965087890625  557.0
325.4119567871094  270.0
397.97967529296875  325.0
359.3767395019531  362.0
319.6772155761719  293.0
429.1091613769531  401.0
416.2952880859375  423.0
210.6049041748047  194.0
304.8132019042969  308.0
520.6558227539062  523.0
547.12109375  545.0
300.5404968261719  239.0
412.4626159667969  419.0
312.4181823730469  319.0
324.9557800292969  273.0
370.6166076660156  417.0
333.7344055175781  378.0
494.14434814453125  658.0
367.3963317871094  366.0
603.473876953125  618.0
508.5771484375  501.0
402.7252197265625  363.0
565.28466796875  551.0
257.62200927734375  253.0
335.8696594238281  318.0
308.67059326171875  331.0
508.4875793457031  535.0
515.4530639648438  508.0
449.6506042480469  478.0
504.70672607421875  503.0
185.0288848876953  204.0
532.0908203125  545.0
569.3848876953125  566.0
508.9186706542969  449.0
576.9605102539062  547.0
MSE : 1927.566977855354
MAPE : 8.061932851476383
R2 Score : 0.8881915373172542
time : 1097.7506221560761
