555.6267700195312  533.0
600.7079467773438  552.0
527.3361206054688  530.0
494.9697570800781  500.0
525.19384765625  522.0
362.242431640625  384.0
516.9717407226562  569.0
632.4412231445312  765.0
253.61436462402344  239.0
269.81658935546875  251.0
497.9745178222656  538.0
404.7086486816406  387.0
513.7485961914062  529.0
325.630615234375  344.0
478.7269287109375  512.0
377.9883117675781  420.0
540.2509155273438  587.0
201.77264404296875  203.0
568.3483276367188  551.0
396.1800842285156  389.0
449.003173828125  411.0
253.3758544921875  217.0
373.2445373535156  394.0
536.5717163085938  538.0
606.2485961914062  573.0
525.3194580078125  517.0
633.0331420898438  600.0
532.5341186523438  577.0
508.35992431640625  503.0
527.611083984375  562.0
216.244873046875  195.0
537.5690307617188  554.0
532.8949584960938  566.0
530.2272338867188  560.0
244.3623046875  278.0
581.7177734375  653.0
558.2815551757812  552.0
377.23736572265625  304.0
416.88690185546875  363.0
223.74484252929688  207.0
364.6846008300781  482.0
551.039306640625  545.0
552.5831298828125  568.0
379.8440246582031  409.0
607.4172973632812  584.0
500.0872802734375  493.0
208.52745056152344  203.0
523.4329833984375  508.0
209.84771728515625  216.0
267.771240234375  199.0
608.7965698242188  649.0
189.0904998779297  195.0
301.8974304199219  343.0
376.39984130859375  433.0
554.1996459960938  551.0
520.9039916992188  534.0
577.1852416992188  583.0
623.2554321289062  535.0
595.2988891601562  624.0
609.9566040039062  604.0
466.2453918457031  548.0
512.2651977539062  503.0
337.2440490722656  373.0
585.6461791992188  592.0
342.62384033203125  330.0
492.01483154296875  505.0
512.7098388671875  532.0
596.8038330078125  547.0
485.5549621582031  481.0
374.4499816894531  401.0
286.3968200683594  249.0
386.0539245605469  388.0
532.85986328125  549.0
484.43896484375  474.0
355.1949157714844  359.0
381.5188903808594  378.0
294.39202880859375  253.0
571.3750610351562  550.0
490.4815368652344  473.0
370.10723876953125  353.0
383.70330810546875  378.0
474.4646301269531  595.0
564.2249145507812  530.0
387.4188232421875  396.0
465.2265319824219  459.0
340.99334716796875  378.0
502.1568603515625  563.0
372.0447692871094  424.0
228.22816467285156  223.0
604.9462890625  621.0
223.43124389648438  221.0
385.2221374511719  392.0
625.399658203125  669.0
384.8836669921875  360.0
529.1121826171875  525.0
493.1061096191406  500.0
523.6851196289062  526.0
572.4920654296875  560.0
494.5865478515625  484.0
520.2888793945312  542.0
MSE : 1380.7625539602338
MAPE : 6.1346704749329115
R2 Score : 0.9182484708689291
time : 3318.210453525069
