649.8719482421875  763.0
554.6648559570312  773.0
514.6294555664062  584.0
556.4122314453125  584.0
401.90924072265625  423.0
533.106201171875  533.0
279.8773193359375  300.0
537.0435791015625  531.0
464.65496826171875  458.0
282.2770080566406  269.0
559.1438598632812  522.0
563.1513671875  568.0
361.2806091308594  409.0
405.6665344238281  385.0
523.4171142578125  519.0
590.6353759765625  557.0
566.117431640625  541.0
585.360107421875  557.0
540.0816650390625  545.0
352.7378845214844  433.0
279.7006530761719  310.0
373.7639465332031  389.0
511.8945617675781  488.0
322.795654296875  265.0
279.7231140136719  324.0
608.0162963867188  563.0
201.15249633789062  196.0
565.3883056640625  527.0
200.43704223632812  213.0
539.3338623046875  520.0
372.86883544921875  370.0
299.8100280761719  330.0
558.7924194335938  589.0
369.2563171386719  373.0
282.1427001953125  220.0
282.40301513671875  253.0
604.289794921875  581.0
350.1535949707031  359.0
410.6248779296875  393.0
551.1757202148438  535.0
247.7169952392578  266.0
528.5965576171875  470.0
205.990234375  191.0
484.5846252441406  503.0
609.2349853515625  618.0
279.76763916015625  233.0
482.8865966796875  498.0
542.8060302734375  517.0
280.2436218261719  253.0
528.0454711914062  529.0
525.5554809570312  474.0
540.7470703125  494.0
363.1508483886719  333.0
279.6972961425781  315.0
282.81768798828125  243.0
594.9130859375  545.0
583.1691284179688  581.0
517.11376953125  501.0
551.2410888671875  599.0
549.7374267578125  509.0
563.5330810546875  478.0
557.0489501953125  581.0
410.572509765625  345.0
555.7780151367188  538.0
278.5318908691406  239.0
625.7612915039062  630.0
535.343505859375  583.0
567.0632934570312  530.0
523.58154296875  604.0
539.60791015625  530.0
414.31982421875  419.0
201.9370574951172  130.0
410.66790771484375  420.0
595.417724609375  653.0
201.34190368652344  197.0
205.38356018066406  190.0
200.9904327392578  192.0
204.24659729003906  203.0
360.127197265625  392.0
281.35302734375  308.0
269.9790344238281  211.0
571.9450073242188  565.0
539.9497680664062  449.0
520.4290771484375  525.0
542.1689453125  551.0
401.4330749511719  368.0
279.7058410644531  324.0
539.246337890625  500.0
282.6941223144531  217.0
585.9383544921875  685.0
410.3016357421875  374.0
402.5752868652344  401.0
566.0208129882812  539.0
649.9188232421875  643.0
203.954833984375  241.0
539.25146484375  482.0
588.876708984375  606.0
647.985107421875  618.0
410.60205078125  393.0
410.61859130859375  395.0
MSE : 1967.6177840519556
MAPE : 8.27009997572286
R2 Score : 0.90616976953914
time : 1616.1318340840517
