532.6057739257812  533.0
550.5700073242188  552.0
527.910888671875  530.0
497.44512939453125  500.0
511.4295654296875  522.0
387.1166076660156  384.0
567.5162963867188  569.0
606.2854614257812  765.0
375.2463684082031  239.0
356.26019287109375  251.0
498.0168151855469  538.0
407.4427185058594  387.0
584.4024658203125  529.0
291.2484130859375  344.0
518.1353759765625  512.0
401.21197509765625  420.0
588.304931640625  587.0
223.1128387451172  203.0
522.33642578125  551.0
404.72344970703125  389.0
466.37921142578125  411.0
107.37492370605469  217.0
391.072509765625  394.0
515.4490966796875  538.0
573.248779296875  573.0
535.9432983398438  517.0
569.58349609375  600.0
523.8767700195312  577.0
511.19024658203125  503.0
632.6612548828125  562.0
259.2088623046875  195.0
546.4266357421875  554.0
608.0311279296875  566.0
552.830810546875  560.0
297.2410583496094  278.0
617.176025390625  653.0
583.7415771484375  552.0
290.1800537109375  304.0
458.38763427734375  363.0
354.78009033203125  207.0
364.9206848144531  482.0
543.3177490234375  545.0
589.9475708007812  568.0
360.99627685546875  409.0
562.1971435546875  584.0
511.7064208984375  493.0
190.1044921875  203.0
542.1522216796875  508.0
369.72314453125  216.0
277.5085754394531  199.0
702.8463134765625  649.0
204.06378173828125  195.0
427.5581970214844  343.0
400.50640869140625  433.0
562.7718505859375  551.0
489.11517333984375  534.0
471.6798095703125  583.0
591.1885986328125  535.0
639.9654541015625  624.0
615.4007568359375  604.0
584.360595703125  548.0
525.3270263671875  503.0
330.1397399902344  373.0
579.43603515625  592.0
496.4034118652344  330.0
510.455322265625  505.0
502.7579040527344  532.0
467.50531005859375  547.0
498.4923095703125  481.0
384.0450439453125  401.0
373.9332580566406  249.0
381.5840759277344  388.0
552.3495483398438  549.0
499.6717224121094  474.0
440.10528564453125  359.0
390.24285888671875  378.0
373.6202087402344  253.0
596.40771484375  550.0
524.4046020507812  473.0
379.9161071777344  353.0
405.60894775390625  378.0
422.78253173828125  595.0
496.50982666015625  530.0
417.2547302246094  396.0
500.5062561035156  459.0
315.66058349609375  378.0
523.305908203125  563.0
343.96063232421875  424.0
257.5165710449219  223.0
537.3087158203125  621.0
361.650146484375  221.0
343.3372802734375  392.0
655.6189575195312  669.0
428.8436279296875  360.0
587.2508544921875  525.0
482.27606201171875  500.0
508.3692321777344  526.0
382.20147705078125  560.0
533.5632934570312  484.0
519.2252807617188  542.0
MSE : 4093.4231422146827
MAPE : 12.660442878975278
R2 Score : 0.757638559724295
time : 964.0172384750331
