334.865966796875  373.0
549.7725830078125  562.0
618.9966430664062  649.0
216.85523986816406  213.0
210.12696838378906  190.0
275.5006408691406  187.0
406.1657409667969  384.0
235.004638671875  217.0
319.3476257324219  310.0
402.16845703125  430.0
561.4869995117188  535.0
529.4754028320312  531.0
389.7956237792969  360.0
437.2196350097656  449.0
260.5246276855469  278.0
484.969970703125  474.0
458.0081481933594  475.0
576.6594848632812  613.0
291.7798767089844  331.0
576.5577392578125  575.0
483.51690673828125  501.0
453.2508850097656  523.0
641.0679931640625  552.0
515.21484375  529.0
370.2999267578125  370.0
422.36895751953125  393.0
519.299072265625  512.0
569.8350219726562  573.0
510.5679016113281  513.0
541.5256958007812  528.0
409.0045471191406  407.0
287.2799072265625  283.0
422.7942810058594  387.0
207.17613220214844  188.0
482.8123779296875  474.0
553.6617431640625  550.0
555.543701171875  563.0
544.39306640625  531.0
529.5527954101562  545.0
534.0283813476562  527.0
367.1268005371094  409.0
268.3023986816406  272.0
550.578857421875  566.0
625.3143920898438  685.0
295.2290954589844  266.0
228.79002380371094  206.0
562.4312744140625  668.0
480.8067932128906  500.0
510.73809814453125  563.0
211.5341339111328  152.0
388.7613220214844  373.0
608.8947143554688  773.0
514.212646484375  577.0
558.251953125  552.0
522.390869140625  539.0
557.8174438476562  525.0
351.0211486816406  365.0
219.95582580566406  203.0
471.2624206542969  494.0
318.76416015625  226.0
551.0625  561.0
582.1588134765625  616.0
330.583740234375  415.0
511.4179382324219  544.0
486.0509033203125  488.0
199.66981506347656  203.0
367.77984619140625  318.0
506.0693359375  563.0
389.50408935546875  363.0
367.3992614746094  397.0
651.4611206054688  633.0
266.4232177734375  390.0
399.9780578613281  417.0
570.4131469726562  555.0
203.90769958496094  223.0
563.8258056640625  600.0
529.7908325195312  527.0
572.1713256835938  604.0
225.99752807617188  223.0
479.1573181152344  500.0
395.00531005859375  433.0
318.0826110839844  249.0
331.6388244628906  377.0
570.0953979492188  550.0
503.7399597167969  508.0
628.72265625  603.0
527.88720703125  503.0
421.0175476074219  498.0
570.8328247070312  565.0
505.5164794921875  518.0
622.4700317382812  653.0
361.48974609375  313.0
253.3399658203125  220.0
547.7073364257812  519.0
601.5805053710938  600.0
480.5585021972656  482.0
512.5033569335938  521.0
515.0796508789062  526.0
227.17520141601562  293.0
MSE : 1647.913671283804
MAPE : 7.443268775720431
R2 Score : 0.9145447580758397
time : 788.8414079420036
