480.60858154296875  494.0
571.1441040039062  527.0
373.96734619140625  344.0
278.1570129394531  241.0
517.4404907226562  528.0
576.2305908203125  415.0
545.1697998046875  555.0
641.9853515625  560.0
505.8399963378906  563.0
525.7129516601562  604.0
384.37347412109375  475.0
582.5889282226562  653.0
632.6845092773438  478.0
333.3034362792969  324.0
379.00860595703125  409.0
305.8898010253906  315.0
573.8527221679688  573.0
256.7074279785156  254.0
489.6581115722656  488.0
552.1015625  650.0
623.7521362304688  573.0
595.4965209960938  616.0
483.3844909667969  520.0
506.928466796875  536.0
393.3499755859375  396.0
324.89361572265625  321.0
350.8475036621094  344.0
378.1735534667969  393.0
379.9264831542969  363.0
193.57192993164062  196.0
477.3882141113281  475.0
573.7715454101562  562.0
269.0358581542969  229.0
350.3444519042969  265.0
569.2972412109375  557.0
528.7534790039062  521.0
192.0725555419922  213.0
591.3599853515625  419.0
201.20474243164062  272.0
365.4942626953125  335.0
565.972412109375  550.0
484.0520935058594  472.0
506.80108642578125  529.0
264.7287902832031  397.0
515.75732421875  531.0
388.8180236816406  433.0
646.4522094726562  449.0
489.9344177246094  488.0
371.95928955078125  359.0
338.7894287109375  330.0
621.2974243164062  459.0
566.5585327148438  533.0
405.8770446777344  420.0
638.9928588867188  548.0
325.42218017578125  331.0
582.9675903320312  579.0
326.6335754394531  199.0
648.296875  763.0
194.36895751953125  203.0
433.7196350097656  392.0
313.3050537109375  320.0
376.6174011230469  315.0
577.1217041015625  593.0
638.5858764648438  603.0
534.4940185546875  520.0
614.9368286132812  419.0
375.1572265625  385.0
377.8074951171875  416.0
379.14178466796875  393.0
499.5668029785156  512.0
549.800537109375  551.0
372.98223876953125  191.0
580.5905151367188  555.0
486.54547119140625  565.0
346.8624572753906  355.0
563.8704833984375  606.0
342.2835388183594  226.0
481.7457275390625  485.0
377.9262390136719  379.0
613.6455688476562  545.0
591.4099731445312  568.0
511.287841796875  478.0
492.30291748046875  484.0
499.37005615234375  490.0
605.9363403320312  419.0
394.55230712890625  417.0
586.3030395507812  613.0
609.9564819335938  616.0
628.5971069335938  523.0
191.24497985839844  218.0
335.8092346191406  272.0
539.7766723632812  545.0
245.49917602539062  358.0
489.57757568359375  479.0
608.4671020507812  606.0
503.8157958984375  554.0
387.2186279296875  420.0
439.40771484375  423.0
335.3729553222656  343.0
361.7835693359375  273.0
MSE : 4570.8106752780495
MAPE : 11.547196823398703
R2 Score : 0.7072141829403831
time : 1211.1996728259837
