645.29833984375  763.0
598.8899536132812  773.0
541.369873046875  584.0
528.0494995117188  584.0
383.5776672363281  423.0
501.9556579589844  533.0
262.1109619140625  300.0
531.5003662109375  531.0
490.8369445800781  458.0
295.7339782714844  269.0
544.4894409179688  522.0
544.2669677734375  568.0
410.5919494628906  409.0
426.01214599609375  385.0
502.6231384277344  519.0
598.6124877929688  557.0
529.2293701171875  541.0
536.0388793945312  557.0
559.2064208984375  545.0
361.6671142578125  433.0
234.01234436035156  310.0
390.4526062011719  389.0
492.7583312988281  488.0
294.9691467285156  265.0
303.6213684082031  324.0
574.4002685546875  563.0
208.05032348632812  196.0
541.9214477539062  527.0
206.4402618408203  213.0
547.7457275390625  520.0
379.0779113769531  370.0
297.8613586425781  330.0
603.3158569335938  589.0
388.1430969238281  373.0
227.7986602783203  220.0
249.58470153808594  253.0
581.8082275390625  581.0
351.0056457519531  359.0
391.9150085449219  393.0
552.1414184570312  535.0
294.902099609375  266.0
540.1776733398438  470.0
260.8985900878906  191.0
473.6780700683594  503.0
521.0054931640625  618.0
246.64950561523438  233.0
496.04949951171875  498.0
530.3250122070312  517.0
281.4858093261719  253.0
503.6725769042969  529.0
497.0959777832031  474.0
502.8269348144531  494.0
375.1849365234375  333.0
240.9410858154297  315.0
278.2431335449219  243.0
562.9280395507812  545.0
587.8115844726562  581.0
495.3023376464844  501.0
535.528564453125  599.0
514.0962524414062  509.0
530.5997314453125  478.0
547.70458984375  581.0
333.69781494140625  345.0
550.864013671875  538.0
242.3052520751953  239.0
630.271484375  630.0
521.84326171875  583.0
530.1884155273438  530.0
550.9462890625  604.0
524.45703125  530.0
428.11199951171875  419.0
204.05076599121094  130.0
416.1026611328125  420.0
570.744873046875  653.0
210.81455993652344  197.0
212.28924560546875  190.0
206.4731903076172  192.0
231.02259826660156  203.0
377.3275146484375  392.0
309.7630310058594  308.0
232.0353240966797  211.0
585.555908203125  565.0
422.0894470214844  449.0
510.1904296875  525.0
571.889892578125  551.0
368.8483581542969  368.0
280.9041748046875  324.0
548.020751953125  500.0
236.40968322753906  217.0
536.4898681640625  685.0
393.00311279296875  374.0
401.0773620605469  401.0
508.5913391113281  539.0
647.8837280273438  643.0
239.93836975097656  241.0
547.8635864257812  482.0
532.9254150390625  606.0
642.5115966796875  618.0
428.17486572265625  393.0
393.2004699707031  395.0
MSE : 1788.7992439949348
MAPE : 7.2287051455403954
R2 Score : 0.9146971293547604
time : 3269.580568784033
