359.3194580078125  373.0
536.470947265625  562.0
578.5689086914062  649.0
218.90853881835938  213.0
213.13433837890625  190.0
238.9842071533203  187.0
408.5887145996094  384.0
203.9111785888672  217.0
324.76861572265625  310.0
423.96685791015625  430.0
538.224609375  535.0
523.673095703125  531.0
397.92327880859375  360.0
534.9351196289062  449.0
251.829833984375  278.0
496.49285888671875  474.0
472.70281982421875  475.0
574.0051879882812  613.0
247.96243286132812  331.0
578.6428833007812  575.0
488.79315185546875  501.0
601.584228515625  523.0
568.6382446289062  552.0
523.0217895507812  529.0
383.208740234375  370.0
414.9260559082031  393.0
527.208251953125  512.0
580.3816528320312  573.0
514.3759155273438  513.0
514.1063232421875  528.0
425.27667236328125  407.0
263.31317138671875  283.0
407.0074462890625  387.0
185.14004516601562  188.0
487.5821228027344  474.0
569.1989135742188  550.0
583.0598754882812  563.0
539.4935913085938  531.0
528.2511596679688  545.0
491.74346923828125  527.0
389.90185546875  409.0
239.38772583007812  272.0
580.8783569335938  566.0
588.2481079101562  685.0
326.5671081542969  266.0
238.173828125  206.0
637.0601806640625  668.0
488.11248779296875  500.0
538.4518432617188  563.0
177.58102416992188  152.0
384.59954833984375  373.0
528.3306274414062  773.0
556.1178588867188  577.0
556.1902465820312  552.0
544.8409423828125  539.0
516.5457153320312  525.0
355.7193298339844  365.0
244.45860290527344  203.0
477.00299072265625  494.0
336.8844909667969  226.0
525.1144409179688  561.0
608.559814453125  616.0
339.30682373046875  415.0
556.3945922851562  544.0
496.2619934082031  488.0
206.42623901367188  203.0
350.6932678222656  318.0
560.819091796875  563.0
399.3922424316406  363.0
245.4187774658203  397.0
615.8674926757812  633.0
332.47064208984375  390.0
410.25164794921875  417.0
557.840576171875  555.0
216.15911865234375  223.0
514.8207397460938  600.0
543.9429931640625  527.0
506.6549072265625  604.0
262.32659912109375  223.0
479.348876953125  500.0
394.5517578125  433.0
226.7509765625  249.0
331.2769470214844  377.0
520.7630004882812  550.0
509.8463134765625  508.0
620.1106567382812  603.0
470.15667724609375  503.0
532.8203125  498.0
559.8152465820312  565.0
500.48626708984375  518.0
565.6786499023438  653.0
346.1962890625  313.0
258.6969909667969  220.0
552.156005859375  519.0
435.772216796875  600.0
496.86187744140625  482.0
521.6801147460938  521.0
509.48968505859375  526.0
235.67300415039062  293.0
MSE : 2407.8328401531853
MAPE : 7.871564071183029
R2 Score : 0.8751379144103283
time : 616.2610523389885
