752.09912109375  763.0
571.8929443359375  773.0
543.767333984375  584.0
544.9950561523438  584.0
415.2663879394531  423.0
518.9959106445312  533.0
316.9164733886719  300.0
540.1436157226562  531.0
532.9797973632812  458.0
316.6496276855469  269.0
550.4324340820312  522.0
550.9940795898438  568.0
400.89453125  409.0
375.69549560546875  385.0
529.045166015625  519.0
632.6926879882812  557.0
544.7308959960938  541.0
549.5911254882812  557.0
559.7345581054688  545.0
370.0689392089844  433.0
209.13699340820312  310.0
375.3033142089844  389.0
501.5054016113281  488.0
317.4606628417969  265.0
275.20013427734375  324.0
571.1318359375  563.0
183.24935913085938  196.0
547.396728515625  527.0
173.09869384765625  213.0
536.6485595703125  520.0
375.1470031738281  370.0
269.70355224609375  330.0
561.9271240234375  589.0
375.119873046875  373.0
224.3248291015625  220.0
261.0213928222656  253.0
567.8317260742188  581.0
361.3335876464844  359.0
400.65673828125  393.0
574.3230590820312  535.0
315.6532287597656  266.0
541.59130859375  470.0
219.6873779296875  191.0
467.62872314453125  503.0
564.9085083007812  618.0
217.6073455810547  233.0
506.7159423828125  498.0
545.2107543945312  517.0
288.6870422363281  253.0
519.2881469726562  529.0
496.4017639160156  474.0
503.0821228027344  494.0
375.0664978027344  333.0
213.38027954101562  315.0
273.2833251953125  243.0
562.3854370117188  545.0
624.2072143554688  581.0
493.6322326660156  501.0
545.1047973632812  599.0
529.6343994140625  509.0
540.0936279296875  478.0
541.3047485351562  581.0
375.96795654296875  345.0
560.544189453125  538.0
224.01953125  239.0
560.5748291015625  630.0
566.3049926757812  583.0
528.5775756835938  530.0
556.3925170898438  604.0
533.7694091796875  530.0
427.9424743652344  419.0
187.24085998535156  130.0
377.07696533203125  420.0
744.4658203125  653.0
181.21038818359375  197.0
210.63259887695312  190.0
184.4661102294922  192.0
216.1505126953125  203.0
348.3688659667969  392.0
316.9296569824219  308.0
247.32705688476562  211.0
601.7080688476562  565.0
540.7488403320312  449.0
531.1229858398438  525.0
543.146240234375  551.0
414.9564514160156  368.0
249.17889404296875  324.0
536.1072387695312  500.0
206.66725158691406  217.0
557.1439819335938  685.0
375.343994140625  374.0
375.34295654296875  401.0
529.841552734375  539.0
692.94287109375  643.0
286.4789123535156  241.0
534.598876953125  482.0
590.1098022460938  606.0
593.6797485351562  618.0
375.8927917480469  393.0
375.21453857421875  395.0
MSE : 1994.1995897823572
MAPE : 8.183844650498138
R2 Score : 0.9049021570089193
time : 2541.688040051027
