629.3048095703125  763.0
509.8190002441406  773.0
496.8477783203125  584.0
540.8880615234375  584.0
430.9620056152344  423.0
497.1783752441406  533.0
340.5478210449219  300.0
529.509765625  531.0
515.7830810546875  458.0
207.74703979492188  269.0
516.8718872070312  522.0
549.451171875  568.0
383.715576171875  409.0
379.8478088378906  385.0
521.94287109375  519.0
601.8763427734375  557.0
521.9576416015625  541.0
515.6365966796875  557.0
553.7551879882812  545.0
385.0297546386719  433.0
325.8452453613281  310.0
406.6058044433594  389.0
511.70343017578125  488.0
393.73284912109375  265.0
311.8143005371094  324.0
521.3782348632812  563.0
175.05374145507812  196.0
524.3068237304688  527.0
173.6182861328125  213.0
515.044189453125  520.0
391.6527404785156  370.0
334.16888427734375  330.0
510.9042053222656  589.0
358.3164978027344  373.0
253.43557739257812  220.0
251.77647399902344  253.0
549.101318359375  581.0
345.2903747558594  359.0
394.8894958496094  393.0
538.9090576171875  535.0
208.65155029296875  266.0
552.95263671875  470.0
176.5404815673828  191.0
472.4956970214844  503.0
625.484619140625  618.0
312.7151184082031  233.0
468.71417236328125  498.0
531.2477416992188  517.0
268.1781311035156  253.0
534.1095581054688  529.0
496.83001708984375  474.0
504.1938171386719  494.0
331.6085205078125  333.0
323.94989013671875  315.0
283.8705139160156  243.0
536.0663452148438  545.0
534.500244140625  581.0
516.9874877929688  501.0
530.2994995117188  599.0
514.5062255859375  509.0
523.5986328125  478.0
544.4229125976562  581.0
321.28424072265625  345.0
533.3455200195312  538.0
214.36447143554688  239.0
570.1449584960938  630.0
526.0759887695312  583.0
540.208740234375  530.0
516.9442138671875  604.0
521.6277465820312  530.0
439.7879943847656  419.0
174.56381225585938  130.0
321.7444152832031  420.0
564.120849609375  653.0
175.41873168945312  197.0
207.577392578125  190.0
174.79763793945312  192.0
201.45745849609375  203.0
388.4174499511719  392.0
278.78082275390625  308.0
207.71875  211.0
594.077392578125  565.0
501.51214599609375  449.0
517.6400146484375  525.0
527.3504028320312  551.0
368.3230895996094  368.0
321.33355712890625  324.0
515.8041381835938  500.0
316.3008728027344  217.0
505.2207946777344  685.0
363.6398010253906  374.0
422.14569091796875  401.0
523.3258056640625  539.0
644.4732666015625  643.0
208.5355224609375  241.0
516.2871704101562  482.0
508.4746398925781  606.0
607.311767578125  618.0
431.1238708496094  393.0
382.6797180175781  395.0
MSE : 2756.145220896625
MAPE : 8.374906822808454
R2 Score : 0.8685670848492903
time : 1901.8751274950337
