573.3028564453125  603.0
558.6158447265625  517.0
443.10882568359375  548.0
530.2775268554688  531.0
527.513671875  580.0
611.90576171875  565.0
292.1568298339844  379.0
551.5917358398438  606.0
610.588134765625  604.0
209.94711303710938  216.0
403.9068603515625  425.0
587.5023193359375  668.0
557.860107421875  508.0
404.1305847167969  387.0
365.04833984375  366.0
433.4326477050781  419.0
491.6941833496094  458.0
568.3543090820312  658.0
221.85171508789062  203.0
371.5798645019531  392.0
577.3697509765625  583.0
347.1416931152344  267.0
240.11109924316406  228.0
400.6844177246094  410.0
571.19384765625  574.0
544.2372436523438  536.0
551.0850830078125  527.0
482.310546875  545.0
313.767578125  233.0
403.5909118652344  363.0
520.9212646484375  488.0
332.4530029296875  380.0
615.068115234375  632.0
281.80206298828125  251.0
250.12112426757812  223.0
423.9878845214844  430.0
462.121337890625  449.0
639.1005249023438  765.0
507.128662109375  474.0
553.87890625  554.0
264.8790283203125  253.0
520.657958984375  502.0
304.204833984375  330.0
196.27159118652344  209.0
513.74462890625  549.0
227.37701416015625  243.0
201.6661376953125  190.0
522.5465087890625  484.0
610.1985473632812  568.0
239.3137664794922  272.0
559.7274169921875  560.0
292.8453369140625  301.0
177.3402557373047  203.0
514.150146484375  503.0
504.0570983886719  550.0
402.4438171386719  318.0
422.57037353515625  415.0
283.6607360839844  319.0
362.339111328125  397.0
406.84423828125  406.0
636.2780151367188  563.0
600.7012939453125  579.0
218.95504760742188  221.0
574.0083618164062  552.0
366.1006774902344  376.0
515.10498046875  457.0
519.3010864257812  503.0
507.511474609375  505.0
251.325439453125  348.0
649.0938110351562  669.0
342.817138671875  315.0
305.4445495605469  333.0
386.0600891113281  393.0
566.9962768554688  577.0
362.6921691894531  360.0
570.4531860351562  517.0
411.3601989746094  393.0
343.72576904296875  279.0
556.6829833984375  603.0
281.0157470703125  249.0
513.5464477539062  541.0
167.75686645507812  188.0
570.9591674804688  673.0
203.77627563476562  213.0
547.6779174804688  529.0
211.93231201171875  197.0
410.6220397949219  377.0
572.0699462890625  562.0
227.14199829101562  272.0
513.2511596679688  509.0
564.1690063476562  522.0
374.4653015136719  349.0
485.0779724121094  363.0
590.5328979492188  569.0
MSE : 1873.936240226823
MAPE : 8.02627182229549
R2 Score : 0.9052733568241307
time : 1920.745819126023
