239.23260498046875  225.0
537.9763793945312  569.0
599.6923217773438  545.0
501.6189880371094  481.0
221.07733154296875  206.0
597.3209838867188  678.0
554.1408081054688  653.0
521.1948852539062  490.0
203.1579132080078  213.0
338.1753845214844  320.0
508.730224609375  539.0
272.5531005859375  251.0
313.35552978515625  302.0
366.8924560546875  378.0
578.1429443359375  568.0
578.5305786132812  520.0
599.7843017578125  560.0
499.3211669921875  580.0
327.58880615234375  315.0
383.6402587890625  420.0
402.68310546875  444.0
403.59161376953125  410.0
588.6350708007812  773.0
509.88323974609375  482.0
335.826904296875  410.0
263.9835205078125  223.0
553.9370727539062  508.0
594.9880981445312  668.0
320.9351806640625  241.0
513.9890747070312  481.0
598.2542724609375  550.0
571.79052734375  580.0
332.8685302734375  359.0
599.8515014648438  587.0
362.16949462890625  256.0
248.0174102783203  207.0
204.05491638183594  217.0
427.0510559082031  600.0
206.1105499267578  152.0
404.4815368652344  407.0
596.8539428710938  618.0
599.6238403320312  619.0
380.3540954589844  388.0
223.61924743652344  233.0
509.7487487792969  488.0
283.48974609375  270.0
426.0070495605469  548.0
395.362060546875  353.0
533.8008422851562  650.0
353.1883544921875  413.0
372.3266296386719  415.0
361.8319091796875  409.0
512.7080688476562  494.0
549.6338500976562  562.0
504.8912353515625  584.0
583.0855102539062  603.0
508.5985412597656  542.0
587.3010864257812  579.0
598.6038818359375  649.0
403.09271240234375  363.0
530.6865844726562  508.0
523.8678588867188  512.0
372.87786865234375  409.0
509.60455322265625  521.0
510.17535400390625  520.0
329.08770751953125  349.0
599.8460083007812  590.0
318.4261474609375  191.0
337.3179626464844  378.0
331.26849365234375  324.0
596.635009765625  580.0
585.4363403320312  530.0
363.01318359375  397.0
310.09716796875  301.0
207.8323516845703  204.0
514.8717651367188  472.0
238.8450469970703  272.0
261.5847473144531  304.0
535.6492919921875  658.0
599.9335327148438  590.0
364.85101318359375  267.0
599.5518188476562  569.0
220.1549835205078  173.0
344.1749572753906  380.0
305.01263427734375  379.0
599.6841430664062  606.0
334.17864990234375  315.0
351.7926940917969  425.0
508.6519775390625  531.0
533.9713745117188  526.0
508.10821533203125  564.0
530.3456420898438  503.0
304.0803527832031  259.0
426.0579528808594  457.0
595.3067016601562  574.0
402.6868896484375  417.0
335.9778137207031  327.0
511.42724609375  508.0
365.06085205078125  416.0
599.7250366210938  592.0
MSE : 2780.879999042582
MAPE : 9.74362827684922
R2 Score : 0.8615626904818494
time : 1989.975477333006
