349.3952941894531  313.0
335.4189147949219  298.0
605.8419799804688  604.0
535.3530883789062  522.0
538.9324951171875  491.0
613.8958740234375  603.0
508.7721252441406  493.0
369.0683288574219  363.0
572.99658203125  533.0
360.0946960449219  350.0
266.747314453125  220.0
551.3981323242188  569.0
411.41851806640625  392.0
554.939208984375  537.0
453.3412170410156  411.0
600.56591796875  584.0
573.6297607421875  494.0
537.3967895507812  545.0
469.1949768066406  545.0
202.38555908203125  204.0
308.1297302246094  333.0
573.1685791015625  589.0
505.55767822265625  486.0
274.9012451171875  358.0
337.3641052246094  370.0
234.16299438476562  254.0
541.5263061523438  495.0
507.8580627441406  501.0
548.8682861328125  536.0
618.912109375  562.0
316.1863708496094  233.0
581.9147338867188  557.0
565.1845703125  560.0
479.9849548339844  498.0
384.19805908203125  433.0
235.1555938720703  206.0
509.7041015625  503.0
335.0185241699219  368.0
325.578857421875  424.0
294.6842041015625  348.0
408.7076721191406  387.0
477.1150817871094  478.0
556.0308837890625  555.0
515.3394775390625  474.0
352.8109436035156  378.0
574.825927734375  550.0
640.8633422851562  673.0
472.1499328613281  482.0
431.85736083984375  423.0
544.5914306640625  541.0
320.2840270996094  335.0
556.9862060546875  530.0
391.90032958984375  384.0
204.71043395996094  209.0
541.4476928710938  523.0
407.6719055175781  409.0
254.79144287109375  217.0
486.665283203125  472.0
213.0509490966797  221.0
507.2032775878906  512.0
302.04278564453125  195.0
502.0458679199219  519.0
607.4573974609375  613.0
521.58203125  563.0
636.1268310546875  546.0
568.2474975585938  533.0
507.3183288574219  488.0
333.8021545410156  398.0
625.7457275390625  618.0
545.7609252929688  522.0
553.701904296875  526.0
545.3429565429688  528.0
345.3058166503906  318.0
545.421142578125  493.0
607.2057495117188  643.0
345.32421875  403.0
591.0555419921875  577.0
550.952880859375  525.0
573.3851928710938  564.0
505.9985046386719  499.0
523.234619140625  497.0
506.45855712890625  474.0
524.9661865234375  548.0
336.5981750488281  378.0
338.5406188964844  347.0
580.4074096679688  584.0
504.1528015136719  523.0
230.02783203125  211.0
306.3274230957031  324.0
222.93511962890625  171.0
642.128662109375  685.0
617.5111694335938  545.0
305.2606506347656  300.0
543.1666259765625  528.0
584.489501953125  562.0
281.9590148925781  331.0
639.430419921875  763.0
336.2793273925781  199.0
487.0501403808594  473.0
354.1088562011719  425.0
MSE : 1680.4180244551203
MAPE : 8.062647502529428
R2 Score : 0.895637858680065
time : 745.9599874960259
