321.47589111328125  241.0
334.5397033691406  191.0
670.5105590820312  763.0
347.03973388671875  425.0
215.17001342773438  213.0
505.1324157714844  499.0
665.1480712890625  653.0
612.8565673828125  565.0
415.6781921386719  440.0
505.9161376953125  515.0
534.9397583007812  534.0
605.9955444335938  569.0
604.567626953125  569.0
536.7432250976562  503.0
543.4550170898438  584.0
531.7760620117188  533.0
373.353515625  409.0
587.8275756835938  545.0
302.5889587402344  330.0
509.5892333984375  539.0
537.2465209960938  538.0
595.2863159179688  550.0
499.2396545410156  499.0
382.6316223144531  398.0
551.3765869140625  584.0
377.5272521972656  378.0
288.2770690917969  187.0
213.2578582763672  192.0
339.4203186035156  355.0
498.40765380859375  493.0
561.9644775390625  549.0
389.4184875488281  384.0
219.7101287841797  243.0
484.19940185546875  512.0
556.1400146484375  556.0
652.2081298828125  593.0
599.7835693359375  557.0
363.8084411621094  344.0
534.6526489257812  527.0
316.82403564453125  281.0
538.7122802734375  508.0
224.17739868164062  211.0
542.3861694335938  492.0
547.6326293945312  577.0
376.4540100097656  360.0
604.4576416015625  626.0
221.9296417236328  233.0
499.9396667480469  484.0
415.5146179199219  380.0
387.2368469238281  376.0
217.95785522460938  197.0
407.5296630859375  475.0
479.07330322265625  459.0
266.00775146484375  311.0
579.4244995117188  541.0
390.2882385253906  420.0
402.4717102050781  392.0
528.2943725585938  550.0
219.74708557128906  206.0
445.83746337890625  411.0
509.5209045410156  497.0
518.2905883789062  557.0
281.2883605957031  270.0
364.201904296875  325.0
372.05059814453125  362.0
263.94793701171875  293.0
450.2041320800781  401.0
421.5361328125  423.0
204.8025665283203  194.0
339.6656188964844  308.0
547.686279296875  523.0
536.1082763671875  545.0
266.9923095703125  239.0
416.6601867675781  419.0
307.1727294921875  319.0
126.75161743164062  273.0
400.31982421875  417.0
339.1744689941406  378.0
655.97802734375  658.0
368.47589111328125  366.0
551.24462890625  618.0
508.3328857421875  501.0
402.7926940917969  363.0
531.9806518554688  551.0
256.70660400390625  253.0
362.07049560546875  318.0
235.9149169921875  331.0
564.4508666992188  535.0
510.532958984375  508.0
455.1395568847656  478.0
486.4126281738281  503.0
210.03822326660156  204.0
444.4598693847656  545.0
608.6436157226562  566.0
496.94488525390625  449.0
642.1874389648438  547.0
MSE : 1789.1269027583814
MAPE : 8.298678515716281
R2 Score : 0.8962217495734832
time : 1604.4355746729998
