677.7432250976562  763.0
562.3213500976562  773.0
543.4996337890625  584.0
551.3816528320312  584.0
410.8792724609375  423.0
495.1155090332031  533.0
264.5204162597656  300.0
525.8589477539062  531.0
529.801513671875  458.0
292.9281005859375  269.0
545.4151611328125  522.0
553.3195190429688  568.0
381.7029724121094  409.0
397.21728515625  385.0
535.6303100585938  519.0
655.2225952148438  557.0
520.865478515625  541.0
565.7135620117188  557.0
558.4899291992188  545.0
392.9517517089844  433.0
330.2573547363281  310.0
385.19732666015625  389.0
491.2759704589844  488.0
261.8453674316406  265.0
325.4377746582031  324.0
619.1567993164062  563.0
188.02749633789062  196.0
537.6914672851562  527.0
171.04037475585938  213.0
515.2466430664062  520.0
398.6466979980469  370.0
314.19012451171875  330.0
540.6763305664062  589.0
375.8491516113281  373.0
225.72833251953125  220.0
236.70098876953125  253.0
567.9540405273438  581.0
357.6968078613281  359.0
432.23974609375  393.0
658.717041015625  535.0
265.35125732421875  266.0
493.7171325683594  470.0
266.9826354980469  191.0
469.9941711425781  503.0
569.9135131835938  618.0
304.1175231933594  233.0
470.2101135253906  498.0
536.558349609375  517.0
282.92767333984375  253.0
508.885498046875  529.0
493.0645751953125  474.0
513.1873168945312  494.0
383.7622985839844  333.0
330.42315673828125  315.0
310.1397399902344  243.0
573.7822265625  545.0
550.59130859375  581.0
491.50115966796875  501.0
516.2228393554688  599.0
524.1539916992188  509.0
541.1368408203125  478.0
551.1780395507812  581.0
343.2726745605469  345.0
554.7379150390625  538.0
274.9886169433594  239.0
570.0680541992188  630.0
620.1776733398438  583.0
507.10400390625  530.0
659.142578125  604.0
513.1815185546875  530.0
425.60198974609375  419.0
176.8956756591797  130.0
348.0499572753906  420.0
619.830322265625  653.0
189.30459594726562  197.0
207.8912811279297  190.0
187.19847106933594  192.0
226.75747680664062  203.0
405.3595275878906  392.0
292.1436462402344  308.0
211.87820434570312  211.0
603.7420043945312  565.0
429.7592468261719  449.0
515.35205078125  525.0
567.3092041015625  551.0
373.23419189453125  368.0
328.7051086425781  324.0
516.239013671875  500.0
281.0757751464844  217.0
592.2702026367188  685.0
371.9531555175781  374.0
386.13800048828125  401.0
499.6009521484375  539.0
677.9057006835938  643.0
225.60755920410156  241.0
516.0531005859375  482.0
591.0501708984375  606.0
587.921875  618.0
342.9634094238281  393.0
360.0384826660156  395.0
MSE : 1870.1286225011106
MAPE : 7.5600899682371026
R2 Score : 0.9108187570457046
time : 2783.1144881360233
