726.11181640625  763.0
582.1738891601562  773.0
517.3655395507812  584.0
575.24560546875  584.0
449.7462158203125  423.0
513.6021728515625  533.0
333.4076232910156  300.0
536.7821655273438  531.0
477.8614807128906  458.0
322.379638671875  269.0
546.849853515625  522.0
568.9983520507812  517.0
358.10345458984375  409.0
402.3286437988281  385.0
498.4455261230469  519.0
592.893310546875  557.0
558.8499755859375  541.0
514.2159423828125  557.0
536.6272583007812  545.0
365.89300537109375  433.0
310.1218566894531  310.0
378.2750244140625  392.0
479.64312744140625  488.0
342.3571472167969  265.0
317.2875061035156  324.0
477.7313537597656  563.0
227.93348693847656  196.0
528.7493286132812  527.0
198.4050750732422  213.0
484.6059265136719  520.0
369.4768981933594  370.0
327.6793212890625  330.0
562.2813720703125  589.0
410.2749328613281  373.0
267.9373474121094  220.0
262.6702575683594  253.0
563.0342407226562  581.0
347.4165954589844  359.0
380.5562438964844  393.0
535.0423583984375  535.0
321.5674743652344  266.0
503.0306701660156  470.0
329.3623046875  191.0
482.5702209472656  503.0
548.1836547851562  618.0
254.87245178222656  233.0
503.6888732910156  498.0
271.188232421875  253.0
527.6380004882812  529.0
487.4132080078125  474.0
501.3565673828125  494.0
267.2256164550781  333.0
310.5437927246094  315.0
264.6901550292969  243.0
558.8977661132812  545.0
576.3065185546875  581.0
503.9225769042969  501.0
527.7608642578125  599.0
504.2750244140625  509.0
488.9341125488281  478.0
546.6132202148438  581.0
344.3000793457031  345.0
574.9158935546875  538.0
260.3024597167969  239.0
569.530029296875  630.0
699.430419921875  583.0
536.7841796875  530.0
579.6129150390625  604.0
528.6016845703125  530.0
428.9949645996094  419.0
191.83506774902344  130.0
369.4781188964844  420.0
690.314208984375  653.0
212.6490936279297  197.0
200.75572204589844  190.0
208.6644287109375  192.0
230.47679138183594  203.0
341.591552734375  308.0
246.53594970703125  211.0
575.3111572265625  565.0
479.7407531738281  449.0
541.576904296875  525.0
557.239013671875  551.0
363.21771240234375  368.0
313.6617431640625  324.0
478.6720886230469  500.0
273.091552734375  217.0
617.153564453125  685.0
399.9228820800781  374.0
417.3730163574219  393.0
499.1420593261719  539.0
679.09228515625  643.0
323.31591796875  241.0
480.9499816894531  482.0
574.8953857421875  606.0
632.147216796875  618.0
401.7110290527344  395.0
MSE : 1833.8614100419518
MAPE : 8.185303766225735
R2 Score : 0.914332591461026
time : 1679.6072132430272
