520.836181640625  520.0
405.24774169921875  420.0
366.5982971191406  333.0
361.1071472167969  362.0
553.050048828125  618.0
600.5090942382812  565.0
603.1063842773438  593.0
229.77745056152344  253.0
587.3346557617188  577.0
383.09722900390625  396.0
392.89630126953125  421.0
534.1085205078125  488.0
310.0027160644531  315.0
337.52545166015625  293.0
556.1754760742188  569.0
193.8668212890625  192.0
337.3051452636719  330.0
342.7649841308594  268.0
340.0078125  311.0
540.73583984375  508.0
266.947998046875  239.0
365.2905578613281  398.0
601.2105102539062  616.0
605.43359375  569.0
517.2943115234375  479.0
542.7928466796875  531.0
309.128173828125  315.0
609.517578125  519.0
565.913330078125  563.0
217.97280883789062  203.0
611.404296875  618.0
484.1823425292969  449.0
584.269775390625  580.0
558.362548828125  529.0
249.1491241455078  187.0
378.98468017578125  373.0
232.82177734375  233.0
251.93922424316406  251.0
252.78201293945312  283.0
579.7942504882812  561.0
336.7042541503906  348.0
352.1333923339844  333.0
327.5343017578125  378.0
608.9007568359375  590.0
366.102783203125  379.0
199.0005340576172  196.0
579.5875244140625  533.0
506.56597900390625  519.0
363.1200866699219  425.0
314.52130126953125  281.0
562.9437255859375  554.0
600.1801147460938  773.0
599.0299072265625  550.0
585.7084350585938  566.0
456.86334228515625  458.0
394.2566833496094  384.0
384.7826232910156  393.0
187.93275451660156  203.0
602.6580200195312  579.0
525.89111328125  549.0
308.533935546875  327.0
344.21014404296875  318.0
395.841552734375  419.0
337.08013916015625  279.0
338.62451171875  304.0
402.6123046875  373.0
510.17388916015625  484.0
311.780029296875  300.0
361.6791076660156  392.0
511.448974609375  503.0
674.7399291992188  595.0
218.3955535888672  243.0
200.5364990234375  225.0
571.1298828125  541.0
341.03955078125  344.0
673.5219116210938  763.0
513.91015625  473.0
565.9522705078125  554.0
546.2688598632812  529.0
213.90267944335938  348.0
309.0977478027344  273.0
563.37255859375  584.0
565.0828857421875  508.0
561.445556640625  520.0
321.4165344238281  365.0
610.6213989257812  563.0
436.61279296875  423.0
346.2457580566406  349.0
573.707275390625  538.0
391.72393798828125  493.0
551.3765869140625  523.0
402.7349548339844  493.0
565.5643920898438  559.0
596.744873046875  551.0
MSE : 1759.1508750142282
MAPE : 7.327900739934634
R2 Score : 0.9008672775097047
time : 2662.5010686049936
