554.50537109375  763.0
527.0873413085938  773.0
554.8978881835938  584.0
554.5726928710938  584.0
404.4193115234375  423.0
548.8311157226562  533.0
360.3039855957031  300.0
548.3418579101562  531.0
493.3186950683594  458.0
301.9906311035156  269.0
554.6845092773438  522.0
554.671142578125  517.0
363.84222412109375  409.0
368.74383544921875  385.0
530.4340209960938  519.0
554.7391967773438  557.0
554.8531494140625  541.0
517.761962890625  557.0
554.7623291015625  545.0
368.72247314453125  433.0
313.2421569824219  310.0
381.95928955078125  392.0
517.1693725585938  488.0
335.223388671875  265.0
330.6083679199219  324.0
554.8699340820312  563.0
237.20664978027344  196.0
554.0328369140625  527.0
219.94009399414062  213.0
551.5709228515625  520.0
366.7279357910156  370.0
330.2918701171875  330.0
550.6712036132812  589.0
365.1156921386719  373.0
233.98574829101562  220.0
238.58168029785156  253.0
549.39453125  581.0
362.15484619140625  359.0
358.4505310058594  393.0
550.4761352539062  535.0
280.94281005859375  266.0
525.6229858398438  470.0
338.2839660644531  191.0
487.23822021484375  503.0
540.2503051757812  618.0
228.96224975585938  233.0
420.5339050292969  498.0
286.5890808105469  253.0
528.742431640625  529.0
550.2319946289062  474.0
524.0258178710938  494.0
356.9543762207031  333.0
317.55926513671875  315.0
216.9458465576172  243.0
554.6842651367188  545.0
554.3814697265625  581.0
508.7789611816406  501.0
554.75244140625  599.0
554.2153930664062  509.0
554.3843383789062  478.0
553.733642578125  581.0
364.5360412597656  345.0
554.8909912109375  538.0
309.85723876953125  239.0
554.6001586914062  630.0
554.7466430664062  583.0
550.2385864257812  530.0
544.750244140625  604.0
540.9238891601562  530.0
421.9097595214844  419.0
210.85910034179688  130.0
365.73895263671875  420.0
554.64794921875  653.0
232.39303588867188  197.0
214.78099060058594  190.0
220.23101806640625  192.0
244.0634002685547  203.0
344.944091796875  308.0
225.793701171875  211.0
543.6976318359375  565.0
554.1944580078125  449.0
531.6600341796875  525.0
554.71337890625  551.0
366.33966064453125  368.0
326.259765625  324.0
546.9576416015625  500.0
204.44482421875  217.0
554.3130493164062  685.0
471.3349609375  374.0
398.3577880859375  393.0
535.1738891601562  539.0
554.20654296875  643.0
346.3630676269531  241.0
553.4367065429688  482.0
554.6461791992188  606.0
554.9226684570312  618.0
428.02734375  395.0
MSE : 3183.374640366372
MAPE : 9.872951566920996
R2 Score : 0.85129113118606
time : 794.8264824639773
