319.90557861328125  241.0
357.1093444824219  191.0
583.6807861328125  763.0
393.27532958984375  425.0
212.65386962890625  213.0
508.0732421875  499.0
528.3486938476562  653.0
536.79833984375  565.0
584.9594116210938  440.0
481.6164245605469  515.0
522.7288818359375  534.0
575.7890014648438  569.0
620.95556640625  569.0
510.451904296875  503.0
579.8499755859375  584.0
506.7024230957031  533.0
362.57476806640625  409.0
545.1138305664062  545.0
297.15594482421875  330.0
501.11614990234375  539.0
566.7947387695312  538.0
564.1327514648438  550.0
488.8704833984375  499.0
360.1592712402344  398.0
537.0098876953125  584.0
301.63653564453125  378.0
582.8550415039062  187.0
215.02081298828125  192.0
304.2558898925781  355.0
466.878662109375  493.0
495.6250305175781  549.0
379.84832763671875  384.0
210.17372131347656  243.0
473.41290283203125  512.0
518.64892578125  556.0
627.14111328125  593.0
542.641357421875  557.0
346.2956848144531  344.0
524.9776000976562  527.0
291.26171875  281.0
510.0447692871094  508.0
298.54376220703125  211.0
517.8989868164062  492.0
586.180908203125  577.0
615.2810668945312  360.0
538.2538452148438  626.0
210.94705200195312  233.0
508.3013916015625  484.0
365.4360656738281  380.0
329.10723876953125  376.0
265.2012023925781  197.0
393.65545654296875  475.0
464.047607421875  459.0
388.49798583984375  311.0
482.1942138671875  541.0
348.14471435546875  420.0
365.8525390625  392.0
498.0732421875  550.0
279.68408203125  206.0
399.3017578125  411.0
501.40692138671875  497.0
510.9174499511719  557.0
260.75372314453125  270.0
396.8656311035156  325.0
363.52447509765625  362.0
290.9698486328125  293.0
419.826416015625  401.0
397.52008056640625  423.0
259.26385498046875  194.0
299.56573486328125  308.0
501.96246337890625  523.0
528.3551635742188  545.0
268.80267333984375  239.0
524.98681640625  419.0
266.0066223144531  319.0
568.2606811523438  273.0
412.90576171875  417.0
317.0882873535156  378.0
516.2686767578125  658.0
372.55029296875  366.0
519.678955078125  618.0
490.3659362792969  501.0
367.4656066894531  363.0
533.5069580078125  551.0
261.97918701171875  253.0
319.78436279296875  318.0
409.82086181640625  331.0
494.77301025390625  535.0
500.4155578613281  508.0
395.67437744140625  478.0
519.19921875  503.0
210.1851348876953  204.0
391.61767578125  545.0
555.7517700195312  566.0
532.482666015625  449.0
419.18463134765625  547.0
MSE : 6504.113643838097
MAPE : 14.367699147302345
R2 Score : 0.6227290900985851
time : 1370.404372181045
