417.7442321777344  407.0
466.87255859375  411.0
531.2969970703125  497.0
568.0673217773438  539.0
564.954833984375  521.0
574.8096313476562  520.0
539.623046875  545.0
332.5125427246094  313.0
514.7244262695312  604.0
436.2211608886719  560.0
539.7014770507812  493.0
401.1780700683594  503.0
444.796630859375  475.0
506.5552062988281  500.0
287.7891845703125  348.0
486.3298034667969  419.0
247.01145935058594  241.0
259.9823303222656  213.0
330.6700744628906  348.0
579.9945068359375  578.0
547.0797729492188  542.0
502.2391357421875  563.0
514.2232055664062  492.0
536.0809326171875  531.0
503.8248291015625  444.0
415.1177978515625  358.0
464.6278381347656  425.0
371.7880859375  433.0
229.58999633789062  205.0
580.2973022460938  584.0
583.5994873046875  584.0
583.9789428710938  615.0
306.5207824707031  330.0
406.2245788574219  384.0
448.8451843261719  493.0
265.9252624511719  331.0
582.9906616210938  559.0
565.3709106445312  537.0
397.39923095703125  393.0
305.557861328125  397.0
381.8023681640625  498.0
549.5068359375  528.0
539.2025756835938  479.0
395.7493896484375  355.0
290.31787109375  281.0
392.60906982421875  401.0
529.736572265625  484.0
280.74835205078125  239.0
467.6310729980469  419.0
362.3216857910156  378.0
294.3548889160156  265.0
576.4443969726562  552.0
559.6253051757812  508.0
282.91680908203125  233.0
403.9444885253906  595.0
584.58447265625  618.0
241.24337768554688  223.0
514.5033569335938  470.0
316.1771545410156  310.0
307.1102600097656  324.0
488.0841979980469  563.0
554.1692504882812  523.0
263.2693786621094  173.0
450.7172546386719  411.0
582.3574829101562  633.0
584.5484619140625  616.0
580.9054565429688  678.0
416.0706787109375  590.0
251.14028930664062  213.0
574.3589477539062  579.0
559.2537841796875  566.0
516.6626586914062  467.0
275.8305969238281  293.0
515.1055908203125  494.0
357.9176025390625  344.0
280.179931640625  323.0
581.7138061523438  568.0
570.423583984375  581.0
584.9030151367188  669.0
584.029296875  557.0
274.2485656738281  348.0
521.3873901367188  411.0
584.3275146484375  630.0
571.3115844726562  593.0
539.3128051757812  508.0
578.4985961914062  561.0
561.3944702148438  551.0
261.95330810546875  219.0
563.1465454101562  495.0
390.9159851074219  191.0
583.44384765625  567.0
440.92901611328125  415.0
271.1327209472656  283.0
480.7088317871094  526.0
524.97021484375  459.0
585.0532836914062  765.0
417.003173828125  353.0
318.98162841796875  253.0
341.9999084472656  308.0
393.6441955566406  366.0
MSE : 3584.6756624323525
MAPE : 11.127900587772572
R2 Score : 0.7871878117486499
time : 990.2176598670194
