585.969970703125  562.0
330.1298828125  313.0
332.835693359375  337.0
553.3071899414062  566.0
404.824951171875  298.0
167.25535583496094  192.0
422.15728759765625  407.0
398.3837890625  353.0
359.6736145019531  370.0
428.051513671875  353.0
558.5494995117188  577.0
246.69630432128906  254.0
527.6282958984375  527.0
534.5367431640625  517.0
527.807861328125  587.0
500.87115478515625  508.0
327.62860107421875  324.0
594.8277587890625  630.0
517.1303100585938  539.0
542.4019165039062  538.0
242.83644104003906  268.0
557.8922119140625  541.0
622.9151611328125  633.0
546.8119506835938  555.0
233.5267333984375  223.0
334.77679443359375  314.0
551.4197998046875  590.0
500.1253967285156  494.0
445.80499267578125  267.0
176.004638671875  152.0
369.5953369140625  403.0
302.65985107421875  330.0
536.9797973632812  523.0
474.4010009765625  563.0
529.6192626953125  542.0
601.8572387695312  545.0
501.23162841796875  493.0
559.3057250976562  584.0
585.1744384765625  579.0
295.6182861328125  226.0
486.6122131347656  273.0
549.5460205078125  541.0
500.33343505859375  501.0
507.88604736328125  530.0
362.8459167480469  409.0
418.1087341308594  374.0
666.15576171875  623.0
275.9824523925781  218.0
516.96728515625  509.0
382.31781005859375  401.0
403.4903564453125  457.0
543.2909545898438  533.0
323.5727233886719  333.0
538.8695068359375  593.0
563.6359252929688  668.0
325.8216552734375  365.0
233.53382873535156  221.0
593.3319091796875  616.0
352.16595458984375  319.0
191.81866455078125  223.0
396.88970947265625  387.0
252.9405975341797  278.0
539.742431640625  191.0
272.1626281738281  249.0
508.13653564453125  519.0
536.9405517578125  573.0
496.94622802734375  523.0
181.9156951904297  197.0
432.2392578125  325.0
385.2786865234375  538.0
320.48089599609375  378.0
320.1139221191406  316.0
485.7958984375  488.0
659.9053344726562  593.0
553.8964233398438  550.0
252.80581665039062  243.0
517.0978393554688  529.0
511.46484375  499.0
503.8822021484375  527.0
485.92681884765625  470.0
532.005126953125  522.0
311.78143310546875  241.0
367.3472900390625  377.0
556.0887451171875  550.0
556.8358764648438  525.0
186.7899169921875  188.0
236.0741729736328  220.0
380.53564453125  373.0
392.6123352050781  362.0
232.58383178710938  293.0
535.4481811523438  577.0
432.4150390625  423.0
708.410400390625  653.0
458.7212829589844  415.0
505.96405029296875  529.0
517.7537231445312  520.0
206.53561401367188  209.0
387.4512939453125  380.0
479.12225341796875  503.0
MSE : 3503.88357102549
MAPE : 10.33717646420774
R2 Score : 0.8119623388567814
time : 887.0172390569933
