620.0385131835938  763.0
570.0226440429688  773.0
540.4934692382812  584.0
563.3018188476562  584.0
447.98419189453125  423.0
524.9439697265625  533.0
331.1478576660156  300.0
551.40185546875  531.0
484.3937072753906  458.0
319.0642395019531  269.0
560.8009033203125  522.0
560.5540161132812  517.0
388.169677734375  409.0
388.5214538574219  385.0
497.6233215332031  519.0
594.3933715820312  557.0
539.6819458007812  541.0
512.3582763671875  557.0
615.1675415039062  545.0
367.1294860839844  433.0
324.87664794921875  310.0
374.4549865722656  392.0
496.4908447265625  488.0
338.7425537109375  265.0
335.801513671875  324.0
494.7411193847656  563.0
213.00070190429688  196.0
533.7803344726562  527.0
200.35379028320312  213.0
500.08868408203125  520.0
369.9048156738281  370.0
345.1723327636719  330.0
567.4595947265625  589.0
391.9463195800781  373.0
266.64007568359375  220.0
233.9733428955078  253.0
577.6124267578125  581.0
346.4298400878906  359.0
393.1794128417969  393.0
539.2562866210938  535.0
283.3655090332031  266.0
507.9989929199219  470.0
210.44020080566406  191.0
490.41876220703125  503.0
546.0119018554688  618.0
244.4689178466797  233.0
496.5085754394531  498.0
242.25628662109375  253.0
532.105224609375  529.0
499.7098083496094  474.0
503.05377197265625  494.0
357.5410461425781  333.0
327.2474365234375  315.0
217.7998046875  243.0
570.8507690429688  545.0
575.453369140625  581.0
504.96875  501.0
516.7630004882812  599.0
505.3980407714844  509.0
499.34918212890625  478.0
538.39208984375  581.0
356.2433776855469  345.0
582.9972534179688  538.0
275.79461669921875  239.0
573.3176879882812  630.0
621.3574829101562  583.0
544.9146118164062  530.0
561.6675415039062  604.0
538.1761474609375  530.0
446.2783508300781  419.0
188.1905059814453  130.0
371.2718200683594  420.0
619.285400390625  653.0
209.83531188964844  197.0
199.84703063964844  190.0
209.2275390625  192.0
224.12791442871094  203.0
342.0973815917969  308.0
274.8565673828125  211.0
580.1908569335938  565.0
486.3443908691406  449.0
541.0640869140625  525.0
559.62060546875  551.0
352.2021484375  368.0
332.58819580078125  324.0
494.931884765625  500.0
220.4329376220703  217.0
621.373779296875  685.0
418.9075012207031  374.0
395.3977966308594  393.0
504.9546813964844  539.0
620.8703002929688  643.0
323.78216552734375  241.0
495.8986511230469  482.0
563.4220581054688  606.0
622.6293334960938  618.0
407.8153076171875  395.0
MSE : 1696.5009588101475
MAPE : 7.242210597012859
R2 Score : 0.9207492780374142
time : 1363.4389499349054
