223.1199188232422  241.0
160.89393615722656  191.0
665.3306274414062  763.0
342.27960205078125  425.0
235.75143432617188  213.0
531.2190551757812  499.0
587.8082275390625  653.0
524.8720703125  565.0
429.1392822265625  440.0
524.798583984375  515.0
567.689697265625  534.0
566.1859130859375  569.0
679.158935546875  618.0
538.547607421875  503.0
566.4541015625  584.0
538.0487060546875  533.0
409.68963623046875  409.0
531.0156860351562  545.0
325.69561767578125  330.0
528.7078857421875  539.0
531.4422607421875  538.0
548.0441284179688  550.0
538.1531982421875  499.0
410.5172119140625  398.0
529.2113037109375  584.0
232.70472717285156  378.0
182.1149444580078  187.0
182.1788330078125  192.0
399.9036865234375  355.0
516.7163696289062  493.0
598.740478515625  555.0
412.67919921875  384.0
395.8727111816406  243.0
514.16162109375  512.0
594.2024536132812  556.0
603.4693603515625  593.0
599.3932495117188  557.0
253.9991455078125  344.0
528.525634765625  527.0
348.6221618652344  281.0
521.3364868164062  508.0
238.98634338378906  211.0
584.1649780273438  549.0
557.08447265625  492.0
533.8397216796875  577.0
396.574951171875  360.0
606.5859375  589.0
376.7980041503906  233.0
524.7691040039062  484.0
599.7144775390625  569.0
358.2013244628906  380.0
384.2284240722656  376.0
185.9108428955078  197.0
398.88818359375  475.0
515.94873046875  459.0
219.80421447753906  311.0
599.721923828125  541.0
424.0076599121094  420.0
311.65252685546875  392.0
543.2393188476562  550.0
236.81874084472656  206.0
421.8607177734375  411.0
521.0604858398438  497.0
738.116455078125  557.0
236.85104370117188  251.0
215.33201599121094  325.0
410.72064208984375  362.0
566.1563720703125  626.0
256.0469665527344  293.0
518.8634033203125  401.0
411.62457275390625  423.0
221.0809783935547  194.0
300.8236389160156  308.0
538.4971313476562  523.0
540.4861450195312  545.0
225.04783630371094  239.0
418.63262939453125  419.0
253.92298889160156  270.0
323.4560546875  319.0
221.18460083007812  273.0
409.54608154296875  417.0
371.6744384765625  378.0
544.1585083007812  658.0
160.24813842773438  366.0
520.9681396484375  618.0
495.280517578125  501.0
385.544677734375  363.0
529.3209228515625  551.0
309.4884033203125  253.0
334.78472900390625  318.0
204.359130859375  331.0
524.5910034179688  535.0
512.9193115234375  508.0
412.0734558105469  478.0
544.50537109375  503.0
213.44776916503906  204.0
568.9454345703125  545.0
603.4317626953125  566.0
412.9081115722656  449.0
654.0696411132812  547.0
MSE : 3425.3005262291176
MAPE : 10.476865527596322
R2 Score : 0.8054590198787411
time : 905.2051070180023
