603.4149780273438  763.0
531.0648803710938  773.0
516.1311645507812  584.0
541.6022338867188  584.0
381.3944396972656  423.0
500.4206848144531  533.0
237.73802185058594  300.0
508.97442626953125  531.0
460.53564453125  458.0
304.8179931640625  269.0
531.20458984375  522.0
533.90771484375  568.0
370.9043884277344  409.0
359.66473388671875  385.0
499.47674560546875  519.0
599.8336181640625  557.0
573.504150390625  541.0
513.6116333007812  557.0
536.1484985351562  545.0
339.61614990234375  433.0
244.30361938476562  310.0
348.4097900390625  389.0
468.7381591796875  488.0
392.6856384277344  265.0
290.879150390625  324.0
550.29736328125  563.0
200.9451904296875  196.0
528.2499389648438  527.0
202.23153686523438  213.0
515.6976318359375  520.0
392.20172119140625  370.0
283.6363220214844  330.0
537.4307250976562  589.0
330.627197265625  373.0
209.82745361328125  220.0
218.79055786132812  253.0
549.1918334960938  581.0
347.5510559082031  359.0
397.7708740234375  393.0
556.9593505859375  535.0
226.9348907470703  266.0
470.88433837890625  470.0
190.52247619628906  191.0
446.21685791015625  503.0
496.089111328125  618.0
287.2587585449219  233.0
540.7230834960938  498.0
528.846435546875  517.0
279.0217590332031  253.0
477.32281494140625  529.0
495.73992919921875  474.0
467.0653381347656  494.0
321.51434326171875  333.0
259.9804382324219  315.0
314.2506103515625  243.0
544.3515625  545.0
504.60498046875  581.0
463.71697998046875  501.0
487.818603515625  599.0
507.803955078125  509.0
531.1151733398438  478.0
538.4208374023438  581.0
313.86920166015625  345.0
531.9910888671875  538.0
222.87095642089844  239.0
620.6312866210938  630.0
499.490234375  583.0
518.730712890625  530.0
527.1695556640625  604.0
529.6066284179688  530.0
417.302734375  419.0
198.58883666992188  130.0
343.39794921875  420.0
589.2484741210938  653.0
201.3083953857422  197.0
199.86581420898438  190.0
200.80136108398438  192.0
216.28497314453125  203.0
370.93060302734375  392.0
288.4624328613281  308.0
199.25611877441406  211.0
548.0781860351562  565.0
454.794189453125  449.0
498.9925231933594  525.0
536.2210083007812  551.0
332.741455078125  368.0
283.54132080078125  324.0
514.6162719726562  500.0
244.8360595703125  217.0
580.9651489257812  685.0
392.17388916015625  374.0
347.88958740234375  401.0
506.9342346191406  539.0
575.0737915039062  643.0
241.21060180664062  241.0
513.648193359375  482.0
548.6903076171875  606.0
719.6381225585938  618.0
355.5445556640625  393.0
360.91217041015625  395.0
MSE : 2839.56471189396
MAPE : 9.085031304986373
R2 Score : 0.8645890408772091
time : 2470.4899268539157
