565.891357421875  552.0
549.5347900390625  401.0
388.3963928222656  403.0
266.36065673828125  325.0
618.3224487304688  672.0
528.4044189453125  507.0
320.72332763671875  321.0
526.6932373046875  502.0
210.9449462890625  221.0
233.92051696777344  269.0
482.3115234375  528.0
552.9815063476562  534.0
447.04852294921875  419.0
202.7400360107422  348.0
595.7612915039062  569.0
527.5194702148438  478.0
198.88356018066406  226.0
259.9212341308594  304.0
661.66162109375  630.0
581.5460205078125  419.0
744.1874389648438  763.0
537.4891357421875  559.0
562.3452758789062  530.0
497.8011169433594  531.0
604.18408203125  616.0
254.96188354492188  390.0
590.3646240234375  587.0
244.50897216796875  393.0
370.36346435546875  409.0
358.9783935546875  417.0
565.13134765625  573.0
489.2715759277344  481.0
214.66993713378906  228.0
677.078125  595.0
267.4349060058594  270.0
657.383056640625  613.0
481.9458312988281  495.0
577.712646484375  500.0
195.97987365722656  319.0
595.1871337890625  546.0
296.1125793457031  330.0
379.20849609375  333.0
592.826171875  606.0
184.75784301757812  218.0
368.1921081542969  430.0
504.91278076171875  522.0
512.108154296875  493.0
572.7725219726562  575.0
707.6923828125  653.0
185.7467803955078  206.0
417.73150634765625  393.0
482.6351013183594  444.0
538.0396118164062  561.0
411.3919982910156  418.0
277.8950500488281  320.0
274.65728759765625  279.0
210.9614715576172  266.0
306.6885986328125  343.0
321.5791320800781  324.0
362.57647705078125  386.0
498.991943359375  493.0
360.0001525878906  298.0
252.23480224609375  331.0
217.87925720214844  358.0
712.5567626953125  619.0
196.40478515625  197.0
514.8334350585938  537.0
575.978515625  482.0
268.53765869140625  243.0
415.04949951171875  363.0
536.628662109375  556.0
482.4740905761719  484.0
387.0597229003906  433.0
565.77880859375  551.0
512.7835693359375  474.0
519.2979125976562  557.0
266.7965393066406  273.0
511.84649658203125  559.0
496.39239501953125  600.0
248.89431762695312  259.0
389.6658935546875  385.0
495.1986083984375  500.0
234.93099975585938  278.0
558.5021362304688  545.0
293.8573303222656  315.0
202.1366729736328  225.0
462.217529296875  548.0
660.5499267578125  569.0
559.0906982421875  581.0
509.8887634277344  551.0
727.4066162109375  643.0
489.7414245605469  533.0
310.0962219238281  315.0
275.0615539550781  310.0
501.2677917480469  512.0
358.21710205078125  363.0
187.393798828125  152.0
557.8482666015625  533.0
521.1534423828125  549.0
340.72528076171875  363.0
MSE : 2960.2149044182547
MAPE : 9.802185912746497
R2 Score : 0.8301411617031557
time : 2827.0628876870032
