434.9390869140625  407.0
482.8954162597656  411.0
517.6113891601562  497.0
539.921142578125  539.0
482.44366455078125  521.0
530.2161865234375  520.0
588.153564453125  545.0
360.3508605957031  313.0
614.87841796875  604.0
667.4931030273438  560.0
535.5031127929688  493.0
458.1773986816406  503.0
500.2684631347656  475.0
519.2012939453125  500.0
338.2224426269531  348.0
372.33160400390625  419.0
250.17514038085938  241.0
210.5873565673828  213.0
362.76727294921875  348.0
617.8903198242188  578.0
559.968505859375  542.0
588.02197265625  563.0
492.42205810546875  492.0
532.0369262695312  531.0
412.45196533203125  444.0
400.0927734375  358.0
307.3251037597656  425.0
395.05291748046875  433.0
229.0863494873047  205.0
542.2080078125  584.0
564.3406982421875  584.0
588.0775146484375  615.0
315.61334228515625  330.0
368.06634521484375  384.0
442.41943359375  493.0
204.55105590820312  331.0
544.28125  559.0
529.2367553710938  537.0
336.3067932128906  393.0
291.5677795410156  397.0
419.32562255859375  498.0
555.4916381835938  528.0
474.41888427734375  479.0
366.9833068847656  355.0
346.3863220214844  281.0
383.7493896484375  401.0
476.18603515625  484.0
308.81005859375  239.0
444.30517578125  419.0
362.71295166015625  378.0
344.19207763671875  265.0
536.9677734375  552.0
517.4486083984375  508.0
256.2146301269531  233.0
648.74755859375  595.0
564.7952270507812  618.0
192.6836700439453  223.0
509.8355712890625  470.0
312.9744873046875  310.0
373.373779296875  324.0
582.8397216796875  563.0
559.8197631835938  523.0
194.7070770263672  173.0
372.97100830078125  411.0
603.1357421875  633.0
599.193359375  616.0
576.5072021484375  678.0
625.9857177734375  590.0
203.24085998535156  213.0
582.307373046875  579.0
610.0692138671875  566.0
476.86328125  467.0
210.46743774414062  293.0
529.17431640625  494.0
360.1484375  344.0
257.39019775390625  323.0
541.6143188476562  568.0
570.576171875  581.0
616.1075439453125  669.0
573.013427734375  557.0
337.46514892578125  348.0
543.7435913085938  411.0
563.3685302734375  630.0
575.0556640625  593.0
605.3887939453125  508.0
561.7855834960938  561.0
624.95751953125  551.0
229.96473693847656  219.0
516.9552001953125  495.0
267.930419921875  191.0
551.32275390625  567.0
361.5983581542969  415.0
325.5963134765625  283.0
582.6705322265625  526.0
469.4482421875  459.0
598.9844360351562  765.0
359.3643798828125  353.0
235.58639526367188  253.0
318.58209228515625  308.0
382.97503662109375  366.0
MSE : 2396.490145397275
MAPE : 8.920249229843419
R2 Score : 0.8577270693386156
time : 2732.7823859619675
