544.4312133789062  533.0
584.569580078125  552.0
522.1828002929688  530.0
489.5043029785156  500.0
503.3763732910156  522.0
395.4900207519531  384.0
557.5228881835938  569.0
571.1245727539062  765.0
334.67620849609375  239.0
330.15704345703125  251.0
496.6369323730469  538.0
345.6972351074219  387.0
502.1371765136719  529.0
252.2701416015625  344.0
527.4571533203125  512.0
440.7720642089844  420.0
568.1197509765625  587.0
212.57855224609375  203.0
551.5797119140625  551.0
354.9944763183594  389.0
433.9912414550781  411.0
213.11318969726562  217.0
382.2683410644531  394.0
555.3361206054688  538.0
580.9380493164062  573.0
563.1566162109375  517.0
568.0709228515625  600.0
505.8417053222656  577.0
513.8688354492188  503.0
558.5995483398438  562.0
220.80801391601562  195.0
540.2416381835938  554.0
568.4423217773438  566.0
559.43408203125  560.0
218.0032958984375  278.0
579.8532104492188  653.0
564.2540283203125  552.0
319.5262451171875  304.0
395.51080322265625  363.0
280.9646911621094  207.0
429.49053955078125  482.0
530.1897583007812  545.0
567.2969970703125  568.0
285.60162353515625  409.0
630.5889282226562  584.0
510.1091003417969  493.0
204.21347045898438  203.0
555.6753540039062  508.0
341.5352478027344  216.0
346.7779846191406  199.0
627.5137329101562  649.0
209.16363525390625  195.0
329.8371887207031  343.0
303.87939453125  433.0
566.3385620117188  551.0
525.3313598632812  534.0
563.6969604492188  583.0
570.1396484375  535.0
543.9439697265625  624.0
634.4891967773438  604.0
521.1879272460938  548.0
543.4635620117188  503.0
349.7805480957031  373.0
556.2940063476562  592.0
366.7001037597656  330.0
509.6468811035156  505.0
509.3648376464844  532.0
604.0440673828125  547.0
495.2861022949219  481.0
449.6044006347656  401.0
341.3343505859375  249.0
445.5403137207031  388.0
566.1878051757812  549.0
498.1397399902344  474.0
351.9591064453125  359.0
329.2611999511719  378.0
284.4988708496094  253.0
589.5752563476562  550.0
492.0440979003906  473.0
355.0859680175781  353.0
345.44140625  378.0
487.8988952636719  595.0
556.01416015625  530.0
342.2343444824219  396.0
488.9240417480469  459.0
353.2335510253906  378.0
526.0252075195312  563.0
324.5389709472656  424.0
201.35537719726562  223.0
615.2741088867188  621.0
219.7781219482422  221.0
404.9907531738281  392.0
627.4713745117188  669.0
350.5321960449219  360.0
550.0776977539062  525.0
498.1689758300781  500.0
507.5655822753906  526.0
638.1395874023438  560.0
507.2426452636719  484.0
528.9861450195312  542.0
MSE : 2523.0748941636853
MAPE : 9.190318624166457
R2 Score : 0.8506149879872564
time : 695.3394773600157
