338.2180480957031  241.0
211.1213836669922  191.0
593.0328979492188  763.0
338.7248229980469  425.0
254.99053955078125  213.0
574.552001953125  499.0
573.2660522460938  653.0
557.1245727539062  565.0
449.5456237792969  440.0
547.4300537109375  515.0
579.6607055664062  534.0
586.6889038085938  569.0
591.7301635742188  618.0
532.0103149414062  503.0
559.8190307617188  584.0
533.8253784179688  533.0
362.9770812988281  409.0
573.0463256835938  545.0
333.3895568847656  330.0
560.0554809570312  539.0
576.8182983398438  538.0
582.93505859375  550.0
519.6210327148438  499.0
386.4753112792969  398.0
560.3897094726562  584.0
346.5111999511719  378.0
390.6518249511719  187.0
187.06710815429688  192.0
345.2946472167969  355.0
517.1585693359375  493.0
588.0151977539062  555.0
392.03375244140625  384.0
315.7850341796875  243.0
510.513916015625  512.0
581.85595703125  556.0
590.0170288085938  593.0
588.0743408203125  557.0
311.6708679199219  344.0
567.8818969726562  527.0
337.05572509765625  281.0
533.3598022460938  508.0
286.228271484375  211.0
584.0929565429688  549.0
587.3892211914062  492.0
575.0228881835938  577.0
391.906005859375  360.0
591.9335327148438  589.0
287.80242919921875  233.0
516.6898193359375  484.0
586.348388671875  569.0
341.1815490722656  380.0
393.1898193359375  376.0
195.3468780517578  197.0
348.9316711425781  475.0
519.3491821289062  459.0
361.8083190917969  311.0
588.2780151367188  541.0
373.6884460449219  420.0
395.6953430175781  392.0
594.5305786132812  550.0
267.7798767089844  206.0
449.57415771484375  411.0
539.9432983398438  497.0
596.5114135742188  557.0
299.850830078125  251.0
447.0687561035156  325.0
377.5237731933594  362.0
586.8185424804688  626.0
257.3520812988281  293.0
578.15087890625  401.0
412.6793518066406  423.0
211.1109161376953  194.0
306.20806884765625  308.0
535.0548706054688  523.0
572.6312255859375  545.0
264.6925354003906  239.0
452.6425476074219  419.0
335.8287658691406  270.0
197.4962615966797  319.0
370.3820495605469  273.0
397.6865539550781  417.0
338.5262451171875  378.0
586.9514770507812  658.0
161.50282287597656  366.0
601.2586059570312  618.0
510.1759948730469  501.0
393.89508056640625  363.0
562.9165649414062  551.0
312.7660827636719  253.0
338.2321472167969  318.0
390.7135925292969  331.0
559.2808227539062  535.0
527.7957763671875  508.0
521.4874877929688  478.0
575.4647827148438  503.0
210.30752563476562  204.0
451.0464782714844  545.0
591.9701538085938  566.0
467.1809387207031  449.0
594.3920288085938  547.0
MSE : 3524.2007938303636
MAPE : 11.751410290532863
R2 Score : 0.7998419492462316
time : 3977.3550207410008
