542.5491333007812  763.0
529.072998046875  773.0
560.437255859375  584.0
524.3275146484375  584.0
423.5995788574219  423.0
541.8993530273438  533.0
257.37890625  300.0
543.5126953125  531.0
457.5137939453125  458.0
246.23397827148438  269.0
562.795166015625  522.0
562.975341796875  568.0
351.59698486328125  409.0
397.41265869140625  385.0
526.242431640625  519.0
562.80322265625  557.0
513.1769409179688  541.0
544.28173828125  557.0
562.8860473632812  545.0
397.9691162109375  433.0
246.8709716796875  310.0
396.5477600097656  389.0
545.4181518554688  488.0
347.9241027832031  265.0
246.48712158203125  324.0
562.9685668945312  563.0
246.4363250732422  196.0
562.9572143554688  527.0
246.41827392578125  213.0
543.341552734375  520.0
394.39373779296875  370.0
246.85023498535156  330.0
525.0997314453125  589.0
372.6141662597656  373.0
246.3800048828125  220.0
246.33782958984375  253.0
563.0576782226562  581.0
356.6690673828125  359.0
341.305908203125  393.0
540.27880859375  535.0
246.18911743164062  266.0
544.3084716796875  470.0
321.6543884277344  191.0
397.3904113769531  503.0
545.3121337890625  618.0
338.87921142578125  233.0
495.5693054199219  498.0
562.9684448242188  517.0
246.37030029296875  253.0
546.2088623046875  529.0
541.9859619140625  474.0
533.8121948242188  494.0
362.89166259765625  333.0
246.77474975585938  315.0
371.924560546875  243.0
563.058837890625  545.0
539.1173095703125  581.0
547.8615112304688  501.0
542.02734375  599.0
524.2062377929688  509.0
546.2207641601562  478.0
542.1024169921875  581.0
425.020751953125  345.0
562.8145751953125  538.0
246.49708557128906  239.0
563.1786499023438  630.0
543.77294921875  583.0
563.0050048828125  530.0
541.1898193359375  604.0
539.0882568359375  530.0
424.5335998535156  419.0
246.3367462158203  130.0
397.16888427734375  420.0
562.9548950195312  653.0
246.35488891601562  197.0
246.26837158203125  190.0
246.5162353515625  192.0
246.28994750976562  203.0
396.63824462890625  392.0
246.37112426757812  308.0
246.30430603027344  211.0
563.1926879882812  565.0
504.5727233886719  449.0
562.747802734375  525.0
542.0366821289062  551.0
448.97772216796875  368.0
246.5831298828125  324.0
543.3524169921875  500.0
247.45632934570312  217.0
497.5255126953125  685.0
398.61297607421875  374.0
396.60797119140625  401.0
562.9727783203125  539.0
562.0006103515625  643.0
290.49859619140625  241.0
543.33203125  482.0
546.373779296875  606.0
563.1610717773438  618.0
395.69110107421875  393.0
396.5485534667969  395.0
MSE : 3905.15178062795
MAPE : 12.248886875096172
R2 Score : 0.8137741513972396
time : 909.2333069610177
