541.7283935546875  763.0
541.7308349609375  773.0
541.7251586914062  584.0
541.7291870117188  584.0
408.7378845214844  423.0
541.727294921875  533.0
318.2459716796875  300.0
541.7294921875  531.0
541.4592895507812  458.0
281.0613708496094  269.0
541.7274780273438  522.0
541.7291870117188  568.0
325.2568664550781  409.0
327.98553466796875  385.0
541.7362670898438  519.0
541.7286987304688  557.0
541.7238159179688  541.0
541.7295532226562  557.0
541.7283325195312  545.0
307.5154113769531  433.0
288.69329833984375  310.0
326.4463195800781  389.0
541.729736328125  488.0
307.30279541015625  265.0
303.25775146484375  324.0
541.7273559570312  563.0
245.0057373046875  196.0
541.7276611328125  527.0
244.99801635742188  213.0
541.7285766601562  520.0
316.13568115234375  370.0
322.5264892578125  330.0
541.730224609375  589.0
320.2892150878906  373.0
299.65936279296875  220.0
300.1162109375  253.0
541.7274169921875  581.0
314.1925964355469  359.0
306.37957763671875  393.0
541.7307739257812  535.0
287.2657470703125  266.0
541.7301635742188  470.0
245.68479919433594  191.0
490.3428955078125  503.0
541.7296142578125  618.0
314.9808044433594  233.0
540.5717163085938  498.0
541.7289428710938  517.0
304.888671875  253.0
541.7323608398438  529.0
541.7286376953125  474.0
541.7302856445312  494.0
310.65765380859375  333.0
300.8717956542969  315.0
314.864501953125  243.0
541.727783203125  545.0
541.7258911132812  581.0
541.7300415039062  501.0
541.7283325195312  599.0
541.7289428710938  509.0
541.7298583984375  478.0
541.730224609375  581.0
353.9603576660156  345.0
541.7266845703125  538.0
285.5804443359375  239.0
541.728759765625  630.0
541.7308959960938  583.0
541.7341918945312  530.0
541.7396240234375  604.0
541.7294311523438  530.0
416.7657775878906  419.0
245.11209106445312  130.0
328.05364990234375  420.0
541.7391357421875  653.0
245.0044708251953  197.0
266.6748046875  190.0
245.00775146484375  192.0
245.0133819580078  203.0
312.61627197265625  392.0
302.41876220703125  308.0
294.64471435546875  211.0
541.72900390625  565.0
472.63494873046875  449.0
541.7308349609375  525.0
541.7277221679688  551.0
401.1090087890625  368.0
302.9674377441406  324.0
541.7286376953125  500.0
322.79815673828125  217.0
541.681396484375  685.0
358.71282958984375  374.0
327.80609130859375  401.0
541.72900390625  539.0
541.7279663085938  643.0
267.3084716796875  241.0
541.7286376953125  482.0
541.6690673828125  606.0
541.7278442382812  618.0
328.563232421875  393.0
328.4945068359375  395.0
MSE : 3872.893433810796
MAPE : 12.776151616090251
R2 Score : 0.8153124624150974
time : 877.8916184710106
