354.0385437011719  333.0
531.5100708007812  565.0
228.14524841308594  223.0
398.6554870605469  360.0
516.3193359375  520.0
359.8411865234375  366.0
506.2784118652344  493.0
586.72119140625  668.0
565.3771362304688  500.0
326.8969421386719  345.0
381.92608642578125  363.0
251.9730987548828  293.0
350.4022521972656  327.0
249.1909637451172  268.0
508.4414367675781  512.0
251.27513122558594  331.0
493.4565124511719  522.0
232.15982055664062  223.0
627.6212768554688  613.0
546.5994262695312  569.0
545.7816772460938  563.0
219.4799346923828  220.0
603.7411499023438  685.0
635.2118530273438  678.0
539.8466186523438  525.0
411.5676574707031  449.0
573.1193237304688  562.0
570.2327270507812  551.0
516.6825561523438  531.0
495.82330322265625  499.0
395.5607604980469  420.0
492.34783935546875  512.0
251.7862091064453  253.0
498.0164794921875  557.0
377.1771240234375  444.0
570.2504272460938  589.0
530.0924682617188  517.0
209.54681396484375  209.0
272.3448486328125  293.0
525.016357421875  522.0
350.96795654296875  333.0
499.6619567871094  494.0
222.23643493652344  206.0
515.374267578125  502.0
182.01744079589844  225.0
389.1432189941406  377.0
331.9034423828125  330.0
396.8189392089844  409.0
312.2761535644531  298.0
530.7811279296875  531.0
650.6029663085938  589.0
420.5226745605469  493.0
545.2642211914062  603.0
521.0929565429688  566.0
542.3746948242188  536.0
663.2339477539062  619.0
623.8374633789062  616.0
533.1848754882812  579.0
559.03076171875  545.0
573.0989379882812  573.0
605.9984741210938  550.0
495.2827453613281  483.0
605.8942260742188  503.0
503.2567443847656  520.0
493.5360412597656  482.0
570.0518188476562  590.0
340.4114685058594  233.0
326.3318786621094  425.0
620.5079956054688  563.0
369.4697570800781  353.0
546.4909057617188  626.0
598.3135375976562  563.0
488.927734375  486.0
446.405517578125  498.0
652.4923706054688  593.0
525.5299072265625  523.0
215.3634796142578  211.0
529.0097045898438  564.0
649.141845703125  494.0
253.65139770507812  366.0
526.7722778320312  508.0
366.9800720214844  384.0
154.0984649658203  213.0
437.10418701171875  411.0
379.0011901855469  384.0
195.6514129638672  197.0
425.14324951171875  475.0
511.1434631347656  534.0
501.1692810058594  508.0
514.6106567382812  549.0
552.0515747070312  633.0
362.8469543457031  318.0
387.0959777832031  385.0
527.5798950195312  562.0
509.604248046875  538.0
471.4076843261719  401.0
396.0696716308594  440.0
327.8433532714844  376.0
244.6134033203125  323.0
350.2803649902344  397.0
MSE : 1967.0220376450638
MAPE : 7.552552624261739
R2 Score : 0.8764107488894377
time : 3004.8401711769984
