314.3773193359375  241.0
598.5311279296875  191.0
660.7387084960938  763.0
361.2507629394531  425.0
208.068115234375  213.0
528.1105346679688  499.0
607.3683471679688  653.0
583.3216552734375  565.0
494.7826232910156  440.0
528.88134765625  515.0
531.9163208007812  534.0
597.0738525390625  569.0
517.553955078125  569.0
533.0372314453125  503.0
595.0206909179688  584.0
525.8865966796875  533.0
345.30096435546875  409.0
565.6748657226562  545.0
308.7161865234375  330.0
522.4716186523438  539.0
546.216064453125  538.0
579.1717529296875  550.0
494.2068786621094  499.0
369.4140930175781  398.0
535.5462036132812  584.0
392.92822265625  378.0
367.82470703125  187.0
206.82553100585938  192.0
350.5124206542969  355.0
497.4503173828125  493.0
528.3215942382812  549.0
406.00836181640625  384.0
215.728759765625  243.0
492.63287353515625  512.0
535.404541015625  556.0
472.7447204589844  593.0
589.5916748046875  557.0
332.40447998046875  344.0
540.774658203125  527.0
335.8274841308594  281.0
548.0621337890625  508.0
315.9891357421875  211.0
496.08209228515625  492.0
597.3197021484375  577.0
372.2427978515625  360.0
591.2999267578125  626.0
226.2445068359375  233.0
523.8668212890625  484.0
375.1712951660156  380.0
345.0911560058594  376.0
204.71505737304688  197.0
501.6004943847656  475.0
492.9116516113281  459.0
349.2408752441406  311.0
491.0321350097656  541.0
429.5435791015625  420.0
375.4948425292969  392.0
535.7445678710938  550.0
249.2264404296875  206.0
415.34454345703125  411.0
527.736083984375  497.0
526.6671142578125  557.0
277.2850646972656  270.0
455.12158203125  325.0
367.97235107421875  362.0
267.06939697265625  293.0
416.25225830078125  401.0
466.40087890625  423.0
247.40692138671875  194.0
303.9524230957031  308.0
523.4805297851562  523.0
543.7029418945312  545.0
256.707763671875  239.0
491.67620849609375  419.0
257.0514221191406  319.0
492.8966064453125  273.0
381.6509704589844  417.0
338.5671081542969  378.0
598.66259765625  658.0
253.5045928955078  366.0
541.602783203125  618.0
502.3594970703125  501.0
443.61041259765625  363.0
544.1848754882812  551.0
300.7197570800781  253.0
349.8204345703125  318.0
357.9870300292969  331.0
513.556396484375  535.0
523.9276733398438  508.0
500.668701171875  478.0
495.53692626953125  503.0
196.81329345703125  204.0
558.9690551757812  545.0
555.2725830078125  566.0
501.5068359375  449.0
424.4507141113281  547.0
MSE : 4409.1633796760025
MAPE : 12.010208811596016
R2 Score : 0.7442466151048437
time : 1056.1396747529507
