296.0721130371094  241.0
357.6192626953125  191.0
668.90576171875  763.0
259.2479553222656  425.0
209.94215393066406  213.0
487.4669189453125  499.0
605.6504516601562  653.0
580.5872192382812  565.0
407.04278564453125  440.0
527.4241943359375  515.0
498.3071594238281  534.0
607.3739624023438  569.0
657.4315795898438  569.0
528.392578125  503.0
566.5339965820312  584.0
520.5564575195312  533.0
343.1907043457031  409.0
528.3504028320312  545.0
275.7832946777344  330.0
522.5879516601562  539.0
570.9318237304688  538.0
583.5457763671875  550.0
490.0462341308594  499.0
440.8473815917969  398.0
491.701171875  584.0
426.4992370605469  378.0
300.9072570800781  187.0
187.90249633789062  192.0
363.74957275390625  355.0
473.0218200683594  493.0
522.4739990234375  549.0
391.8565979003906  384.0
209.11070251464844  243.0
482.2045593261719  512.0
511.3814392089844  556.0
669.8019409179688  593.0
574.0877075195312  557.0
321.5892028808594  344.0
498.638671875  527.0
299.48834228515625  281.0
522.419677734375  508.0
217.48521423339844  211.0
485.30413818359375  492.0
560.4556884765625  577.0
359.5104675292969  360.0
591.427734375  626.0
239.93020629882812  233.0
552.34423828125  484.0
453.337158203125  380.0
354.7789306640625  376.0
201.7401885986328  197.0
388.6378173828125  475.0
470.8352966308594  459.0
370.2784118652344  311.0
536.7482299804688  541.0
397.44451904296875  420.0
424.35992431640625  392.0
586.6234130859375  550.0
221.2845458984375  206.0
425.9118347167969  411.0
520.3243408203125  497.0
495.5142517089844  557.0
295.6215515136719  270.0
469.8825378417969  325.0
398.3159484863281  362.0
239.2588348388672  293.0
525.1445922851562  401.0
417.4436340332031  423.0
202.0302276611328  194.0
316.7619323730469  308.0
506.57769775390625  523.0
549.8786010742188  545.0
229.47543334960938  239.0
543.7218627929688  419.0
290.9814758300781  319.0
417.5641174316406  273.0
426.1265869140625  417.0
334.3974914550781  378.0
584.06640625  658.0
249.9413299560547  366.0
585.4871215820312  618.0
512.98779296875  501.0
444.11895751953125  363.0
556.9395141601562  551.0
232.81637573242188  253.0
411.9121398925781  318.0
306.3072814941406  331.0
551.5669555664062  535.0
501.2062683105469  508.0
444.83636474609375  478.0
480.7452392578125  503.0
194.8293914794922  204.0
591.84423828125  545.0
559.273193359375  566.0
448.67620849609375  449.0
667.6698608398438  547.0
MSE : 3116.1729325596825
MAPE : 10.512993830515953
R2 Score : 0.8192464858312036
time : 4767.872922349023
