604.6688842773438  552.0
434.2619323730469  401.0
226.79989624023438  403.0
375.3937072753906  325.0
605.6554565429688  672.0
506.5314025878906  507.0
306.3932189941406  321.0
507.38629150390625  502.0
310.6069030761719  221.0
235.56387329101562  269.0
510.5740051269531  528.0
510.3600158691406  534.0
510.5049133300781  419.0
285.9955749511719  348.0
603.7059936523438  569.0
537.513671875  478.0
324.9015197753906  226.0
268.8642883300781  304.0
604.368896484375  630.0
521.6161499023438  419.0
605.2630615234375  763.0
577.2362670898438  559.0
603.938720703125  530.0
502.89666748046875  531.0
605.722900390625  616.0
396.12371826171875  390.0
555.4686279296875  587.0
310.641845703125  393.0
361.147216796875  409.0
412.0131530761719  417.0
581.4780883789062  573.0
492.0435791015625  481.0
287.765869140625  228.0
426.77191162109375  595.0
298.84796142578125  270.0
542.2308959960938  613.0
498.4419860839844  495.0
515.0744018554688  500.0
344.0990295410156  319.0
605.1687622070312  546.0
396.37799072265625  330.0
289.46295166015625  333.0
584.143798828125  606.0
269.9475402832031  218.0
458.7004089355469  430.0
528.0692749023438  522.0
492.6711730957031  493.0
598.66455078125  575.0
538.274658203125  653.0
209.73524475097656  206.0
398.2348327636719  393.0
603.6195678710938  444.0
501.8152770996094  561.0
382.4620056152344  418.0
404.4443359375  320.0
398.4126892089844  279.0
251.89370727539062  266.0
403.1929931640625  343.0
242.37301635742188  324.0
365.0135498046875  386.0
507.1952209472656  493.0
372.10552978515625  298.0
333.6070556640625  331.0
260.8889465332031  358.0
539.4228515625  619.0
200.64427185058594  197.0
538.6189575195312  537.0
569.2850341796875  482.0
324.08282470703125  243.0
396.38067626953125  363.0
546.8143310546875  556.0
502.5132141113281  484.0
378.453857421875  433.0
544.0678100585938  551.0
504.99078369140625  474.0
509.4476318359375  557.0
489.97711181640625  273.0
527.84716796875  559.0
523.2809448242188  600.0
294.0588684082031  259.0
368.36041259765625  385.0
498.9247131347656  500.0
408.63189697265625  278.0
504.422607421875  545.0
307.59423828125  315.0
200.3678741455078  225.0
556.1432495117188  548.0
604.96240234375  569.0
506.52996826171875  581.0
602.7323608398438  551.0
484.1001892089844  643.0
505.88623046875  533.0
321.57696533203125  315.0
318.8332214355469  310.0
493.5001525878906  512.0
325.43994140625  363.0
211.87791442871094  152.0
575.9254150390625  533.0
531.9487915039062  549.0
226.65524291992188  363.0
MSE : 4419.539608286591
MAPE : 12.712364097715726
R2 Score : 0.7464042686394152
time : 939.0706796320155
