575.8672485351562  603.0
563.2600708007812  517.0
494.3438415527344  548.0
517.8652954101562  531.0
479.30572509765625  580.0
561.2676391601562  565.0
331.3055725097656  379.0
584.98095703125  606.0
562.5933837890625  604.0
211.49411010742188  216.0
421.29034423828125  425.0
616.5819091796875  668.0
560.7351684570312  508.0
366.2306213378906  387.0
360.7452087402344  366.0
432.54864501953125  419.0
484.3030090332031  458.0
617.2406616210938  658.0
223.94863891601562  203.0
393.9527282714844  392.0
554.5625610351562  583.0
318.24407958984375  267.0
220.87513732910156  228.0
410.84869384765625  410.0
610.8932495117188  574.0
522.3915405273438  536.0
523.129638671875  527.0
419.9505310058594  545.0
396.01483154296875  233.0
421.35968017578125  363.0
509.2406005859375  488.0
416.5843811035156  380.0
641.7654418945312  632.0
237.63267517089844  251.0
318.6815185546875  223.0
412.5188293457031  430.0
454.9767761230469  449.0
664.6522827148438  765.0
480.66619873046875  474.0
506.0356140136719  554.0
262.1598815917969  253.0
481.26959228515625  502.0
322.6614990234375  330.0
228.8680419921875  209.0
512.3945922851562  549.0
215.65472412109375  243.0
185.61639404296875  190.0
475.8694763183594  484.0
561.6075439453125  568.0
271.1614074707031  272.0
561.1390380859375  560.0
293.514892578125  301.0
186.1713409423828  203.0
497.09686279296875  503.0
586.4718627929688  550.0
367.21875  318.0
398.39923095703125  415.0
295.8096618652344  319.0
370.9874267578125  397.0
408.43621826171875  406.0
569.3086547851562  563.0
602.2665405273438  579.0
233.1607208251953  221.0
609.8167114257812  552.0
343.689697265625  376.0
508.0989074707031  457.0
474.32855224609375  503.0
489.747314453125  505.0
303.8565368652344  348.0
663.9129028320312  669.0
335.9658203125  315.0
285.5774230957031  333.0
415.98577880859375  393.0
554.7721557617188  577.0
366.7619323730469  360.0
563.4641723632812  517.0
397.5660705566406  393.0
343.5047302246094  279.0
528.829345703125  603.0
239.60340881347656  249.0
561.7650146484375  541.0
180.8103485107422  188.0
632.2566528320312  673.0
193.09182739257812  213.0
494.2336120605469  529.0
209.39785766601562  197.0
429.18206787109375  377.0
576.2933349609375  562.0
220.5251922607422  272.0
520.3174438476562  509.0
557.9638061523438  522.0
330.6458740234375  349.0
502.63653564453125  363.0
626.5624389648438  569.0
MSE : 1844.051071899366
MAPE : 7.802868122123952
R2 Score : 0.9067840387863212
time : 1835.0018742670072
