455.3570556640625  493.0
396.2688293457031  315.0
219.80897521972656  228.0
613.1604614257812  633.0
201.3182830810547  195.0
228.4753875732422  228.0
534.4425659179688  536.0
515.89892578125  545.0
475.1863708496094  520.0
239.4420623779297  272.0
240.9385528564453  324.0
544.4175415039062  584.0
569.9490356445312  554.0
285.48065185546875  330.0
387.1282958984375  393.0
375.02099609375  425.0
239.73077392578125  278.0
630.3506469726562  773.0
389.8323974609375  401.0
609.3170776367188  763.0
224.1397705078125  209.0
502.2813720703125  537.0
420.3028564453125  388.0
331.44940185546875  324.0
200.53530883789062  203.0
593.44091796875  535.0
393.3563232421875  325.0
328.5647888183594  363.0
589.3267211914062  587.0
547.1119995117188  550.0
479.04400634765625  481.0
586.6913452148438  555.0
289.7821350097656  187.0
205.97628784179688  249.0
285.6003112792969  348.0
472.7833557128906  475.0
403.0081481933594  475.0
218.17050170898438  397.0
363.4670104980469  409.0
493.3677673339844  509.0
213.2000274658203  196.0
492.18157958984375  525.0
492.2583312988281  517.0
567.8856201171875  557.0
515.700927734375  534.0
328.1851806640625  279.0
349.174560546875  398.0
397.8008728027344  473.0
405.7161560058594  374.0
526.94140625  522.0
268.15069580078125  410.0
539.46337890625  531.0
573.9928588867188  613.0
308.8664245605469  308.0
559.6248779296875  527.0
517.1589965820312  517.0
597.657958984375  618.0
356.43023681640625  392.0
517.6047973632812  507.0
335.9149475097656  373.0
401.701416015625  374.0
214.26528930664062  293.0
352.6524658203125  363.0
373.04180908203125  421.0
323.74298095703125  241.0
518.5380859375  521.0
329.07354736328125  331.0
218.07058715820312  197.0
557.58203125  581.0
501.1402893066406  508.0
426.52069091796875  459.0
276.4427185058594  415.0
208.82586669921875  366.0
523.8980102539062  538.0
576.0073852539062  765.0
312.59375  344.0
162.37318420410156  302.0
359.23004150390625  378.0
328.4355163574219  295.0
558.927001953125  563.0
382.5955505371094  373.0
379.8265686035156  393.0
489.757568359375  520.0
504.27532958984375  565.0
192.5640869140625  270.0
572.52392578125  632.0
422.9319152832031  440.0
522.702392578125  569.0
479.65155029296875  419.0
320.62127685546875  419.0
479.2361755371094  472.0
609.40966796875  573.0
406.09063720703125  360.0
576.221923828125  561.0
205.66331481933594  194.0
527.2674560546875  491.0
325.59454345703125  320.0
565.037353515625  552.0
393.09765625  379.0
MSE : 3390.145185690919
MAPE : 10.285311032904989
R2 Score : 0.8079926089829575
time : 2090.0355159840547
