383.8378601074219  409.0
502.6697998046875  490.0
576.53662109375  527.0
522.99560546875  401.0
523.5691528320312  523.0
560.2728881835938  552.0
321.343017578125  343.0
323.5255126953125  331.0
547.6946411132812  527.0
550.7446899414062  616.0
548.558349609375  549.0
635.1980590820312  593.0
590.3837280273438  573.0
377.4232482910156  363.0
339.5041198730469  360.0
365.26971435546875  413.0
401.786865234375  409.0
222.08001708984375  197.0
520.7003173828125  493.0
628.4171752929688  500.0
224.06130981445312  228.0
472.8976135253906  458.0
500.94183349609375  419.0
377.4394226074219  395.0
248.70309448242188  219.0
482.9429016113281  507.0
440.7303161621094  273.0
317.1201477050781  330.0
250.59130859375  259.0
695.0906372070312  595.0
245.78970336914062  358.0
249.83456420898438  213.0
371.57366943359375  373.0
316.814208984375  330.0
642.88525390625  547.0
626.7169189453125  649.0
573.9273071289062  560.0
545.9024047851562  554.0
521.4869384765625  519.0
441.66668701171875  440.0
541.011962890625  411.0
440.5868835449219  393.0
605.9075927734375  621.0
497.1336975097656  505.0
252.3101348876953  253.0
555.4317626953125  563.0
568.5260620117188  565.0
529.068359375  513.0
526.0892333984375  539.0
489.3497619628906  481.0
751.702392578125  643.0
649.939697265625  623.0
211.84902954101562  195.0
545.2367553710938  536.0
328.2568054199219  304.0
527.8162841796875  503.0
324.4786376953125  315.0
216.95623779296875  192.0
555.8717041015625  551.0
372.57562255859375  256.0
392.1681823730469  433.0
451.50628662109375  475.0
570.425048828125  562.0
404.5394592285156  384.0
560.8896484375  533.0
320.5407409667969  279.0
745.0364990234375  563.0
470.37811279296875  478.0
321.2394714355469  278.0
580.45556640625  624.0
414.2080993652344  397.0
572.4607543945312  541.0
333.34063720703125  313.0
300.07183837890625  281.0
569.1732177734375  567.0
231.441162109375  216.0
409.702880859375  386.0
487.98016357421875  493.0
509.4660949707031  497.0
429.740478515625  473.0
521.7908935546875  508.0
488.24871826171875  549.0
535.6990966796875  577.0
342.07623291015625  363.0
582.23291015625  577.0
539.2823486328125  492.0
364.2092590332031  418.0
404.28118896484375  403.0
410.3597717285156  344.0
494.0435791015625  474.0
584.1273803710938  773.0
263.9285888671875  302.0
399.4660339355469  311.0
609.5918579101562  630.0
542.8645629882812  549.0
373.1119079589844  374.0
343.19134521484375  410.0
558.6033935546875  580.0
547.3407592773438  561.0
518.0478515625  528.0
MSE : 2796.906333115448
MAPE : 8.42061531063194
R2 Score : 0.8216018549898119
time : 4065.288841838017
