473.0194091796875  481.0
561.391357421875  533.0
570.3094482421875  549.0
523.4414672851562  520.0
503.395751953125  503.0
564.103515625  599.0
395.7286682128906  393.0
484.7474365234375  520.0
304.5041809082031  283.0
329.6454162597656  327.0
237.49879455566406  221.0
360.8322448730469  345.0
522.6250610351562  411.0
557.9010620117188  562.0
338.5680236816406  300.0
222.01544189453125  273.0
363.8258972167969  298.0
381.320556640625  363.0
248.07830810546875  330.0
545.766357421875  533.0
326.0473327636719  319.0
510.61431884765625  526.0
195.9071502685547  188.0
399.0151672363281  406.0
430.95458984375  432.0
369.3759765625  376.0
360.8322448730469  324.0
532.2534790039062  551.0
579.8482055664062  575.0
396.7712707519531  318.0
296.7858581542969  350.0
484.1527404785156  440.0
227.5035400390625  243.0
359.4333801269531  417.0
475.04766845703125  490.0
399.966064453125  407.0
463.4729309082031  459.0
600.668212890625  563.0
519.2586669921875  518.0
376.8345031738281  378.0
385.199951171875  387.0
411.83258056640625  423.0
524.3021850585938  528.0
303.97393798828125  266.0
192.00283813476562  207.0
403.7047424316406  444.0
261.89727783203125  315.0
366.7896423339844  374.0
280.7425842285156  331.0
550.251953125  568.0
473.7060241699219  507.0
393.09857177734375  333.0
548.1032104492188  545.0
489.3577880859375  475.0
401.26959228515625  355.0
530.0193481445312  512.0
232.93849182128906  223.0
387.4411315917969  387.0
477.21368408203125  488.0
433.9500427246094  419.0
469.66943359375  444.0
252.0012664794922  251.0
531.642822265625  550.0
272.00189208984375  253.0
379.9879455566406  256.0
512.7760009765625  508.0
545.376953125  563.0
485.01263427734375  482.0
193.48887634277344  331.0
595.17626953125  493.0
528.9117431640625  544.0
549.7757568359375  513.0
360.4377746582031  330.0
488.2297668457031  521.0
559.6017456054688  621.0
562.9637451171875  519.0
250.12071228027344  268.0
502.032470703125  539.0
314.0884094238281  316.0
433.7424621582031  430.0
507.73828125  502.0
303.17626953125  223.0
483.96923828125  486.0
382.33502197265625  348.0
387.5738220214844  396.0
358.38714599609375  328.0
367.07257080078125  413.0
740.00146484375  669.0
358.9104309082031  397.0
375.9940490722656  385.0
603.8937377929688  545.0
473.36151123046875  503.0
220.95155334472656  272.0
565.1759643554688  590.0
546.0592041015625  545.0
MSE : 1585.4575557430298
MAPE : 7.591260903739931
R2 Score : 0.8738458162883475
time : 2361.301383930957
