190.16900634765625  241.0
214.16583251953125  191.0
627.4609985351562  763.0
291.85015869140625  425.0
201.45913696289062  213.0
503.3979187011719  499.0
580.2979736328125  653.0
571.87939453125  565.0
448.87481689453125  440.0
508.4548645019531  515.0
552.5028076171875  534.0
576.6687622070312  569.0
620.79736328125  618.0
492.9420166015625  503.0
559.3704223632812  584.0
492.0877990722656  533.0
364.125244140625  409.0
568.8318481445312  545.0
278.0447692871094  330.0
516.3948364257812  539.0
543.7969360351562  538.0
622.9207153320312  550.0
491.7765808105469  499.0
364.2025146484375  398.0
563.2886962890625  584.0
374.4074401855469  378.0
376.1758117675781  187.0
191.45181274414062  192.0
307.1120300292969  355.0
496.1147766113281  493.0
523.00341796875  555.0
355.74755859375  384.0
254.25491333007812  243.0
479.63446044921875  512.0
545.5394287109375  556.0
557.2124633789062  593.0
580.2730712890625  557.0
311.7799987792969  344.0
539.5374145507812  527.0
287.2348327636719  281.0
525.9482421875  508.0
216.13592529296875  211.0
517.339599609375  549.0
544.7595825195312  492.0
573.0865478515625  577.0
315.33392333984375  360.0
569.096435546875  589.0
213.82315063476562  233.0
485.13720703125  484.0
598.9225463867188  569.0
320.943359375  380.0
324.6375732421875  376.0
192.16748046875  197.0
366.71417236328125  475.0
475.19952392578125  459.0
411.12396240234375  311.0
523.4783325195312  541.0
387.3619689941406  420.0
338.9412536621094  392.0
570.12841796875  550.0
225.49066162109375  206.0
396.5924987792969  411.0
511.9832458496094  497.0
569.2102661132812  557.0
236.76080322265625  251.0
337.16009521484375  325.0
354.1868591308594  362.0
576.7146606445312  626.0
233.897705078125  293.0
474.9232482910156  401.0
418.5104064941406  423.0
192.61312866210938  194.0
261.9012145996094  308.0
506.7576904296875  523.0
511.04376220703125  545.0
236.85293579101562  239.0
490.9282531738281  419.0
262.52960205078125  270.0
252.03677368164062  319.0
498.31689453125  273.0
350.00482177734375  417.0
314.9070739746094  378.0
665.0094604492188  658.0
264.6812744140625  366.0
578.8773803710938  618.0
484.2528076171875  501.0
416.575439453125  363.0
556.8818359375  551.0
252.83853149414062  253.0
286.72369384765625  318.0
387.8868713378906  331.0
513.5242309570312  535.0
493.5063781738281  508.0
488.04241943359375  478.0
586.7348022460938  503.0
193.47021484375  204.0
419.59881591796875  545.0
593.8817749023438  566.0
507.35430908203125  449.0
615.4913330078125  547.0
MSE : 2822.2734732675085
MAPE : 9.491795726326098
R2 Score : 0.8397081238696061
time : 2285.289080403978
