539.3237915039062  763.0
521.890869140625  773.0
559.4094848632812  584.0
581.9817504882812  584.0
423.74749755859375  423.0
536.024169921875  533.0
356.2178955078125  300.0
522.5279541015625  531.0
517.0326538085938  458.0
245.6255645751953  269.0
532.8668212890625  522.0
574.4310913085938  517.0
370.7077941894531  409.0
371.5439147949219  385.0
499.2310485839844  519.0
586.582763671875  557.0
572.6448974609375  541.0
521.7530517578125  557.0
543.2758178710938  545.0
356.8056945800781  433.0
258.7331848144531  310.0
385.62677001953125  392.0
522.42578125  488.0
354.5403747558594  265.0
305.44879150390625  324.0
540.1121215820312  563.0
219.61483764648438  196.0
534.5499267578125  527.0
208.52911376953125  213.0
529.8742065429688  520.0
358.1076354980469  370.0
367.3670349121094  330.0
523.86669921875  589.0
368.5338134765625  373.0
230.64447021484375  220.0
226.2912139892578  253.0
569.954833984375  581.0
349.2168273925781  359.0
392.3215026855469  393.0
517.267578125  535.0
224.07321166992188  266.0
523.5641479492188  470.0
413.3832702636719  191.0
525.4122924804688  503.0
558.74365234375  618.0
229.9239959716797  233.0
489.5758972167969  498.0
251.38804626464844  253.0
523.450439453125  529.0
524.9344482421875  474.0
521.3684692382812  494.0
351.767333984375  333.0
264.4891357421875  315.0
231.81846618652344  243.0
547.5880126953125  545.0
575.0385131835938  581.0
522.5155029296875  501.0
537.024169921875  599.0
518.0311889648438  509.0
527.4519653320312  478.0
524.3719482421875  581.0
339.5831604003906  345.0
539.72265625  538.0
269.65716552734375  239.0
535.8671264648438  630.0
584.31298828125  583.0
522.6203002929688  530.0
581.9597778320312  604.0
528.9639892578125  530.0
452.16064453125  419.0
210.29087829589844  130.0
347.9413757324219  420.0
586.6561889648438  653.0
215.76502990722656  197.0
206.63792419433594  190.0
215.40357971191406  192.0
218.4772186279297  203.0
336.2206115722656  308.0
226.32606506347656  211.0
530.8025512695312  565.0
539.2659301757812  449.0
525.1558837890625  525.0
533.3649291992188  551.0
349.632080078125  368.0
284.9834289550781  324.0
502.0018615722656  500.0
227.32015991210938  217.0
588.9852294921875  685.0
430.5905456542969  374.0
437.3841552734375  393.0
525.4630126953125  539.0
555.312744140625  643.0
320.1319274902344  241.0
527.0487670898438  482.0
550.7506103515625  606.0
589.1270141601562  618.0
434.20208740234375  395.0
MSE : 3177.140953383963
MAPE : 9.427291601892984
R2 Score : 0.8515823330219795
time : 513.9472652080003
