412.3365478515625  407.0
418.8188781738281  411.0
521.0521240234375  497.0
589.2930297851562  539.0
512.221923828125  521.0
588.1200561523438  520.0
528.6771240234375  545.0
337.56292724609375  313.0
577.9793090820312  604.0
590.9632568359375  560.0
572.3809204101562  493.0
448.1474304199219  503.0
476.8177795410156  475.0
500.514892578125  500.0
331.3037414550781  348.0
416.1530456542969  419.0
231.92823791503906  241.0
281.2489013671875  213.0
369.29266357421875  348.0
519.44091796875  578.0
527.3046264648438  542.0
544.53564453125  563.0
489.4093017578125  492.0
528.8030395507812  531.0
459.3079528808594  444.0
363.62677001953125  358.0
486.5101318359375  425.0
274.27001953125  433.0
278.4294738769531  205.0
559.7137451171875  584.0
590.7403564453125  584.0
557.288330078125  615.0
159.4967803955078  330.0
393.2189025878906  384.0
465.496826171875  493.0
404.5286560058594  331.0
568.6185302734375  559.0
577.699951171875  537.0
378.1755676269531  393.0
349.4539489746094  397.0
436.2364196777344  498.0
545.9652709960938  528.0
532.6822509765625  479.0
332.6378479003906  355.0
306.6401672363281  281.0
347.9040832519531  401.0
504.6249694824219  484.0
251.43121337890625  239.0
389.3828430175781  419.0
330.0161437988281  378.0
297.0808410644531  265.0
558.64306640625  552.0
587.8489990234375  508.0
299.6543273925781  233.0
586.1837158203125  595.0
591.0458374023438  618.0
225.98739624023438  223.0
558.4155883789062  470.0
280.2532958984375  310.0
385.65081787109375  324.0
493.7255554199219  563.0
558.5745849609375  523.0
298.5738830566406  173.0
407.6828918457031  411.0
559.202880859375  633.0
579.8999633789062  616.0
589.9761352539062  678.0
591.0792236328125  590.0
217.34375  213.0
588.45263671875  579.0
577.558837890625  566.0
496.8490905761719  467.0
311.8877868652344  293.0
514.875732421875  494.0
363.8553771972656  344.0
305.0575866699219  323.0
590.2154541015625  568.0
474.49212646484375  581.0
590.8263549804688  669.0
590.9696044921875  557.0
301.0646057128906  348.0
531.3634033203125  411.0
585.130615234375  630.0
590.6824951171875  593.0
535.2718505859375  508.0
590.1427612304688  561.0
563.9246215820312  551.0
272.2481689453125  219.0
535.9280395507812  495.0
367.3200988769531  191.0
590.65625  567.0
403.9978942871094  415.0
286.2623291015625  283.0
499.20074462890625  526.0
516.802978515625  459.0
591.0082397460938  765.0
396.5541687011719  353.0
264.8083190917969  253.0
343.18133544921875  308.0
416.0775451660156  366.0
MSE : 3022.8784936354728
MAPE : 10.314624810379218
R2 Score : 0.8205401415278949
time : 659.399474348058
