601.6531372070312  763.0
575.4949951171875  773.0
576.1927490234375  584.0
547.333984375  584.0
434.1500549316406  423.0
505.5433044433594  533.0
309.9794006347656  300.0
544.5355224609375  531.0
509.2630310058594  458.0
286.84912109375  269.0
526.3594360351562  522.0
554.6276245117188  517.0
345.3607482910156  409.0
406.9752502441406  385.0
505.99041748046875  519.0
555.3070678710938  557.0
527.2671508789062  541.0
499.59222412109375  557.0
501.60076904296875  545.0
381.1901550292969  433.0
316.8263854980469  310.0
365.7491760253906  392.0
513.7482299804688  488.0
318.0290832519531  265.0
332.3002624511719  324.0
489.4855651855469  563.0
215.51834106445312  196.0
541.5136108398438  527.0
173.9461669921875  213.0
497.8361511230469  520.0
390.8901062011719  370.0
343.2386169433594  330.0
570.2849731445312  589.0
406.8263854980469  373.0
267.6885070800781  220.0
218.36679077148438  253.0
545.7506103515625  581.0
364.6018981933594  359.0
361.8639831542969  393.0
585.3623657226562  535.0
220.61956787109375  266.0
479.02197265625  470.0
212.90081787109375  191.0
497.27978515625  503.0
533.44677734375  618.0
247.61880493164062  233.0
476.1413269042969  498.0
263.8929748535156  253.0
536.6983032226562  529.0
494.6863708496094  474.0
484.57281494140625  494.0
254.11376953125  333.0
320.2221374511719  315.0
205.9690399169922  243.0
539.1793212890625  545.0
543.6790161132812  581.0
497.53851318359375  501.0
486.1529235839844  599.0
501.1444091796875  509.0
498.94000244140625  478.0
537.9893798828125  581.0
335.4862976074219  345.0
545.6260375976562  538.0
248.9128875732422  239.0
548.8089599609375  630.0
596.8391723632812  583.0
582.1806640625  530.0
563.681640625  604.0
533.7483520507812  530.0
425.4473571777344  419.0
149.9102020263672  130.0
378.7043151855469  420.0
597.3597412109375  653.0
183.59689331054688  197.0
189.25164794921875  190.0
216.4813232421875  192.0
196.99081420898438  203.0
328.7066955566406  308.0
195.09457397460938  211.0
569.1358642578125  565.0
505.74847412109375  449.0
523.8938598632812  525.0
520.2669067382812  551.0
370.9424133300781  368.0
327.8968811035156  324.0
501.30194091796875  500.0
200.178955078125  217.0
589.3296508789062  685.0
377.2372741699219  374.0
410.10882568359375  393.0
509.0985107421875  539.0
703.8368530273438  643.0
321.8443298339844  241.0
497.77716064453125  482.0
544.3784790039062  606.0
552.1432495117188  618.0
378.2762451171875  395.0
MSE : 2006.2052580445463
MAPE : 7.272654721355077
R2 Score : 0.9062816827308622
time : 1985.896909572999
