646.4677734375  763.0
586.9036865234375  773.0
525.2366333007812  584.0
532.2841796875  584.0
417.8410949707031  423.0
501.3686218261719  533.0
256.8251037597656  300.0
548.5015869140625  531.0
435.9032287597656  458.0
299.7987060546875  269.0
527.5647583007812  522.0
547.1359252929688  517.0
356.76531982421875  409.0
412.806884765625  385.0
505.0074157714844  519.0
579.230224609375  557.0
561.8702392578125  541.0
553.1927490234375  557.0
551.4859008789062  545.0
392.42205810546875  433.0
299.868896484375  310.0
363.3676452636719  392.0
509.3711853027344  488.0
312.5190124511719  265.0
327.4471435546875  324.0
405.4139099121094  563.0
210.63134765625  196.0
513.740478515625  527.0
168.21290588378906  213.0
485.7749938964844  520.0
403.8548889160156  370.0
336.08660888671875  330.0
562.4915161132812  589.0
416.9898986816406  373.0
224.95932006835938  220.0
225.47915649414062  253.0
543.9500732421875  581.0
350.19268798828125  359.0
399.2671203613281  393.0
624.8250732421875  535.0
246.84228515625  266.0
503.88385009765625  470.0
391.02996826171875  191.0
505.94586181640625  503.0
524.2919311523438  618.0
211.40455627441406  233.0
465.89471435546875  498.0
254.22360229492188  253.0
528.5039672851562  529.0
474.5740661621094  474.0
469.9132995605469  494.0
307.3517150878906  333.0
307.63189697265625  315.0
212.89215087890625  243.0
549.3858032226562  545.0
568.9190063476562  581.0
500.5707702636719  501.0
547.2984619140625  599.0
518.825927734375  509.0
504.97686767578125  478.0
561.0554809570312  581.0
320.95660400390625  345.0
587.9082641601562  538.0
286.9763488769531  239.0
569.0078735351562  630.0
624.48876953125  583.0
632.9220581054688  530.0
616.17822265625  604.0
516.1763916015625  530.0
420.1278076171875  419.0
200.61622619628906  130.0
358.6066589355469  420.0
604.827880859375  653.0
219.7666473388672  197.0
189.82655334472656  190.0
186.1336669921875  192.0
214.7035369873047  203.0
324.107666015625  308.0
211.54275512695312  211.0
575.1803588867188  565.0
454.3279113769531  449.0
548.5493774414062  525.0
536.595703125  551.0
369.33233642578125  368.0
322.22314453125  324.0
508.6912536621094  500.0
213.20504760742188  217.0
679.8179931640625  685.0
371.17431640625  374.0
369.2681884765625  393.0
495.6776123046875  539.0
655.9816284179688  643.0
325.7294616699219  241.0
499.00848388671875  482.0
575.0652465820312  606.0
566.6842041015625  618.0
381.00421142578125  395.0
MSE : 2259.6662384131873
MAPE : 8.081134253000474
R2 Score : 0.8944414502928872
time : 4571.446020251024
