601.7885131835938  763.0
517.541259765625  773.0
600.1718139648438  584.0
555.2273559570312  584.0
467.2474060058594  423.0
552.4608764648438  533.0
306.6854248046875  300.0
516.6589965820312  531.0
517.4536743164062  458.0
253.32052612304688  269.0
561.2942504882812  522.0
552.7059936523438  517.0
366.0716247558594  409.0
393.1354675292969  385.0
530.9518432617188  519.0
598.5233764648438  557.0
592.4846801757812  541.0
515.9196166992188  557.0
591.5521850585938  545.0
369.5386047363281  433.0
114.07868194580078  310.0
342.8194885253906  392.0
515.5438842773438  488.0
397.3108215332031  265.0
288.9988098144531  324.0
571.1826171875  563.0
259.6448059082031  196.0
520.4566040039062  527.0
251.74964904785156  213.0
517.9995727539062  520.0
340.8708801269531  370.0
47.374046325683594  330.0
519.5941772460938  589.0
403.5562438964844  373.0
286.2738342285156  220.0
251.9521942138672  253.0
529.9315185546875  581.0
400.7707824707031  359.0
356.3259582519531  393.0
516.9059448242188  535.0
294.31024169921875  266.0
516.1195068359375  470.0
319.0342712402344  191.0
389.0964050292969  503.0
515.0292358398438  618.0
308.6478271484375  233.0
427.9511413574219  498.0
252.8695526123047  253.0
519.8519897460938  529.0
522.291259765625  474.0
515.6689453125  494.0
326.2602233886719  333.0
187.8256378173828  315.0
108.457275390625  243.0
534.028076171875  545.0
534.7621459960938  581.0
516.60009765625  501.0
519.5651245117188  599.0
535.7626342773438  509.0
533.9454345703125  478.0
527.1495361328125  581.0
384.646240234375  345.0
605.5681762695312  538.0
209.9219512939453  239.0
554.1746215820312  630.0
545.1232299804688  583.0
517.5966796875  530.0
531.1768188476562  604.0
517.2322387695312  530.0
393.4648742675781  419.0
329.1276550292969  130.0
429.8894348144531  420.0
583.6002197265625  653.0
271.0475769042969  197.0
309.8409729003906  190.0
241.8149871826172  192.0
245.20196533203125  203.0
372.8304748535156  308.0
342.0844421386719  211.0
517.9777221679688  565.0
583.9932250976562  449.0
518.411865234375  525.0
588.8837890625  551.0
428.7558288574219  368.0
278.91162109375  324.0
517.0638427734375  500.0
2.6935834884643555  217.0
483.2617492675781  685.0
456.0268249511719  374.0
407.8650207519531  393.0
516.6577758789062  539.0
599.9313354492188  643.0
271.1557922363281  241.0
532.2836303710938  482.0
599.8384399414062  606.0
603.9546508789062  618.0
427.8955993652344  395.0
MSE : 6433.918403472886
MAPE : 16.945780138634163
R2 Score : 0.6994445090787276
time : 465.91106794506777
