562.4664306640625  493.0
425.3061828613281  315.0
261.55859375  228.0
560.91845703125  633.0
242.73533630371094  195.0
326.67913818359375  228.0
528.4488525390625  536.0
522.5209350585938  545.0
493.56781005859375  520.0
287.1634521484375  272.0
295.5867919921875  324.0
597.211181640625  584.0
578.264892578125  554.0
411.11309814453125  330.0
382.6397705078125  393.0
404.17755126953125  425.0
341.8511047363281  278.0
572.7733764648438  773.0
421.1714782714844  401.0
596.4016723632812  763.0
283.216064453125  209.0
567.8469848632812  537.0
314.9729919433594  388.0
326.2554626464844  324.0
304.5848083496094  203.0
529.0003662109375  535.0
445.9476623535156  325.0
357.82403564453125  363.0
596.6546020507812  587.0
540.9238891601562  550.0
483.0850524902344  481.0
541.8602294921875  555.0
333.45660400390625  187.0
255.59580993652344  249.0
355.8888854980469  348.0
446.8670959472656  475.0
389.23370361328125  475.0
296.7445068359375  397.0
345.2959899902344  409.0
527.5061645507812  509.0
328.7235412597656  196.0
499.2337646484375  525.0
534.80419921875  517.0
632.1502075195312  557.0
565.1390991210938  534.0
426.471923828125  279.0
290.8913269042969  398.0
438.3580627441406  473.0
361.5475769042969  374.0
485.5079040527344  522.0
374.7836608886719  410.0
495.5868835449219  531.0
595.9815673828125  613.0
389.0682067871094  308.0
465.5323181152344  527.0
650.4569091796875  517.0
570.1394653320312  618.0
351.2788391113281  392.0
478.0325012207031  507.0
256.298095703125  373.0
393.0620422363281  374.0
404.13214111328125  293.0
346.9211730957031  363.0
473.5276184082031  421.0
335.7400817871094  241.0
498.7480773925781  521.0
299.5431213378906  331.0
298.4791259765625  197.0
548.0723266601562  581.0
494.2901306152344  508.0
455.9343566894531  459.0
362.5591125488281  415.0
440.0495300292969  366.0
548.5903930664062  538.0
592.4248657226562  765.0
406.0320739746094  344.0
244.3444366455078  302.0
340.8647155761719  378.0
351.7865905761719  295.0
578.439453125  563.0
346.44439697265625  373.0
392.8518371582031  393.0
655.742919921875  520.0
655.084228515625  565.0
246.3162384033203  270.0
500.4061584472656  632.0
396.9078063964844  440.0
569.8636474609375  569.0
438.02044677734375  419.0
364.82647705078125  419.0
476.26708984375  472.0
566.0345458984375  573.0
380.4536437988281  360.0
568.5538940429688  561.0
250.55210876464844  194.0
556.1950073242188  491.0
362.5854797363281  320.0
552.596435546875  552.0
382.4100036621094  379.0
MSE : 4622.614536384838
MAPE : 14.06620438912888
R2 Score : 0.7381893375673176
time : 1405.3850410230225
