530.000732421875  533.0
586.5863037109375  552.0
498.4965515136719  530.0
491.3340148925781  500.0
505.5984802246094  522.0
369.6231384277344  384.0
526.0072631835938  569.0
561.5040283203125  765.0
305.00543212890625  239.0
308.41339111328125  251.0
507.00537109375  538.0
377.77691650390625  387.0
502.08673095703125  529.0
354.3055725097656  344.0
491.4490051269531  512.0
416.2104797363281  420.0
562.567138671875  587.0
187.44400024414062  203.0
551.0955200195312  551.0
369.0323181152344  389.0
379.5814514160156  411.0
249.3016357421875  217.0
373.8652038574219  394.0
569.0847778320312  538.0
575.6438598632812  573.0
515.2933959960938  517.0
546.7555541992188  600.0
509.2100524902344  577.0
504.4447021484375  503.0
553.3291015625  562.0
288.6196594238281  195.0
500.4246826171875  554.0
567.2723999023438  566.0
512.4537963867188  560.0
280.7737731933594  278.0
579.2936401367188  653.0
551.2138061523438  552.0
303.5231628417969  304.0
379.3871154785156  363.0
293.0054931640625  207.0
374.94317626953125  482.0
554.328369140625  545.0
566.9929809570312  568.0
315.66986083984375  409.0
506.4125671386719  584.0
497.33099365234375  493.0
234.35855102539062  203.0
508.5226745605469  508.0
218.01670837402344  216.0
341.3191833496094  199.0
594.7916870117188  649.0
218.42672729492188  195.0
335.9774475097656  343.0
318.6811828613281  433.0
545.4609985351562  551.0
510.4734802246094  534.0
585.8865356445312  583.0
565.2459106445312  535.0
597.6904907226562  624.0
596.8666381835938  604.0
555.951171875  548.0
522.2938842773438  503.0
343.5606994628906  373.0
522.6507568359375  592.0
361.365478515625  330.0
507.8385314941406  505.0
507.9597473144531  532.0
584.4419555664062  547.0
491.75390625  481.0
453.6259460449219  401.0
315.39599609375  249.0
426.0404968261719  388.0
559.1614379882812  549.0
500.7398376464844  474.0
348.5715026855469  359.0
371.2648010253906  378.0
290.9543151855469  253.0
571.6629028320312  550.0
493.1048278808594  473.0
364.0340270996094  353.0
361.8569030761719  378.0
436.6246337890625  595.0
512.206298828125  530.0
378.1742858886719  396.0
495.76123046875  459.0
347.3016357421875  378.0
504.57769775390625  563.0
316.7808837890625  424.0
220.35247802734375  223.0
596.7738647460938  621.0
238.3650360107422  221.0
377.42755126953125  392.0
591.3482055664062  669.0
353.2565612792969  360.0
506.057373046875  525.0
503.7264099121094  500.0
508.3360900878906  526.0
544.9193725585938  560.0
493.56866455078125  484.0
534.5584716796875  542.0
MSE : 2341.861188320541
MAPE : 8.11809716150463
R2 Score : 0.8613442024417584
time : 900.5595661801053
