556.962890625  603.0
529.4447021484375  517.0
455.11907958984375  548.0
521.567626953125  531.0
496.1046142578125  580.0
514.13427734375  565.0
330.4249267578125  379.0
508.9588928222656  606.0
608.24951171875  604.0
193.6586456298828  216.0
324.54278564453125  425.0
612.2021484375  668.0
529.740234375  508.0
305.773193359375  387.0
348.3170166015625  366.0
443.32421875  419.0
463.64752197265625  458.0
610.9193115234375  658.0
203.0109100341797  203.0
373.3556823730469  392.0
550.173828125  583.0
338.8947448730469  267.0
251.28460693359375  228.0
309.1824645996094  410.0
597.581298828125  606.0
515.3509521484375  515.0
527.869384765625  527.0
509.061767578125  545.0
229.3687744140625  233.0
357.6720886230469  363.0
535.9871826171875  539.0
316.166259765625  380.0
597.690185546875  632.0
247.8264923095703  251.0
240.4205780029297  223.0
376.4329528808594  430.0
444.6976318359375  449.0
608.8819580078125  765.0
501.20263671875  474.0
548.8297119140625  554.0
287.9349060058594  253.0
566.3453369140625  501.0
318.9664001464844  347.0
186.1837158203125  209.0
525.4737548828125  549.0
202.78807067871094  272.0
202.71841430664062  190.0
516.390625  484.0
542.784423828125  568.0
223.0738067626953  272.0
579.1556396484375  560.0
265.216796875  301.0
317.8323669433594  330.0
235.32000732421875  203.0
513.58642578125  536.0
518.8076171875  503.0
625.1495361328125  550.0
368.2841491699219  318.0
438.001953125  415.0
273.46710205078125  319.0
370.1547546386719  397.0
397.0606384277344  406.0
573.7991943359375  563.0
617.1490478515625  579.0
191.8255615234375  221.0
538.468017578125  523.0
592.535888671875  552.0
347.8006286621094  376.0
442.8276062011719  457.0
509.3756408691406  503.0
516.9478759765625  505.0
229.4579315185547  348.0
656.7547607421875  669.0
337.63836669921875  315.0
211.04144287109375  333.0
360.34820556640625  393.0
577.917236328125  577.0
354.00030517578125  360.0
541.1168212890625  517.0
363.2904052734375  393.0
337.9801025390625  279.0
571.3126220703125  603.0
281.75384521484375  249.0
574.2904052734375  488.0
539.494873046875  541.0
180.83778381347656  188.0
596.781494140625  673.0
153.9099578857422  213.0
537.812255859375  529.0
605.022216796875  574.0
193.4248809814453  197.0
385.6614074707031  377.0
600.0015869140625  562.0
517.784912109375  509.0
545.1458740234375  502.0
523.7828369140625  522.0
318.8745422363281  349.0
454.8380126953125  363.0
616.720947265625  569.0
MSE : 2185.1244102087708
MAPE : 8.642663576117544
R2 Score : 0.8853384115683511
time : 4430.505842634011
