281.84130859375  225.0
505.2785339355469  569.0
544.4600830078125  545.0
504.1504211425781  481.0
212.29103088378906  206.0
601.1012573242188  678.0
631.2673950195312  653.0
492.8025817871094  490.0
195.41258239746094  213.0
343.40765380859375  320.0
505.4621276855469  488.0
262.8279724121094  270.0
227.17457580566406  302.0
370.3040771484375  378.0
524.5361328125  568.0
492.0701599121094  520.0
647.817626953125  560.0
587.887451171875  580.0
301.6447448730469  315.0
390.9692687988281  420.0
392.8201904296875  444.0
411.1226806640625  410.0
625.0732421875  773.0
473.3695068359375  482.0
301.7809143066406  410.0
221.35235595703125  223.0
501.8399353027344  508.0
600.9310302734375  668.0
327.1562194824219  241.0
487.0009460449219  481.0
577.4713134765625  550.0
557.1016235351562  580.0
388.9656066894531  359.0
530.853271484375  587.0
362.7747497558594  256.0
253.3145294189453  207.0
232.6073760986328  217.0
458.8251647949219  600.0
245.30747985839844  152.0
406.2947692871094  407.0
609.826416015625  618.0
539.42822265625  619.0
323.3572692871094  388.0
221.24209594726562  233.0
397.4007873535156  548.0
356.33782958984375  353.0
508.660400390625  650.0
376.6459045410156  413.0
368.8960876464844  415.0
361.8492736816406  409.0
534.4146728515625  494.0
560.4585571289062  562.0
504.4460754394531  584.0
640.8753662109375  603.0
487.0346984863281  542.0
543.3094482421875  579.0
640.0650024414062  649.0
390.090576171875  363.0
506.2029113769531  508.0
515.8569946289062  512.0
367.7320251464844  409.0
492.1792907714844  521.0
496.63580322265625  520.0
385.6874084472656  349.0
612.6490478515625  590.0
387.8631896972656  191.0
349.3215026855469  378.0
308.1459655761719  324.0
582.1947021484375  580.0
506.8548889160156  530.0
351.0488586425781  397.0
317.6631774902344  301.0
206.00685119628906  204.0
504.34710693359375  472.0
241.50994873046875  272.0
312.3080139160156  379.0
580.6092529296875  658.0
530.7605590820312  590.0
393.5733947753906  267.0
597.4669189453125  569.0
216.3685760498047  173.0
331.18389892578125  380.0
535.115966796875  606.0
308.9775085449219  315.0
336.2684326171875  425.0
509.0508117675781  531.0
507.2430725097656  526.0
529.5278930664062  564.0
512.4652099609375  503.0
258.21832275390625  259.0
429.44464111328125  457.0
595.1992797851562  574.0
386.9721374511719  417.0
324.5084533691406  327.0
516.3189697265625  508.0
397.1298522949219  416.0
550.2176513671875  592.0
MSE : 3157.441859348437
MAPE : 10.463746887220532
R2 Score : 0.8422566902197828
time : 2149.126370112004
