432.742431640625  407.0
432.7676696777344  411.0
515.3302001953125  497.0
538.9008178710938  539.0
529.4805908203125  521.0
536.9811401367188  520.0
537.3264770507812  545.0
332.5716857910156  313.0
546.9083862304688  604.0
541.355224609375  560.0
511.60418701171875  493.0
320.2123718261719  503.0
475.63525390625  475.0
486.0421447753906  500.0
365.4872131347656  348.0
430.7245178222656  419.0
321.5307312011719  241.0
204.5520477294922  213.0
339.45208740234375  348.0
605.4236450195312  578.0
535.2353515625  542.0
543.0780029296875  563.0
464.67242431640625  492.0
537.282958984375  531.0
456.7731018066406  444.0
435.6600036621094  358.0
362.6634216308594  425.0
393.989501953125  433.0
236.4593963623047  205.0
563.8088989257812  584.0
572.544677734375  584.0
591.906982421875  615.0
334.8859558105469  330.0
379.82464599609375  384.0
464.08734130859375  493.0
196.56629943847656  331.0
564.6317749023438  559.0
537.8289794921875  537.0
385.475830078125  393.0
328.02777099609375  397.0
338.95477294921875  498.0
532.03857421875  528.0
500.5264587402344  479.0
367.9002685546875  355.0
326.0916748046875  281.0
401.9807434082031  401.0
491.8085021972656  484.0
257.73858642578125  239.0
420.5021667480469  419.0
367.1368408203125  378.0
279.7863464355469  265.0
552.5659790039062  552.0
522.0585327148438  508.0
341.47491455078125  233.0
740.4548950195312  595.0
632.8936767578125  618.0
188.18812561035156  223.0
485.19964599609375  470.0
316.00537109375  310.0
348.7693176269531  324.0
552.9244995117188  563.0
524.0166625976562  523.0
188.4483184814453  173.0
412.1789245605469  411.0
644.8263549804688  633.0
622.4425659179688  616.0
617.98486328125  678.0
552.3150024414062  590.0
213.53311157226562  213.0
600.5903930664062  579.0
580.7893676757812  566.0
479.4708251953125  467.0
207.9049530029297  293.0
485.65167236328125  494.0
318.526123046875  344.0
245.53282165527344  323.0
557.1261596679688  568.0
568.627685546875  581.0
701.3052368164062  669.0
558.8450927734375  557.0
319.0716247558594  348.0
497.0521545410156  411.0
582.7899780273438  630.0
587.5908203125  593.0
518.6494140625  508.0
547.4447021484375  561.0
543.92724609375  551.0
210.65689086914062  219.0
525.6239624023438  495.0
337.0296936035156  191.0
575.2688598632812  567.0
452.4508361816406  415.0
314.5520935058594  283.0
542.6452026367188  526.0
475.0459289550781  459.0
732.24560546875  765.0
425.2641296386719  353.0
228.3800811767578  253.0
308.762451171875  308.0
389.2273254394531  366.0
MSE : 2157.9814951557664
MAPE : 7.792062348804157
R2 Score : 0.8718866621594429
time : 1647.4502366229426
