259.8875732421875  333.0
552.1980590820312  565.0
199.45382690429688  223.0
409.7799072265625  360.0
552.1271362304688  520.0
359.62786865234375  366.0
552.1942749023438  493.0
552.1940307617188  668.0
552.2686767578125  503.0
379.8294677734375  345.0
403.96234130859375  363.0
260.8681640625  293.0
313.6355895996094  327.0
254.0896453857422  268.0
552.1695556640625  512.0
255.689453125  331.0
552.2022094726562  522.0
222.79214477539062  323.0
552.2545776367188  613.0
552.2092895507812  569.0
551.9098510742188  563.0
228.24794006347656  220.0
551.130126953125  678.0
552.2760620117188  508.0
513.7240600585938  449.0
552.2639770507812  562.0
552.2223510742188  564.0
552.23583984375  522.0
552.1456909179688  499.0
418.34490966796875  420.0
552.279541015625  512.0
236.86990356445312  253.0
552.2505493164062  557.0
460.3201904296875  444.0
552.2225952148438  626.0
552.1585693359375  517.0
202.16787719726562  209.0
342.08648681640625  293.0
385.4372863769531  333.0
552.2332153320312  486.0
227.19371032714844  206.0
552.2369995117188  502.0
229.24728393554688  225.0
387.0732421875  377.0
277.74078369140625  330.0
395.9373474121094  409.0
373.420654296875  298.0
552.0051879882812  531.0
552.1218872070312  589.0
463.425048828125  493.0
552.327392578125  603.0
552.2417602539062  566.0
552.1851806640625  536.0
552.2054443359375  619.0
552.1689453125  616.0
552.2872924804688  579.0
552.2485961914062  545.0
552.2417602539062  573.0
551.8087158203125  550.0
552.187744140625  483.0
552.1442260742188  520.0
552.2145385742188  482.0
552.2459106445312  590.0
279.8578796386719  233.0
399.048095703125  425.0
552.2520751953125  563.0
362.2350158691406  353.0
552.0875244140625  563.0
456.5614929199219  498.0
551.1741943359375  593.0
552.2031860351562  523.0
238.39817810058594  211.0
552.0410766601562  494.0
247.6964874267578  366.0
393.3981018066406  385.0
203.8337860107422  213.0
419.5802001953125  411.0
399.3713073730469  384.0
218.26437377929688  197.0
413.75823974609375  475.0
552.1519775390625  534.0
552.2083129882812  508.0
552.0889282226562  549.0
551.9454345703125  633.0
404.1866760253906  318.0
552.2525024414062  562.0
552.218017578125  538.0
450.67364501953125  401.0
425.66015625  440.0
375.7832946777344  376.0
394.25567626953125  397.0
MSE : 2078.7630734299923
MAPE : 8.402405652385527
R2 Score : 0.8683845449780276
time : 2274.8635674169636
