275.0787353515625  241.0
402.6136779785156  191.0
657.8224487304688  763.0
346.1147766113281  425.0
213.69151306152344  213.0
498.0032653808594  499.0
622.7977905273438  653.0
571.8495483398438  565.0
463.93963623046875  440.0
505.20355224609375  515.0
524.2634887695312  534.0
588.0786743164062  569.0
602.9814453125  569.0
533.5724487304688  503.0
581.1644897460938  584.0
530.3357543945312  533.0
336.4414978027344  409.0
556.8516235351562  545.0
282.5331115722656  330.0
499.2395324707031  539.0
545.8130493164062  538.0
549.5636596679688  550.0
497.1692810058594  499.0
383.3019714355469  398.0
580.5776977539062  584.0
375.29119873046875  378.0
191.03076171875  187.0
209.06192016601562  192.0
321.3323669433594  355.0
495.15966796875  493.0
536.5752563476562  549.0
392.06201171875  384.0
239.0807647705078  243.0
484.2998352050781  512.0
546.3285522460938  556.0
623.9676513671875  593.0
550.001220703125  557.0
351.5547790527344  344.0
523.8746337890625  527.0
325.3259582519531  281.0
542.9905395507812  508.0
223.7040557861328  211.0
495.30670166015625  492.0
540.8718872070312  577.0
254.5698699951172  360.0
556.7726440429688  626.0
235.9688262939453  233.0
498.5828552246094  484.0
397.78570556640625  380.0
365.7072448730469  376.0
212.95263671875  197.0
419.2095642089844  475.0
484.9457702636719  459.0
318.0394592285156  311.0
522.0734252929688  541.0
407.0673522949219  420.0
387.4653015136719  392.0
534.3145141601562  550.0
220.82000732421875  206.0
414.4822082519531  411.0
502.3448791503906  497.0
506.0467529296875  557.0
285.0786437988281  270.0
378.8692626953125  325.0
363.7286376953125  362.0
242.5785369873047  293.0
475.33282470703125  401.0
438.51025390625  423.0
211.54637145996094  194.0
334.0678405761719  308.0
567.8440551757812  523.0
558.4531860351562  545.0
263.1745910644531  239.0
444.3765563964844  419.0
330.9113464355469  319.0
134.12464904785156  273.0
380.2673645019531  417.0
342.64190673828125  378.0
610.0460205078125  658.0
304.5282897949219  366.0
553.0311889648438  618.0
504.78143310546875  501.0
416.3634338378906  363.0
530.8810424804688  551.0
252.31382751464844  253.0
350.7261047363281  318.0
123.14662170410156  331.0
549.5858764648438  535.0
514.4059448242188  508.0
466.0740051269531  478.0
484.9330139160156  503.0
200.5599822998047  204.0
575.0560302734375  545.0
563.9702758789062  566.0
467.2011413574219  449.0
606.2401123046875  547.0
MSE : 2195.1085714005626
MAPE : 7.963715070011624
R2 Score : 0.8726727954931626
time : 4709.286939995014
