577.966552734375  562.0
314.25469970703125  313.0
359.3041076660156  337.0
542.724853515625  566.0
337.1875915527344  298.0
181.87896728515625  192.0
422.2197265625  407.0
365.63568115234375  353.0
340.9938049316406  370.0
371.4132385253906  353.0
554.1190795898438  577.0
271.4042663574219  254.0
529.1036376953125  527.0
518.1010131835938  517.0
549.3950805664062  587.0
513.7752685546875  508.0
319.7868347167969  324.0
571.554931640625  630.0
535.4517211914062  539.0
538.5214233398438  538.0
185.3047637939453  268.0
539.1624145507812  541.0
569.77294921875  633.0
537.0501098632812  555.0
219.67257690429688  223.0
371.8106384277344  314.0
547.8414306640625  590.0
522.614501953125  494.0
383.2348937988281  267.0
175.77420043945312  152.0
380.4691467285156  403.0
276.6828308105469  330.0
505.0429992675781  523.0
544.1961669921875  563.0
533.5491333007812  542.0
528.3148193359375  545.0
500.9830322265625  493.0
559.0511474609375  584.0
571.75146484375  579.0
268.2669982910156  226.0
427.6011047363281  273.0
524.2516479492188  541.0
502.98480224609375  501.0
522.7271728515625  530.0
395.1064758300781  409.0
397.08184814453125  374.0
576.95703125  623.0
204.82659912109375  218.0
507.4311828613281  509.0
383.3309631347656  401.0
397.5417175292969  457.0
516.0740356445312  533.0
312.04229736328125  333.0
523.9403076171875  593.0
571.35693359375  668.0
326.5929870605469  365.0
251.4287567138672  221.0
616.529052734375  616.0
360.310791015625  319.0
181.6669158935547  223.0
393.5700378417969  387.0
262.374267578125  278.0
377.55902099609375  191.0
278.8864440917969  249.0
508.3898010253906  519.0
584.0828247070312  573.0
499.7477722167969  523.0
218.8985137939453  197.0
420.7795104980469  325.0
525.8841552734375  538.0
369.2799987792969  378.0
310.4345703125  316.0
491.0970764160156  488.0
549.67041015625  593.0
599.8480224609375  550.0
174.36367797851562  243.0
511.3752746582031  529.0
546.0512084960938  499.0
531.7679443359375  527.0
509.0464172363281  470.0
534.5067749023438  522.0
341.8688659667969  241.0
312.7782287597656  377.0
547.7936401367188  550.0
564.2405395507812  525.0
188.3273162841797  188.0
220.3397979736328  220.0
342.66278076171875  373.0
339.4132995605469  362.0
174.9726104736328  293.0
542.6461181640625  577.0
407.9911804199219  423.0
585.0422973632812  653.0
434.6200866699219  415.0
507.1442565917969  529.0
485.0307312011719  520.0
205.2935028076172  209.0
364.06085205078125  380.0
518.81689453125  503.0
MSE : 2019.089880475257
MAPE : 8.893562377272946
R2 Score : 0.8916445335392834
time : 641.1429296240676
