551.5594482421875  650.0
393.21484375  433.0
551.2830810546875  522.0
314.8072814941406  304.0
345.4217224121094  424.0
554.3446044921875  557.0
562.312744140625  552.0
527.4224243164062  508.0
517.7335205078125  493.0
529.3656616210938  532.0
424.0024719238281  387.0
530.4038696289062  539.0
596.2862548828125  604.0
306.2619934082031  348.0
544.7838134765625  544.0
389.39459228515625  389.0
411.0274353027344  418.0
541.3440551757812  513.0
369.894287109375  413.0
560.8435668945312  528.0
267.93450927734375  270.0
415.6653747558594  388.0
306.3944396972656  316.0
427.5022277832031  407.0
570.8660888671875  587.0
196.4000701904297  173.0
531.6838989257812  526.0
223.63592529296875  217.0
401.6888732910156  433.0
254.333740234375  366.0
579.939208984375  613.0
558.2722778320312  593.0
239.15289306640625  191.0
611.9008178710938  773.0
535.392822265625  495.0
530.329833984375  508.0
499.1526184082031  500.0
379.9486389160156  393.0
363.2425537109375  425.0
538.1372680664062  512.0
494.8633117675781  475.0
616.9310302734375  673.0
398.61322021484375  353.0
564.28515625  557.0
559.1552734375  535.0
631.3514404296875  595.0
375.1089782714844  318.0
618.3385620117188  763.0
564.620361328125  590.0
582.69970703125  668.0
574.4140014648438  559.0
577.4171142578125  555.0
517.69873046875  474.0
557.9215087890625  560.0
367.9787902832031  333.0
368.5387268066406  373.0
550.147216796875  632.0
482.6338195800781  538.0
618.0106811523438  763.0
569.626953125  565.0
356.6404113769531  330.0
353.53021240234375  348.0
386.9190673828125  409.0
542.769287109375  521.0
523.0429077148438  505.0
218.89910888671875  331.0
373.7541809082031  379.0
284.0408020019531  218.0
563.3896484375  563.0
532.4400024414062  520.0
359.98236083984375  359.0
438.6395568847656  393.0
385.95623779296875  386.0
616.9736328125  616.0
225.04330444335938  233.0
134.22634887695312  273.0
431.7884216308594  415.0
614.0781860351562  618.0
226.5875701904297  213.0
324.8686828613281  330.0
367.1489562988281  362.0
244.6057891845703  207.0
593.2892456054688  577.0
523.553955078125  508.0
513.9373779296875  507.0
566.822265625  672.0
395.14923095703125  384.0
597.2432861328125  607.0
330.8132019042969  279.0
474.1302795410156  493.0
349.5307312011719  377.0
365.8903503417969  345.0
391.3330993652344  363.0
586.073974609375  565.0
521.14990234375  488.0
363.2117004394531  256.0
560.8858642578125  551.0
555.9536743164062  539.0
436.8443908691406  411.0
360.9845886230469  392.0
MSE : 2283.5956469139433
MAPE : 7.736812418012558
R2 Score : 0.8693707592514782
time : 3306.6767156480346
