452.4413146972656  407.0
456.979248046875  411.0
509.19091796875  497.0
597.301513671875  539.0
495.4070739746094  521.0
573.988037109375  520.0
527.5048828125  545.0
370.1771240234375  313.0
588.538330078125  604.0
550.7813110351562  560.0
528.7095947265625  493.0
472.3374328613281  503.0
448.4871520996094  475.0
485.00933837890625  500.0
299.78302001953125  348.0
404.70806884765625  419.0
174.1462860107422  241.0
344.259521484375  213.0
377.10516357421875  348.0
565.0092163085938  578.0
528.629150390625  542.0
537.6857299804688  563.0
482.5613708496094  492.0
436.92047119140625  531.0
518.5742797851562  444.0
354.00006103515625  358.0
378.96331787109375  425.0
279.85028076171875  433.0
243.54283142089844  205.0
544.0255737304688  584.0
588.69970703125  584.0
551.7794189453125  615.0
373.4686584472656  330.0
347.38958740234375  384.0
535.3084106445312  493.0
246.5551300048828  331.0
549.4458618164062  559.0
554.9276733398438  537.0
342.9208984375  393.0
315.35955810546875  397.0
470.73504638671875  498.0
521.4871215820312  528.0
494.07928466796875  479.0
338.01263427734375  355.0
307.52691650390625  281.0
316.5877990722656  401.0
480.1769714355469  484.0
326.08770751953125  239.0
467.70233154296875  419.0
297.776123046875  378.0
277.9974060058594  265.0
542.5285034179688  552.0
572.8245849609375  508.0
300.24664306640625  233.0
477.9192199707031  595.0
581.2877197265625  618.0
198.41551208496094  223.0
500.67132568359375  470.0
295.7718505859375  310.0
324.1668701171875  324.0
497.9566650390625  563.0
533.1474609375  523.0
226.1272735595703  173.0
387.83172607421875  411.0
550.7593994140625  633.0
560.1396484375  616.0
566.324951171875  678.0
569.3097534179688  590.0
226.32093811035156  213.0
577.8919067382812  579.0
547.601806640625  566.0
478.5675048828125  467.0
263.43316650390625  293.0
492.3377380371094  494.0
340.16943359375  344.0
284.93511962890625  323.0
571.8618774414062  568.0
521.8968505859375  581.0
588.1681518554688  669.0
595.7916259765625  557.0
238.5399932861328  348.0
558.4763793945312  411.0
552.7046508789062  630.0
576.4186401367188  593.0
404.6817626953125  508.0
581.5203247070312  561.0
545.1197509765625  551.0
224.52975463867188  219.0
502.36260986328125  495.0
333.62786865234375  191.0
575.2962036132812  567.0
419.9879150390625  415.0
294.6104736328125  283.0
511.3430480957031  526.0
498.7366943359375  459.0
559.9440307617188  765.0
313.9668884277344  353.0
224.34608459472656  253.0
334.61273193359375  308.0
402.0111389160156  366.0
MSE : 3296.286637476841
MAPE : 10.789265360948502
R2 Score : 0.8043086631862418
time : 2586.109392457991
