393.753662109375  407.0
442.72344970703125  411.0
516.51953125  497.0
549.759033203125  539.0
523.21728515625  521.0
540.375732421875  520.0
522.56591796875  545.0
371.122802734375  313.0
551.3339233398438  604.0
586.431640625  560.0
507.87799072265625  493.0
385.21759033203125  503.0
484.455810546875  475.0
501.507080078125  500.0
352.32476806640625  348.0
432.4867248535156  419.0
317.1220703125  241.0
237.76930236816406  213.0
386.8908386230469  348.0
629.1749267578125  578.0
521.7243041992188  542.0
502.2147216796875  563.0
465.6993408203125  492.0
535.2484741210938  531.0
504.11883544921875  444.0
371.4425354003906  358.0
367.02410888671875  425.0
392.03204345703125  433.0
247.0920867919922  205.0
561.43310546875  584.0
596.2538452148438  584.0
537.8818359375  615.0
347.99945068359375  330.0
398.5823059082031  384.0
518.53271484375  493.0
231.8636016845703  331.0
559.691162109375  559.0
548.9228515625  537.0
311.7938232421875  393.0
325.8536682128906  397.0
404.4152526855469  498.0
536.951171875  528.0
528.1346435546875  479.0
330.4103698730469  355.0
317.96417236328125  281.0
371.132568359375  401.0
511.00689697265625  484.0
276.333251953125  239.0
411.5274658203125  419.0
273.28082275390625  378.0
286.8022766113281  265.0
548.6224365234375  552.0
539.3793334960938  508.0
284.6298828125  233.0
633.5928955078125  595.0
632.1201171875  618.0
211.1481475830078  223.0
509.63714599609375  470.0
303.59039306640625  310.0
322.2127380371094  324.0
531.3313598632812  563.0
528.137939453125  523.0
206.50953674316406  173.0
434.08538818359375  411.0
627.1856689453125  633.0
565.183837890625  616.0
630.0096435546875  678.0
608.831787109375  590.0
233.20887756347656  213.0
576.3240966796875  579.0
577.5957641601562  566.0
498.026123046875  467.0
278.20220947265625  293.0
513.0701293945312  494.0
320.23162841796875  344.0
258.0768737792969  323.0
561.06591796875  568.0
563.4957275390625  581.0
626.8525390625  669.0
565.3228149414062  557.0
268.76690673828125  348.0
507.750244140625  411.0
573.4713134765625  630.0
627.48486328125  593.0
516.900390625  508.0
562.939697265625  561.0
519.422119140625  551.0
258.6732177734375  219.0
531.6824340820312  495.0
303.4835205078125  191.0
581.267333984375  567.0
406.5430908203125  415.0
272.5450439453125  283.0
538.2676391601562  526.0
500.33642578125  459.0
631.28662109375  765.0
412.31524658203125  353.0
259.034912109375  253.0
326.06317138671875  308.0
396.24066162109375  366.0
MSE : 1926.928666164181
MAPE : 8.51845365028074
R2 Score : 0.885603623683934
time : 3961.8917327540694
