308.27484130859375  241.0
392.5751953125  191.0
722.1959838867188  763.0
363.1014709472656  425.0
186.7129669189453  213.0
546.5521850585938  499.0
559.2924194335938  653.0
532.3190307617188  565.0
380.2926940917969  440.0
518.3630981445312  515.0
537.9364624023438  534.0
599.6921997070312  569.0
625.46337890625  569.0
526.2771606445312  503.0
550.1832275390625  584.0
528.7286987304688  533.0
345.2703857421875  409.0
571.3126220703125  545.0
392.84796142578125  330.0
509.8173828125  539.0
591.0322875976562  538.0
595.5991821289062  550.0
507.6643371582031  499.0
382.4327087402344  398.0
549.3312377929688  584.0
372.8849792480469  378.0
365.88470458984375  187.0
239.77578735351562  192.0
403.33489990234375  355.0
505.8790283203125  493.0
540.2555541992188  549.0
402.00933837890625  384.0
210.3992462158203  243.0
504.7703552246094  512.0
548.7312622070312  556.0
383.22369384765625  593.0
578.5945434570312  557.0
359.645263671875  344.0
537.2557373046875  527.0
301.3575744628906  281.0
528.34326171875  508.0
376.5766906738281  211.0
537.35595703125  492.0
672.0758666992188  577.0
357.8095703125  360.0
590.9783935546875  626.0
320.2878723144531  233.0
521.3998413085938  484.0
394.3786926269531  380.0
322.5401916503906  376.0
186.7168426513672  197.0
363.3988342285156  475.0
505.9158020019531  459.0
386.86175537109375  311.0
543.5946655273438  541.0
371.1322021484375  420.0
342.34320068359375  392.0
599.1340942382812  550.0
325.5709228515625  206.0
434.1954345703125  411.0
510.9837951660156  497.0
514.7557373046875  557.0
406.4460144042969  270.0
429.6874694824219  325.0
382.97662353515625  362.0
385.3255310058594  293.0
530.3465576171875  401.0
397.86602783203125  423.0
391.85797119140625  194.0
374.90057373046875  308.0
514.2727661132812  523.0
540.1126098632812  545.0
326.17584228515625  239.0
547.4142456054688  419.0
1.285946249961853  319.0
609.3065185546875  273.0
390.7741394042969  417.0
325.4472351074219  378.0
522.5048828125  658.0
393.4126892089844  366.0
512.5889892578125  618.0
505.0080871582031  501.0
394.2906799316406  363.0
568.4005126953125  551.0
365.35028076171875  253.0
406.1879577636719  318.0
379.95086669921875  331.0
536.0808715820312  535.0
507.7208557128906  508.0
426.1225891113281  478.0
529.1676635742188  503.0
210.4773712158203  204.0
577.5542602539062  545.0
586.9454956054688  566.0
646.8407592773438  449.0
415.16302490234375  547.0
MSE : 7565.383712617876
MAPE : 17.81558357692817
R2 Score : 0.561170152720699
time : 689.1320853879442
