568.2177124023438  763.0
598.3328247070312  773.0
545.3148193359375  584.0
558.884765625  584.0
387.6211853027344  423.0
504.13861083984375  533.0
279.5376281738281  300.0
513.7988891601562  531.0
471.25970458984375  458.0
274.7336730957031  269.0
526.5765991210938  522.0
578.8637084960938  568.0
403.9408264160156  409.0
386.5827941894531  385.0
521.1461791992188  519.0
600.6297607421875  557.0
639.18798828125  541.0
548.2421875  557.0
567.743408203125  545.0
374.958251953125  433.0
290.23614501953125  310.0
349.3004455566406  389.0
492.3139343261719  488.0
254.82772827148438  265.0
331.6517333984375  324.0
562.18798828125  563.0
205.532958984375  196.0
562.6546020507812  527.0
171.32455444335938  213.0
479.7569885253906  520.0
378.34344482421875  370.0
313.9238586425781  330.0
594.703369140625  589.0
364.6388854980469  373.0
219.4287109375  220.0
243.45843505859375  253.0
561.1134643554688  581.0
355.8660583496094  359.0
413.9709777832031  393.0
526.4529418945312  535.0
235.723388671875  266.0
480.59051513671875  470.0
186.8187713623047  191.0
469.5039978027344  503.0
536.0274658203125  618.0
211.28436279296875  233.0
452.2763366699219  498.0
566.9478759765625  517.0
249.44326782226562  253.0
482.9778747558594  529.0
492.0796203613281  474.0
481.8670654296875  494.0
390.0124816894531  333.0
300.1347961425781  315.0
269.7817077636719  243.0
633.9330444335938  545.0
540.6828002929688  581.0
476.8332824707031  501.0
526.8348999023438  599.0
521.0242309570312  509.0
549.9288940429688  478.0
537.1265258789062  581.0
323.461669921875  345.0
550.2286987304688  538.0
283.0375671386719  239.0
606.558349609375  630.0
606.0219116210938  583.0
549.1127319335938  530.0
523.7146606445312  604.0
508.9422607421875  530.0
405.8131103515625  419.0
197.37432861328125  130.0
406.9206237792969  420.0
730.3335571289062  653.0
200.58551025390625  197.0
203.653564453125  190.0
207.322265625  192.0
213.14791870117188  203.0
375.4936828613281  392.0
291.5929260253906  308.0
218.85232543945312  211.0
558.3367309570312  565.0
423.3885498046875  449.0
512.3517456054688  525.0
578.215576171875  551.0
352.7998962402344  368.0
319.7076110839844  324.0
480.67742919921875  500.0
202.08985900878906  217.0
578.063232421875  685.0
398.66668701171875  374.0
397.2358093261719  401.0
515.8919067382812  539.0
577.234375  643.0
198.3632354736328  241.0
478.600830078125  482.0
582.7376098632812  606.0
553.77197265625  618.0
388.2820129394531  393.0
453.83990478515625  395.0
MSE : 1931.1256134672626
MAPE : 6.819433663696858
R2 Score : 0.9079099798603374
time : 4430.642091793008
