315.3561096191406  241.0
315.3570556640625  191.0
574.25537109375  763.0
315.34814453125  425.0
315.35687255859375  213.0
533.1851806640625  499.0
547.9527587890625  653.0
574.954345703125  565.0
415.91229248046875  440.0
566.8633422851562  515.0
573.0591430664062  534.0
575.3067016601562  569.0
575.0682373046875  618.0
533.458984375  503.0
559.5567626953125  584.0
533.3455200195312  533.0
320.6660461425781  409.0
575.4906616210938  545.0
315.3528137207031  330.0
537.6389770507812  539.0
575.48974609375  538.0
575.2801513671875  550.0
531.3121337890625  499.0
373.0626220703125  398.0
573.7936401367188  584.0
315.3576354980469  378.0
315.35382080078125  187.0
315.3555603027344  192.0
320.7047119140625  355.0
522.6312866210938  493.0
566.812255859375  555.0
393.3429260253906  384.0
315.35455322265625  243.0
522.0939331054688  512.0
575.2357788085938  556.0
575.04736328125  593.0
573.0042114257812  557.0
315.3547668457031  344.0
575.3152465820312  527.0
315.3564147949219  281.0
554.16064453125  508.0
315.35870361328125  211.0
566.7469482421875  549.0
562.8270263671875  492.0
575.2348022460938  577.0
369.8674621582031  360.0
574.8693237304688  589.0
315.3537902832031  233.0
518.1325073242188  484.0
575.065673828125  569.0
315.35040283203125  380.0
341.4005126953125  376.0
315.3561096191406  197.0
321.1409912109375  475.0
522.154052734375  459.0
315.3177795410156  311.0
549.725830078125  541.0
394.9906921386719  420.0
388.9954833984375  392.0
572.5799560546875  550.0
315.35919189453125  206.0
484.6608581542969  411.0
562.4594116210938  497.0
565.8279418945312  557.0
315.3568115234375  251.0
315.3096618652344  325.0
345.8022766113281  362.0
575.2196044921875  626.0
315.35418701171875  293.0
575.4940795898438  401.0
412.8187561035156  423.0
315.35748291015625  194.0
315.354736328125  308.0
532.3217163085938  523.0
572.1525268554688  545.0
315.3562316894531  239.0
515.9581909179688  419.0
315.3572998046875  270.0
315.3249816894531  319.0
321.701416015625  273.0
322.5595703125  417.0
315.35491943359375  378.0
528.3519897460938  658.0
315.35455322265625  366.0
520.2356567382812  618.0
520.6903686523438  501.0
391.47894287109375  363.0
573.99072265625  551.0
315.35467529296875  253.0
315.34698486328125  318.0
315.3515625  331.0
534.4657592773438  535.0
526.3031005859375  508.0
556.3663330078125  478.0
532.3843994140625  503.0
315.359130859375  204.0
414.2645263671875  545.0
575.4751586914062  566.0
528.14697265625  449.0
575.0631713867188  547.0
MSE : 4226.004891788354
MAPE : 14.370812198183422
R2 Score : 0.759982773087996
time : 1130.5940349739976
