598.571044921875  763.0
519.9140014648438  773.0
588.8316040039062  584.0
540.7866821289062  584.0
405.70635986328125  423.0
531.0447998046875  533.0
210.8584747314453  300.0
524.8106689453125  531.0
525.2472534179688  458.0
245.11099243164062  269.0
558.1008911132812  522.0
550.7927856445312  517.0
359.2080383300781  409.0
367.5316467285156  385.0
525.6674194335938  519.0
581.6299438476562  557.0
617.2199096679688  541.0
520.3833618164062  557.0
556.4666137695312  545.0
346.76214599609375  433.0
308.6564025878906  310.0
342.1962890625  392.0
520.8901977539062  488.0
306.9475402832031  265.0
316.25274658203125  324.0
603.38134765625  563.0
211.9464569091797  196.0
538.9097900390625  527.0
194.84994506835938  213.0
538.11865234375  520.0
339.5075988769531  370.0
327.8506774902344  330.0
526.3716430664062  589.0
363.90338134765625  373.0
218.8303680419922  220.0
216.63250732421875  253.0
565.1039428710938  581.0
351.8648376464844  359.0
363.3485412597656  393.0
528.89208984375  535.0
220.74395751953125  266.0
523.5673217773438  470.0
323.204345703125  191.0
538.361328125  503.0
553.167724609375  618.0
209.5528564453125  233.0
532.0765380859375  498.0
234.415771484375  253.0
529.1437377929688  529.0
528.5912475585938  474.0
522.1093139648438  494.0
301.1130676269531  333.0
310.2847595214844  315.0
209.86553955078125  243.0
554.0621337890625  545.0
592.7035522460938  581.0
519.512451171875  501.0
595.8490600585938  599.0
528.3291625976562  509.0
541.0194702148438  478.0
525.9193115234375  581.0
306.06060791015625  345.0
586.2307739257812  538.0
275.442138671875  239.0
555.860595703125  630.0
569.4060668945312  583.0
534.3619995117188  530.0
518.6747436523438  604.0
529.3832397460938  530.0
407.5767517089844  419.0
201.10150146484375  130.0
315.8217468261719  420.0
616.97021484375  653.0
221.3541259765625  197.0
193.31951904296875  190.0
197.6121368408203  192.0
212.7535400390625  203.0
332.9485168457031  308.0
219.87933349609375  211.0
535.4586181640625  565.0
454.5633239746094  449.0
524.6085815429688  525.0
550.4895629882812  551.0
367.5352478027344  368.0
314.0040588378906  324.0
534.9804077148438  500.0
210.83200073242188  217.0
579.25  685.0
408.2191467285156  374.0
375.1346740722656  393.0
527.5689697265625  539.0
602.6390991210938  643.0
299.65582275390625  241.0
537.4016723632812  482.0
559.2933959960938  606.0
612.3193969726562  618.0
392.4924011230469  395.0
MSE : 2563.1399522685956
MAPE : 8.479249658227191
R2 Score : 0.8802649119332648
time : 1043.0073249250418
