289.98480224609375  241.0
173.59857177734375  191.0
625.0848388671875  763.0
377.5775146484375  425.0
189.15196228027344  213.0
417.802978515625  499.0
715.3485717773438  653.0
523.5203247070312  565.0
477.7163391113281  440.0
597.2958984375  515.0
498.30670166015625  534.0
581.4356689453125  569.0
566.4998779296875  569.0
579.2803344726562  503.0
576.8369750976562  584.0
558.5164794921875  533.0
307.3539123535156  409.0
567.6900024414062  545.0
279.9621887207031  330.0
495.4101867675781  539.0
611.4912109375  538.0
595.6624145507812  550.0
497.3240966796875  499.0
390.6950988769531  398.0
547.1988525390625  584.0
291.1888732910156  378.0
173.26773071289062  187.0
214.9320068359375  192.0
385.8403015136719  355.0
501.4483337402344  493.0
492.0269775390625  549.0
386.6646423339844  384.0
159.84278869628906  243.0
461.5140075683594  512.0
522.8187255859375  556.0
564.9471435546875  593.0
593.4322509765625  557.0
347.8424072265625  344.0
507.3194274902344  527.0
238.9877166748047  281.0
532.0061645507812  508.0
219.24794006347656  211.0
464.22857666015625  492.0
613.008056640625  577.0
410.8365783691406  360.0
593.5653686523438  626.0
192.53192138671875  233.0
431.72589111328125  484.0
311.614990234375  380.0
284.1282653808594  376.0
180.72064208984375  197.0
423.18218994140625  475.0
615.4158935546875  459.0
137.43447875976562  311.0
429.5331726074219  541.0
490.45404052734375  420.0
371.50213623046875  392.0
468.5478515625  550.0
209.17189025878906  206.0
514.9224853515625  411.0
494.4019775390625  497.0
503.1309814453125  557.0
279.369140625  270.0
113.20829772949219  325.0
392.6094970703125  362.0
213.29820251464844  293.0
429.1798400878906  401.0
506.83148193359375  423.0
210.9794464111328  194.0
316.3271484375  308.0
542.9835815429688  523.0
498.8272705078125  545.0
293.54681396484375  239.0
443.6012878417969  419.0
272.7704772949219  319.0
4.458570957183838  273.0
408.0726318359375  417.0
262.1208801269531  378.0
675.7354736328125  658.0
172.9706573486328  366.0
535.3746948242188  618.0
486.9161682128906  501.0
421.0711975097656  363.0
610.5055541992188  551.0
242.7527618408203  253.0
337.88629150390625  318.0
169.51754760742188  331.0
497.93780517578125  535.0
511.49688720703125  508.0
455.9738464355469  478.0
463.2714538574219  503.0
197.1535186767578  204.0
410.0259704589844  545.0
565.4811401367188  566.0
450.29901123046875  449.0
566.7208251953125  547.0
MSE : 4983.641806006531
MAPE : 12.901112232564854
R2 Score : 0.7109240118281033
time : 772.7756316900486
