517.2246704101562  650.0
389.6627502441406  433.0
522.7617797851562  522.0
320.9329528808594  304.0
321.3292541503906  424.0
542.1068725585938  557.0
546.1283569335938  552.0
521.056640625  508.0
492.37921142578125  493.0
504.4418029785156  532.0
408.4193420410156  387.0
504.9692687988281  539.0
586.4609375  604.0
253.9538116455078  348.0
500.8260498046875  544.0
345.51519775390625  389.0
385.924072265625  418.0
556.0506591796875  513.0
338.3553466796875  413.0
520.0615844726562  528.0
260.9193420410156  270.0
357.6902160644531  388.0
295.27655029296875  316.0
397.4813537597656  407.0
536.56396484375  587.0
200.758056640625  173.0
512.9625854492188  526.0
214.58204650878906  217.0
367.1932067871094  433.0
328.5575256347656  366.0
587.837646484375  613.0
546.4996948242188  593.0
299.32855224609375  191.0
608.89892578125  773.0
519.8988037109375  495.0
514.0887451171875  508.0
454.2646179199219  500.0
374.38006591796875  393.0
364.4479675292969  425.0
516.1871948242188  512.0
452.9184265136719  475.0
586.9138793945312  673.0
369.8998107910156  353.0
559.318359375  557.0
532.2294921875  535.0
612.8272094726562  595.0
329.1213684082031  318.0
611.4031982421875  763.0
545.083984375  590.0
555.6617431640625  668.0
561.9825439453125  559.0
556.57421875  555.0
490.34307861328125  474.0
540.6939697265625  560.0
338.5450744628906  333.0
361.1308898925781  373.0
525.6229248046875  632.0
417.44708251953125  538.0
610.5865478515625  763.0
545.3597412109375  565.0
335.76544189453125  330.0
371.7649230957031  348.0
389.8271179199219  409.0
514.6005249023438  521.0
489.1215515136719  505.0
213.0121307373047  331.0
334.4657897949219  379.0
236.1229248046875  218.0
543.0726318359375  563.0
502.5683898925781  520.0
326.3043518066406  359.0
401.99871826171875  393.0
356.244384765625  386.0
604.47607421875  616.0
210.9700469970703  233.0
250.43260192871094  273.0
398.3547058105469  415.0
605.83056640625  618.0
215.14991760253906  213.0
340.5048522949219  330.0
335.7260437011719  362.0
250.37010192871094  207.0
607.4117431640625  577.0
503.2789001464844  508.0
478.4145812988281  507.0
527.3005981445312  672.0
380.32379150390625  384.0
598.0227661132812  607.0
293.53277587890625  279.0
443.0946960449219  493.0
350.4509582519531  377.0
345.65625  345.0
368.3678283691406  363.0
590.71435546875  565.0
482.0098876953125  488.0
343.9693298339844  256.0
534.616455078125  551.0
545.8866577148438  539.0
395.7795104980469  411.0
367.3919372558594  392.0
MSE : 2703.794046847287
MAPE : 7.880623003764169
R2 Score : 0.8453340178865105
time : 610.9456283560721
