564.2291870117188  533.0
589.0525512695312  552.0
528.566162109375  530.0
488.4607238769531  500.0
512.109619140625  522.0
407.1565856933594  384.0
528.5637817382812  569.0
597.4247436523438  765.0
290.22210693359375  239.0
294.8782653808594  251.0
451.1101379394531  538.0
413.9453125  387.0
518.3110961914062  529.0
317.2379455566406  344.0
501.1644592285156  512.0
419.71881103515625  420.0
562.571533203125  587.0
233.16876220703125  203.0
549.5274047851562  551.0
387.1467590332031  389.0
438.9488525390625  411.0
205.0912628173828  217.0
412.1997375488281  394.0
553.5903930664062  538.0
580.892822265625  573.0
537.1132202148438  517.0
507.9114990234375  600.0
538.2203979492188  577.0
515.15185546875  503.0
608.4945678710938  562.0
269.579345703125  195.0
546.3179321289062  554.0
565.8504028320312  566.0
565.2658081054688  560.0
272.1874084472656  278.0
580.6056518554688  653.0
541.58544921875  552.0
327.0792236328125  304.0
442.7439270019531  363.0
241.4752960205078  207.0
404.86676025390625  482.0
537.5209350585938  545.0
560.1022338867188  568.0
399.75506591796875  409.0
587.3377685546875  584.0
509.4460144042969  493.0
209.780517578125  203.0
524.5703735351562  508.0
221.43150329589844  216.0
324.3653869628906  199.0
634.7825317382812  649.0
221.09890747070312  195.0
338.1238098144531  343.0
389.8765869140625  433.0
532.9677124023438  551.0
512.0892944335938  534.0
608.966064453125  583.0
521.0748901367188  535.0
515.2171020507812  624.0
610.39599609375  604.0
459.1825256347656  548.0
513.1546020507812  503.0
320.8382263183594  373.0
605.8618774414062  592.0
357.94744873046875  330.0
497.1294250488281  505.0
504.6578674316406  532.0
630.37109375  547.0
497.1755676269531  481.0
426.61859130859375  401.0
319.0707702636719  249.0
400.9941711425781  388.0
533.4935302734375  549.0
504.71173095703125  474.0
351.05560302734375  359.0
408.7762756347656  378.0
312.3346252441406  253.0
593.1741943359375  550.0
489.8142395019531  473.0
370.75726318359375  353.0
395.0021057128906  378.0
698.8639526367188  595.0
521.6162109375  530.0
390.8279113769531  396.0
483.9757995605469  459.0
353.2096252441406  378.0
541.9525146484375  563.0
336.7619323730469  424.0
238.1933135986328  223.0
615.3569946289062  621.0
230.57395935058594  221.0
377.8546447753906  392.0
636.9214477539062  669.0
396.7399597167969  360.0
523.239990234375  525.0
477.28594970703125  500.0
518.135498046875  526.0
578.4404907226562  560.0
494.4683532714844  484.0
523.5173950195312  542.0
MSE : 1786.9586738114363
MAPE : 7.353053631029943
R2 Score : 0.8941986052133895
time : 1914.1860181250377
