558.7620239257812  763.0
558.7379150390625  773.0
558.6126708984375  584.0
558.7659301757812  584.0
428.0093688964844  423.0
558.6870727539062  533.0
351.59625244140625  300.0
558.7634887695312  531.0
557.620849609375  458.0
350.5294189453125  269.0
558.6373291015625  522.0
558.7454833984375  568.0
351.79864501953125  409.0
425.0924987792969  385.0
558.8482666015625  519.0
558.7340087890625  557.0
558.5631713867188  541.0
558.7373046875  557.0
558.674072265625  545.0
397.6979064941406  433.0
351.6058044433594  310.0
419.35693359375  389.0
558.7611083984375  488.0
351.53411865234375  265.0
351.5667419433594  324.0
558.6411743164062  563.0
224.80787658691406  196.0
558.648193359375  527.0
351.5130920410156  213.0
558.701904296875  520.0
412.2978515625  370.0
351.7388916015625  330.0
558.71923828125  589.0
414.3792724609375  373.0
224.8079376220703  220.0
224.8096160888672  253.0
558.68212890625  581.0
354.4628601074219  359.0
351.5228576660156  393.0
558.7540283203125  535.0
333.4132385253906  266.0
558.7638549804688  470.0
224.80677795410156  191.0
442.0146789550781  503.0
558.7835693359375  618.0
351.6136169433594  233.0
558.0162353515625  498.0
558.744140625  517.0
224.8197784423828  253.0
558.798828125  529.0
558.709716796875  474.0
558.780029296875  494.0
351.9994812011719  333.0
351.5918884277344  315.0
351.5899963378906  243.0
558.6520385742188  545.0
558.6895751953125  581.0
558.78173828125  501.0
558.6993408203125  599.0
558.7774658203125  509.0
558.7487182617188  478.0
558.763916015625  581.0
426.5881652832031  345.0
558.65283203125  538.0
224.8079376220703  239.0
558.6873779296875  630.0
558.7828369140625  583.0
558.8073120117188  530.0
558.810791015625  604.0
558.713134765625  530.0
431.7790832519531  419.0
224.8066864013672  130.0
414.7338562011719  420.0
558.8204345703125  653.0
227.40147399902344  197.0
224.80816650390625  190.0
224.8072967529297  192.0
351.4898376464844  203.0
412.9028015136719  392.0
224.80873107910156  308.0
349.17626953125  211.0
558.714111328125  565.0
522.2431640625  449.0
558.75927734375  525.0
558.6229858398438  551.0
427.8017883300781  368.0
351.5732116699219  324.0
558.708984375  500.0
352.2745361328125  217.0
558.332763671875  685.0
426.33856201171875  374.0
419.63006591796875  401.0
558.7066040039062  539.0
558.7041015625  643.0
351.4482421875  241.0
558.70751953125  482.0
558.4971923828125  606.0
558.708984375  618.0
425.8563537597656  393.0
420.5135498046875  395.0
MSE : 4193.890509649632
MAPE : 14.096371548469488
R2 Score : 0.8000050028834017
time : 1069.9756833810825
