687.9932861328125  763.0
564.558349609375  773.0
526.57861328125  584.0
567.91943359375  584.0
434.7232971191406  423.0
500.4679260253906  533.0
342.7462158203125  300.0
549.7220458984375  531.0
514.2955932617188  458.0
321.45379638671875  269.0
520.95947265625  522.0
541.650146484375  517.0
300.9515075683594  409.0
413.9397277832031  385.0
515.5328369140625  519.0
575.4901733398438  557.0
420.8623352050781  541.0
493.8843994140625  557.0
534.5296630859375  545.0
392.444580078125  433.0
307.3225402832031  310.0
414.2475891113281  392.0
504.0750427246094  488.0
340.4456787109375  265.0
318.703369140625  324.0
507.8376159667969  563.0
210.42776489257812  196.0
534.1813354492188  527.0
166.2669677734375  213.0
491.632568359375  520.0
407.8696594238281  370.0
337.6842956542969  330.0
534.2680053710938  589.0
334.8215026855469  373.0
259.43951416015625  220.0
219.9552001953125  253.0
557.3927001953125  581.0
366.3320617675781  359.0
415.7630920410156  393.0
533.004638671875  535.0
305.4793395996094  266.0
492.8567810058594  470.0
406.8052978515625  191.0
467.7393798828125  503.0
552.3138427734375  618.0
260.86468505859375  233.0
470.9433288574219  498.0
227.21499633789062  253.0
495.7343444824219  529.0
472.5881042480469  474.0
487.8316955566406  494.0
277.60345458984375  333.0
309.8629455566406  315.0
243.2830810546875  243.0
557.2816772460938  545.0
550.6930541992188  581.0
504.1397399902344  501.0
467.3516845703125  599.0
516.9547729492188  509.0
549.7389526367188  478.0
544.936767578125  581.0
321.1246337890625  345.0
595.687744140625  538.0
249.6710205078125  239.0
537.0294189453125  630.0
647.38671875  583.0
586.4520874023438  530.0
589.5186767578125  604.0
527.0750122070312  530.0
423.1954040527344  419.0
145.29837036132812  130.0
403.5160217285156  420.0
649.1542358398438  653.0
229.11923217773438  197.0
184.72401428222656  190.0
201.85824584960938  192.0
209.6082000732422  203.0
324.9683532714844  308.0
231.29620361328125  211.0
588.4374389648438  565.0
415.0904846191406  449.0
539.5017700195312  525.0
558.0753784179688  551.0
407.3326416015625  368.0
316.2569580078125  324.0
489.43682861328125  500.0
227.73406982421875  217.0
555.12353515625  685.0
368.1175537109375  374.0
406.1363525390625  393.0
505.7553405761719  539.0
633.1629638671875  643.0
310.82171630859375  241.0
459.70587158203125  482.0
532.17919921875  606.0
558.852294921875  618.0
413.0931701660156  395.0
MSE : 2711.109568389454
MAPE : 8.891829888524313
R2 Score : 0.8733526264758317
time : 7040.2331153530395
