343.95648193359375  321.0
548.8834228515625  584.0
580.9554443359375  568.0
233.81967163085938  302.0
259.4607849121094  348.0
525.6376953125  493.0
332.5238037109375  324.0
436.3937683105469  393.0
321.60186767578125  293.0
531.8458251953125  527.0
392.15081787109375  318.0
573.1707153320312  584.0
413.40362548828125  403.0
518.8689575195312  530.0
243.27005004882812  272.0
239.33111572265625  240.0
364.9083251953125  378.0
581.7870483398438  550.0
314.91705322265625  333.0
324.3951110839844  310.0
575.500732421875  575.0
595.5214233398438  569.0
500.18499755859375  488.0
365.54376220703125  314.0
211.89361572265625  221.0
517.7503051757812  550.0
235.23696899414062  253.0
484.5078125  538.0
357.5076599121094  397.0
493.0709228515625  467.0
405.0618896484375  377.0
391.9197082519531  392.0
392.2548828125  378.0
657.652099609375  763.0
291.33056640625  283.0
239.86865234375  223.0
414.61724853515625  419.0
463.55712890625  493.0
216.7017059326172  209.0
536.5424194335938  563.0
663.6824340820312  763.0
553.476318359375  520.0
553.9317626953125  581.0
380.1501159667969  370.0
586.7308349609375  565.0
533.696533203125  520.0
247.62451171875  270.0
213.3998260498047  194.0
328.40582275390625  318.0
381.8978271484375  398.0
508.13812255859375  526.0
601.2578735351562  773.0
422.40411376953125  411.0
325.9877014160156  379.0
358.92047119140625  348.0
575.25048828125  613.0
569.2945556640625  584.0
533.1763916015625  549.0
544.816162109375  555.0
236.14076232910156  233.0
445.820068359375  478.0
676.8936767578125  678.0
568.682861328125  541.0
553.1954345703125  513.0
534.088623046875  530.0
503.280029296875  522.0
572.3307495117188  573.0
544.1458129882812  560.0
587.9722900390625  552.0
237.75790405273438  207.0
374.21490478515625  360.0
470.696533203125  191.0
206.2910919189453  213.0
361.2505798339844  359.0
646.015869140625  623.0
559.1701049804688  537.0
495.88623046875  459.0
628.80517578125  523.0
436.37042236328125  423.0
488.2298583984375  512.0
572.79931640625  539.0
386.9091796875  392.0
405.63934326171875  387.0
524.0513305664062  542.0
190.18695068359375  130.0
453.723388671875  548.0
491.682373046875  475.0
234.13330078125  272.0
275.29931640625  311.0
701.2276611328125  633.0
350.196044921875  337.0
515.7207641601562  484.0
224.5301055908203  203.0
451.0871276855469  600.0
MSE : 2598.91221430575
MAPE : 8.533061993687054
R2 Score : 0.8711347658892497
time : 3095.638979293988
