510.1855163574219  520.0
413.76385498046875  420.0
350.81365966796875  333.0
375.72344970703125  362.0
539.8028564453125  618.0
582.9890747070312  565.0
603.2700805664062  593.0
281.8717346191406  253.0
581.5800170898438  577.0
401.47686767578125  396.0
412.9423522949219  421.0
503.3172607421875  488.0
395.35675048828125  315.0
279.9349365234375  293.0
524.1375122070312  569.0
182.34339904785156  192.0
311.96478271484375  330.0
267.7563171386719  268.0
305.6412048339844  311.0
510.3229064941406  508.0
243.5578155517578  239.0
373.07440185546875  398.0
610.43212890625  616.0
605.9631958007812  569.0
486.9862365722656  479.0
547.7398681640625  531.0
305.7565002441406  315.0
581.0638427734375  519.0
540.3446655273438  563.0
211.99522399902344  203.0
577.503173828125  618.0
496.0029296875  449.0
493.425537109375  580.0
563.2604370117188  529.0
375.63824462890625  187.0
371.784423828125  373.0
268.38262939453125  233.0
276.46136474609375  251.0
295.373291015625  283.0
557.7888793945312  561.0
366.9504089355469  348.0
356.1384582519531  333.0
348.1744689941406  378.0
633.857666015625  590.0
368.0890197753906  379.0
223.4233856201172  196.0
578.1754150390625  533.0
516.7553100585938  519.0
358.68212890625  425.0
320.23480224609375  281.0
530.2642822265625  554.0
599.0342407226562  773.0
590.1912841796875  550.0
573.6778564453125  566.0
497.4237976074219  458.0
388.6901550292969  384.0
400.55181884765625  393.0
183.25831604003906  203.0
584.7434692382812  579.0
503.36602783203125  549.0
332.9242248535156  327.0
314.2088317871094  318.0
440.6998596191406  419.0
342.2907409667969  279.0
359.3931884765625  304.0
378.3698425292969  373.0
485.5057373046875  484.0
309.2761535644531  300.0
369.7287902832031  392.0
491.89410400390625  503.0
686.3253784179688  595.0
217.54095458984375  243.0
217.19166564941406  225.0
607.1498413085938  541.0
353.4242248535156  344.0
704.3472290039062  763.0
493.77740478515625  473.0
549.0732421875  554.0
516.0673828125  529.0
308.5064697265625  348.0
239.8181915283203  273.0
554.0640869140625  584.0
547.8594970703125  508.0
528.9267578125  520.0
297.50518798828125  365.0
614.8794555664062  563.0
429.47760009765625  423.0
313.13623046875  349.0
572.7645263671875  538.0
505.0407409667969  493.0
533.8923950195312  523.0
481.68292236328125  493.0
559.802978515625  559.0
588.930419921875  551.0
MSE : 1771.2279254353302
MAPE : 7.253106211059714
R2 Score : 0.9001867043394889
time : 3036.800107305986
