309.3357238769531  241.0
299.6177062988281  191.0
673.66064453125  763.0
335.2562255859375  425.0
205.43739318847656  213.0
525.521240234375  499.0
678.3175659179688  653.0
580.2423706054688  565.0
452.705322265625  440.0
523.2890014648438  515.0
522.2523803710938  534.0
611.8088989257812  569.0
649.3242797851562  569.0
541.8961181640625  503.0
572.4224243164062  584.0
536.168701171875  533.0
383.7706604003906  409.0
550.9269409179688  545.0
308.3798828125  330.0
511.5336608886719  539.0
560.15771484375  538.0
594.800048828125  550.0
502.2154541015625  499.0
393.5798034667969  398.0
548.046630859375  584.0
343.1753845214844  378.0
327.5146179199219  187.0
180.7908172607422  192.0
368.2168884277344  355.0
504.69952392578125  493.0
540.8468017578125  549.0
379.7572021484375  384.0
219.89292907714844  243.0
483.15631103515625  512.0
563.57861328125  556.0
658.8294677734375  593.0
592.9480590820312  557.0
334.66510009765625  344.0
525.4471435546875  527.0
322.1707458496094  281.0
542.66845703125  508.0
210.2550506591797  211.0
509.4462585449219  492.0
567.3665771484375  577.0
422.52398681640625  360.0
593.1901245117188  626.0
226.23858642578125  233.0
529.1832275390625  484.0
405.0700988769531  380.0
329.25323486328125  376.0
185.1551055908203  197.0
410.84326171875  475.0
478.7321472167969  459.0
232.4604034423828  311.0
533.2160034179688  541.0
415.09393310546875  420.0
389.528564453125  392.0
526.4437255859375  550.0
204.58206176757812  206.0
423.1358642578125  411.0
519.122314453125  497.0
550.6063232421875  557.0
319.2750549316406  270.0
296.6575927734375  325.0
376.69281005859375  362.0
291.239013671875  293.0
442.46246337890625  401.0
440.96478271484375  423.0
169.4342803955078  194.0
322.87274169921875  308.0
541.1381225585938  523.0
557.1893920898438  545.0
292.6153259277344  239.0
460.6005859375  419.0
250.7904510498047  319.0
132.1151885986328  273.0
372.51641845703125  417.0
345.8600158691406  378.0
589.51123046875  658.0
348.5086975097656  366.0
578.9138793945312  618.0
511.0780334472656  501.0
367.8894958496094  363.0
531.7669067382812  551.0
263.63885498046875  253.0
366.7714538574219  318.0
264.495361328125  331.0
531.2001953125  535.0
526.8365478515625  508.0
439.0946350097656  478.0
518.6596069335938  503.0
184.0988311767578  204.0
463.92340087890625  545.0
590.760498046875  566.0
498.438720703125  449.0
611.6051635742188  547.0
MSE : 1804.9435930969146
MAPE : 8.576496898743635
R2 Score : 0.8953043029416426
time : 1527.4964930880815
