647.5407104492188  763.0
530.2321166992188  773.0
495.2138366699219  584.0
525.655517578125  584.0
414.8421325683594  423.0
497.2982482910156  533.0
317.5058288574219  300.0
535.0942993164062  531.0
500.7991027832031  458.0
259.3652038574219  269.0
531.6229248046875  522.0
537.392578125  568.0
414.7984619140625  409.0
434.8603820800781  385.0
500.6116027832031  519.0
602.014892578125  557.0
492.9994201660156  541.0
536.16943359375  557.0
537.1848754882812  545.0
417.64031982421875  433.0
234.25717163085938  310.0
438.3425598144531  389.0
492.8152160644531  488.0
340.271484375  265.0
260.42010498046875  324.0
564.8509521484375  563.0
213.54893493652344  196.0
529.6755981445312  527.0
219.53480529785156  213.0
555.6624145507812  520.0
415.8401794433594  370.0
262.7008361816406  330.0
546.5888671875  589.0
428.16400146484375  373.0
259.2062683105469  220.0
254.91416931152344  253.0
563.1817626953125  581.0
416.8308410644531  359.0
385.58349609375  393.0
514.1824951171875  535.0
258.8910827636719  266.0
506.0101623535156  470.0
254.48069763183594  191.0
537.4970703125  503.0
508.4677734375  618.0
272.98101806640625  233.0
528.1192626953125  498.0
533.8579711914062  517.0
328.24847412109375  253.0
493.6113586425781  529.0
494.9005126953125  474.0
502.9529113769531  494.0
420.30523681640625  333.0
238.12417602539062  315.0
372.2651672363281  243.0
558.9569091796875  545.0
488.5315856933594  581.0
492.13739013671875  501.0
499.0183410644531  599.0
512.9153442382812  509.0
584.6717529296875  478.0
482.9676208496094  581.0
387.56317138671875  345.0
529.6121826171875  538.0
214.97357177734375  239.0
630.5317993164062  630.0
495.7681579589844  583.0
569.4303588867188  530.0
531.050537109375  604.0
511.1069641113281  530.0
416.097900390625  419.0
234.4476776123047  130.0
340.5216979980469  420.0
625.29638671875  653.0
215.7558135986328  197.0
221.81602478027344  190.0
212.38145446777344  192.0
222.31033325195312  203.0
420.2439880371094  392.0
331.203125  308.0
319.2525939941406  211.0
616.62646484375  565.0
548.7640380859375  449.0
512.6583251953125  525.0
547.9510498046875  551.0
403.8941345214844  368.0
249.92027282714844  324.0
555.7017822265625  500.0
240.50254821777344  217.0
535.6668090820312  685.0
438.0240173339844  374.0
439.25091552734375  401.0
529.7281494140625  539.0
649.6834716796875  643.0
242.05747985839844  241.0
555.2191162109375  482.0
576.2686157226562  606.0
625.36865234375  618.0
437.7767028808594  393.0
434.6465759277344  395.0
MSE : 3432.3607659338204
MAPE : 11.347947615376054
R2 Score : 0.8363202425274073
time : 1547.217789154034
