248.0371856689453  241.0
179.7333984375  191.0
619.3922729492188  763.0
341.6084289550781  425.0
228.36460876464844  213.0
515.6821899414062  499.0
604.2831420898438  653.0
607.7220458984375  565.0
452.81011962890625  440.0
526.9072875976562  515.0
582.5994262695312  534.0
617.1860961914062  569.0
619.3255004882812  618.0
510.2353820800781  503.0
578.8824462890625  584.0
509.93487548828125  533.0
404.008544921875  409.0
577.2570190429688  545.0
323.57855224609375  330.0
518.3841552734375  539.0
575.1779174804688  538.0
617.679931640625  550.0
491.2469482421875  499.0
395.3791809082031  398.0
551.6691284179688  584.0
343.456298828125  378.0
374.2041015625  187.0
206.51991271972656  192.0
360.58343505859375  355.0
497.9171142578125  493.0
541.9916381835938  555.0
359.45086669921875  384.0
291.384033203125  243.0
483.7950744628906  512.0
569.990478515625  556.0
590.208251953125  593.0
617.64990234375  557.0
335.4421691894531  344.0
557.3829956054688  527.0
321.4095764160156  281.0
526.7520751953125  508.0
262.71929931640625  211.0
532.7056274414062  549.0
557.28759765625  492.0
588.8893432617188  577.0
397.58544921875  360.0
616.1654663085938  589.0
229.22422790527344  233.0
516.5509643554688  484.0
608.3954467773438  569.0
356.04937744140625  380.0
341.1121826171875  376.0
208.55674743652344  197.0
457.5142517089844  475.0
490.42218017578125  459.0
398.2287902832031  311.0
548.09375  541.0
427.5487365722656  420.0
375.1526794433594  392.0
606.874267578125  550.0
256.5245666503906  206.0
451.7945861816406  411.0
525.0697631835938  497.0
529.4121704101562  557.0
273.743408203125  251.0
328.133056640625  325.0
393.66729736328125  362.0
617.3202514648438  626.0
276.5762023925781  293.0
499.22296142578125  401.0
422.3457946777344  423.0
206.1748809814453  194.0
295.45721435546875  308.0
510.6470031738281  523.0
531.0880126953125  545.0
255.8359832763672  239.0
441.38739013671875  419.0
315.40875244140625  270.0
294.9832458496094  319.0
434.96075439453125  273.0
408.5784912109375  417.0
342.44781494140625  378.0
617.422119140625  658.0
171.10256958007812  366.0
572.4479370117188  618.0
489.9350891113281  501.0
335.8673400878906  363.0
545.0267333984375  551.0
276.52984619140625  253.0
323.78411865234375  318.0
323.97113037109375  331.0
612.1053466796875  535.0
534.280029296875  508.0
466.8498229980469  478.0
501.1580810546875  503.0
189.6736602783203  204.0
550.9278564453125  545.0
615.9063720703125  566.0
432.0766296386719  449.0
620.2130737304688  547.0
MSE : 2278.331681811167
MAPE : 8.523826260383373
R2 Score : 0.8706014625499716
time : 3099.8213904239237
