654.3965454101562  763.0
608.3516845703125  773.0
561.3179321289062  584.0
554.6347045898438  584.0
411.6246032714844  423.0
530.8284912109375  533.0
365.2632751464844  300.0
500.03466796875  531.0
523.6165771484375  458.0
308.5488586425781  269.0
569.1458740234375  522.0
554.6022338867188  517.0
435.9007873535156  409.0
413.9546203613281  385.0
509.4936828613281  519.0
593.18505859375  557.0
543.9826049804688  541.0
517.3833618164062  557.0
476.84344482421875  545.0
380.0514221191406  433.0
44.96451950073242  310.0
427.7617492675781  392.0
475.6322326660156  488.0
278.74774169921875  265.0
217.7505645751953  324.0
552.1434326171875  563.0
230.2486114501953  196.0
526.8093872070312  527.0
178.04222106933594  213.0
508.6615905761719  520.0
403.9561462402344  370.0
45.09393310546875  330.0
572.2772216796875  589.0
409.6886291503906  373.0
214.45925903320312  220.0
361.7622985839844  253.0
565.6480712890625  581.0
428.6319274902344  359.0
474.2222595214844  393.0
498.4408874511719  535.0
334.9836120605469  266.0
487.1369323730469  470.0
502.5340881347656  191.0
543.7479858398438  503.0
505.2830505371094  618.0
110.77794647216797  233.0
442.1440124511719  498.0
343.749267578125  253.0
533.1431274414062  529.0
532.71240234375  474.0
496.15655517578125  494.0
419.1314392089844  333.0
76.96430206298828  315.0
12.706708908081055  243.0
548.0652465820312  545.0
555.8623657226562  581.0
479.2863464355469  501.0
509.5438537597656  599.0
521.7837524414062  509.0
519.24658203125  478.0
562.4131469726562  581.0
263.9940490722656  345.0
591.1456909179688  538.0
277.0311279296875  239.0
548.4290771484375  630.0
649.6934814453125  583.0
535.7734375  530.0
601.514404296875  604.0
505.8144836425781  530.0
415.0805969238281  419.0
409.2945861816406  130.0
406.3631896972656  420.0
650.970458984375  653.0
287.2729187011719  197.0
171.16770935058594  190.0
266.2141418457031  192.0
206.8009796142578  203.0
247.0254669189453  308.0
268.88201904296875  211.0
585.41259765625  565.0
466.1153259277344  449.0
499.79931640625  525.0
575.283203125  551.0
253.59019470214844  368.0
178.94393920898438  324.0
489.9338684082031  500.0
3.0420427322387695  217.0
480.25439453125  685.0
343.9388732910156  374.0
472.06060791015625  393.0
491.4411315917969  539.0
651.39599609375  643.0
328.0929870605469  241.0
532.173828125  482.0
560.6878051757812  606.0
534.0606689453125  618.0
401.7943420410156  395.0
MSE : 8359.681451634255
MAPE : 19.50218680572477
R2 Score : 0.6094839870388828
time : 992.0849628740689
