506.85040283203125  481.0
547.3602294921875  561.0
529.038330078125  549.0
533.9810180664062  520.0
528.7947998046875  503.0
510.43829345703125  599.0
354.718994140625  393.0
519.394287109375  520.0
262.66217041015625  283.0
325.2020263671875  327.0
198.7542266845703  221.0
389.6826171875  345.0
562.4788818359375  411.0
544.92578125  562.0
260.13800048828125  300.0
397.76324462890625  273.0
357.9971618652344  298.0
399.2806701660156  363.0
318.0870361328125  330.0
575.3687133789062  603.0
313.0505676269531  319.0
512.399169921875  526.0
186.94091796875  188.0
405.6943359375  406.0
419.7301330566406  432.0
346.3996887207031  376.0
393.7921142578125  324.0
565.2877807617188  551.0
550.1710815429688  575.0
401.4397888183594  358.0
324.268310546875  350.0
408.76708984375  440.0
557.653076171875  584.0
368.5461730957031  243.0
564.5645141601562  533.0
419.51483154296875  417.0
538.5388793945312  490.0
404.5341796875  407.0
421.29864501953125  459.0
673.5745239257812  563.0
502.20733642578125  518.0
369.36004638671875  379.0
317.0668029785156  387.0
412.81329345703125  423.0
508.96368408203125  528.0
227.9068603515625  266.0
366.15191650390625  378.0
256.5699462890625  207.0
438.6986083984375  444.0
393.38165283203125  315.0
368.28216552734375  374.0
319.2863464355469  331.0
518.3596801757812  568.0
507.9725036621094  507.0
391.044677734375  333.0
523.8810424804688  545.0
554.1459350585938  475.0
380.45843505859375  355.0
540.7489624023438  512.0
224.435546875  223.0
382.6136779785156  387.0
536.6876831054688  488.0
412.89801025390625  419.0
406.40771484375  444.0
259.5003967285156  251.0
537.0807495117188  550.0
310.13494873046875  253.0
290.8758239746094  256.0
509.78228759765625  508.0
546.2119750976562  563.0
510.7232360839844  482.0
352.88397216796875  331.0
443.5741882324219  493.0
563.1593627929688  544.0
563.7263793945312  513.0
317.9407043457031  330.0
512.4188232421875  521.0
585.9406127929688  621.0
397.3211975097656  318.0
566.137451171875  519.0
265.14971923828125  268.0
510.4988098144531  539.0
309.4132080078125  316.0
332.05682373046875  430.0
520.2568969726562  502.0
226.8509063720703  223.0
533.1315307617188  486.0
331.21282958984375  348.0
545.42333984375  533.0
382.2147216796875  396.0
373.9889831542969  328.0
332.072509765625  413.0
551.0765991210938  669.0
409.4884033203125  397.0
359.4990234375  385.0
586.5150756835938  545.0
556.722412109375  503.0
321.4247131347656  272.0
587.2267456054688  590.0
586.3926391601562  545.0
MSE : 2058.847788597387
MAPE : 8.560598065434105
R2 Score : 0.8387906771529074
time : 1068.8578375329962
